size	16
T	4
J	1
H	0
step-init_step	E	m
0	-1	1
10	-0.96875	0.984375
20	-0.945312	0.96875
30	-0.929688	0.960938
40	-0.929688	0.960938
50	-0.914062	0.953125
60	-0.867188	0.929688
70	-0.84375	0.914062
80	-0.828125	0.90625
90	-0.820312	0.90625
100	-0.820312	0.90625
110	-0.789062	0.882812
120	-0.789062	0.882812
130	-0.78125	0.875
140	-0.742188	0.84375
150	-0.734375	0.835938
160	-0.71875	0.828125
170	-0.710938	0.8125
180	-0.679688	0.796875
190	-0.640625	0.773438
200	-0.609375	0.75
210	-0.640625	0.765625
220	-0.664062	0.773438
230	-0.6875	0.773438
240	-0.695312	0.78125
250	-0.679688	0.78125
260	-0.6875	0.789062
270	-0.664062	0.78125
280	-0.703125	0.8125
290	-0.679688	0.796875
300	-0.679688	0.796875
310	-0.632812	0.765625
320	-0.640625	0.765625
330	-0.625	0.742188
340	-0.625	0.734375
350	-0.585938	0.703125
360	-0.570312	0.695312
370	-0.570312	0.695312
380	-0.539062	0.679688
390	-0.5	0.671875
400	-0.515625	0.671875
410	-0.539062	0.695312
420	-0.5	0.664062
430	-0.492188	0.65625
440	-0.492188	0.65625
450	-0.484375	0.65625
460	-0.476562	0.65625
470	-0.484375	0.65625
480	-0.5	0.65625
490	-0.484375	0.640625
500	-0.484375	0.648438
510	-0.492188	0.65625
520	-0.476562	0.632812
530	-0.484375	0.609375
540	-0.476562	0.59375
550	-0.492188	0.609375
560	-0.484375	0.585938
570	-0.492188	0.5625
580	-0.476562	0.53125
590	-0.453125	0.507812
600	-0.445312	0.484375
610	-0.421875	0.46875
620	-0.398438	0.46875
630	-0.398438	0.476562
640	-0.414062	0.476562
650	-0.414062	0.484375
660	-0.390625	0.476562
670	-0.375	0.476562
680	-0.375	0.476562
690	-0.367188	0.476562
700	-0.375	0.492188
710	-0.375	0.476562
720	-0.390625	0.484375
730	-0.375	0.484375
740	-0.351562	0.484375
750	-0.367188	0.507812
760	-0.34375	0.476562
770	-0.34375	0.476562
780	-0.351562	0.46875
790	-0.328125	0.4375
800	-0.34375	0.4375
810	-0.351562	0.429688
820	-0.351562	0.414062
830	-0.375	0.40625
840	-0.375	0.414062
850	-0.367188	0.398438
860	-0.351562	0.382812
870	-0.351562	0.375
880	-0.359375	0.40625
890	-0.359375	0.414062
900	-0.382812	0.414062
910	-0.359375	0.390625
920	-0.40625	0.40625
930	-0.398438	0.429688
940	-0.367188	0.40625
950	-0.375	0.4375
960	-0.351562	0.445312
970	-0.34375	0.453125
980	-0.351562	0.460938
990	-0.351562	0.4375
1000	-0.359375	0.445312
1010	-0.351562	0.445312
1020	-0.335938	0.4375
1030	-0.335938	0.445312
1040	-0.335938	0.429688
1050	-0.335938	0.429688
1060	-0.382812	0.476562
1070	-0.375	0.476562
1080	-0.382812	0.484375
1090	-0.382812	0.46875
1100	-0.375	0.460938
1110	-0.375	0.460938
1120	-0.367188	0.445312
1130	-0.375	0.421875
1140	-0.359375	0.398438
1150	-0.382812	0.390625
1160	-0.367188	0.375
1170	-0.390625	0.367188
1180	-0.390625	0.375
1190	-0.390625	0.367188
1200	-0.382812	0.375
1210	-0.375	0.390625
1220	-0.351562	0.375
1230	-0.398438	0.382812
1240	-0.382812	0.359375
1250	-0.375	0.367188
1260	-0.367188	0.367188
1270	-0.375	0.351562
1280	-0.367188	0.335938
1290	-0.359375	0.3125
1300	-0.34375	0.296875
1310	-0.328125	0.3125
1320	-0.328125	0.3125
1330	-0.335938	0.296875
1340	-0.335938	0.304688
1350	-0.34375	0.304688
1360	-0.34375	0.335938
1370	-0.367188	0.3125
1380	-0.367188	0.3125
1390	-0.359375	0.3125
1400	-0.359375	0.304688
1410	-0.382812	0.328125
1420	-0.359375	0.296875
1430	-0.351562	0.289062
1440	-0.359375	0.28125
1450	-0.367188	0.289062
1460	-0.382812	0.296875
1470	-0.390625	0.289062
1480	-0.390625	0.289062
1490	-0.398438	0.289062
1500	-0.398438	0.304688
1510	-0.390625	0.3125
1520	-0.382812	0.304688
1530	-0.390625	0.335938
1540	-0.367188	0.335938
1550	-0.382812	0.328125
1560	-0.390625	0.34375
1570	-0.382812	0.335938
1580	-0.382812	0.3125
1590	-0.375	0.3125
1600	-0.382812	0.296875
1610	-0.398438	0.320312
1620	-0.390625	0.296875
1630	-0.34375	0.257812
1640	-0.351562	0.257812
1650	-0.375	0.265625
1660	-0.359375	0.25
1670	-0.34375	0.25
1680	-0.34375	0.25
1690	-0.351562	0.273438
1700	-0.359375	0.296875
1710	-0.335938	0.289062
1720	-0.335938	0.257812
1730	-0.328125	0.242188
1740	-0.296875	0.242188
1750	-0.289062	0.203125
1760	-0.28125	0.1875
1770	-0.273438	0.210938
1780	-0.265625	0.195312
1790	-0.257812	0.1875
1800	-0.289062	0.1875
1810	-0.328125	0.210938
1820	-0.335938	0.226562
1830	-0.34375	0.203125
1840	-0.335938	0.203125
1850	-0.3125	0.203125
1860	-0.296875	0.195312
1870	-0.3125	0.203125
1880	-0.328125	0.226562
1890	-0.289062	0.21875
1900	-0.320312	0.21875
1910	-0.28125	0.203125
1920	-0.304688	0.226562
1930	-0.28125	0.226562
1940	-0.257812	0.21875
1950	-0.257812	0.195312
1960	-0.273438	0.203125
1970	-0.28125	0.21875
1980	-0.28125	0.226562
1990	-0.273438	0.257812
2000	-0.289062	0.289062
2010	-0.242188	0.242188
2020	-0.257812	0.265625
2030	-0.273438	0.265625
2040	-0.257812	0.265625
2050	-0.273438	0.226562
2060	-0.273438	0.242188
2070	-0.289062	0.25
2080	-0.273438	0.273438
2090	-0.265625	0.234375
2100	-0.25	0.242188
2110	-0.25	0.25
2120	-0.273438	0.25
2130	-0.296875	0.289062
2140	-0.28125	0.289062
2150	-0.289062	0.296875
2160	-0.3125	0.328125
2170	-0.328125	0.34375
2180	-0.34375	0.320312
2190	-0.367188	0.296875
2200	-0.34375	0.28125
2210	-0.375	0.3125
2220	-0.367188	0.3125
2230	-0.382812	0.320312
2240	-0.375	0.320312
2250	-0.359375	0.304688
2260	-0.335938	0.265625
2270	-0.320312	0.265625
2280	-0.289062	0.257812
2290	-0.296875	0.21875
2300	-0.296875	0.203125
2310	-0.289062	0.195312
2320	-0.296875	0.15625
2330	-0.304688	0.171875
2340	-0.304688	0.1875
2350	-0.289062	0.210938
2360	-0.289062	0.203125
2370	-0.28125	0.203125
2380	-0.28125	0.234375
2390	-0.296875	0.234375
2400	-0.3125	0.234375
2410	-0.304688	0.203125
2420	-0.351562	0.234375
2430	-0.335938	0.234375
2440	-0.34375	0.21875
2450	-0.34375	0.226562
2460	-0.359375	0.234375
2470	-0.3125	0.234375
2480	-0.304688	0.234375
2490	-0.296875	0.195312
2500	-0.265625	0.179688
2510	-0.289062	0.210938
2520	-0.28125	0.195312
2530	-0.296875	0.203125
2540	-0.296875	0.1875
2550	-0.304688	0.210938
2560	-0.28125	0.21875
2570	-0.28125	0.226562
2580	-0.296875	0.226562
2590	-0.289062	0.195312
2600	-0.304688	0.203125
2610	-0.289062	0.195312
2620	-0.265625	0.179688
2630	-0.3125	0.210938
2640	-0.3125	0.242188
2650	-0.296875	0.21875
2660	-0.289062	0.195312
2670	-0.304688	0.195312
2680	-0.296875	0.195312
2690	-0.296875	0.171875
2700	-0.304688	0.1875
2710	-0.3125	0.171875
2720	-0.320312	0.195312
2730	-0.320312	0.171875
2740	-0.328125	0.171875
2750	-0.34375	0.164062
2760	-0.34375	0.164062
2770	-0.34375	0.15625
2780	-0.359375	0.164062
2790	-0.351562	0.164062
2800	-0.34375	0.164062
2810	-0.335938	0.148438
2820	-0.34375	0.140625
2830	-0.359375	0.148438
2840	-0.367188	0.125
2850	-0.359375	0.109375
2860	-0.375	0.09375
2870	-0.359375	0.09375
2880	-0.351562	0.078125
2890	-0.359375	0.078125
2900	-0.367188	0.101562
2910	-0.351562	0.09375
2920	-0.351562	0.0625
2930	-0.335938	0.0546875
2940	-0.351562	0.03125
2950	-0.335938	0.03125
2960	-0.328125	0.0078125
2970	-0.3125	0.015625
2980	-0.34375	0.015625
2990	-0.320312	0.015625
3000	-0.320312	0.0234375
3010	-0.3125	0.015625
3020	-0.296875	0.0234375
3030	-0.265625	0.0625
3040	-0.265625	0.0390625
3050	-0.28125	0.03125
3060	-0.3125	0.0078125
3070	-0.3125	-0.0078125
3080	-0.328125	-0.0234375
3090	-0.328125	-0.0546875
3100	-0.34375	-0.0234375
3110	-0.34375	-0.078125
3120	-0.328125	-0.0625
3130	-0.335938	-0.078125
3140	-0.335938	-0.09375
3150	-0.3125	-0.078125
3160	-0.320312	-0.0859375
3170	-0.335938	-0.101562
3180	-0.328125	-0.0859375
3190	-0.335938	-0.09375
3200	-0.328125	-0.109375
3210	-0.320312	-0.109375
3220	-0.3125	-0.09375
3230	-0.289062	-0.0859375
3240	-0.304688	-0.0859375
3250	-0.28125	-0.0859375
3260	-0.265625	-0.117188
3270	-0.257812	-0.078125
3280	-0.296875	-0.0546875
3290	-0.3125	-0.0390625
3300	-0.3125	-0.03125
3310	-0.304688	-0.0234375
3320	-0.296875	0
3330	-0.289062	0.015625
3340	-0.289062	0
3350	-0.289062	0
3360	-0.289062	0
3370	-0.3125	0.0078125
3380	-0.335938	0.0078125
3390	-0.320312	0.0078125
3400	-0.335938	0.0234375
3410	-0.3125	0.0234375
3420	-0.304688	0.0234375
3430	-0.289062	0
3440	-0.3125	0.0078125
3450	-0.320312	0.015625
3460	-0.335938	0
3470	-0.335938	-0.015625
3480	-0.335938	0
3490	-0.320312	0
3500	-0.296875	-0.0234375
3510	-0.28125	-0.046875
3520	-0.28125	-0.0390625
3530	-0.265625	-0.0390625
3540	-0.28125	-0.03125
3550	-0.28125	-0.015625
3560	-0.273438	-0.015625
3570	-0.265625	0.0078125
3580	-0.273438	0
3590	-0.273438	-0.0078125
3600	-0.296875	-0.0078125
3610	-0.296875	0.0234375
3620	-0.3125	0.0234375
3630	-0.296875	0.0078125
3640	-0.28125	0.0078125
3650	-0.296875	0
3660	-0.273438	0
3670	-0.28125	0.0078125
3680	-0.3125	0.03125
3690	-0.3125	0
3700	-0.304688	-0.03125
3710	-0.296875	-0.046875
3720	-0.289062	-0.015625
3730	-0.28125	0.03125
3740	-0.296875	0.0234375
3750	-0.28125	0.03125
3760	-0.273438	0.0390625
3770	-0.273438	0.03125
3780	-0.289062	0.0078125
3790	-0.304688	0.0078125
3800	-0.304688	-0.0078125
3810	-0.3125	0
3820	-0.320312	0.0234375
3830	-0.335938	0.046875
3840	-0.375	0.03125
3850	-0.367188	0.015625
3860	-0.351562	0.0078125
3870	-0.351562	0
3880	-0.34375	0
3890	-0.34375	0.03125
3900	-0.359375	0.03125
3910	-0.382812	0.03125
3920	-0.375	0.046875
3930	-0.367188	0.0703125
3940	-0.367188	0.117188
3950	-0.359375	0.132812
3960	-0.351562	0.132812
3970	-0.359375	0.148438
3980	-0.34375	0.15625
3990	-0.359375	0.140625
4000	-0.335938	0.15625
4010	-0.320312	0.164062
4020	-0.3125	0.179688
4030	-0.3125	0.179688
4040	-0.335938	0.164062
4050	-0.304688	0.171875
4060	-0.328125	0.164062
4070	-0.3125	0.148438
4080	-0.304688	0.148438
4090	-0.289062	0.132812
4100	-0.273438	0.132812
4110	-0.25	0.117188
4120	-0.273438	0.0859375
4130	-0.242188	0.078125
4140	-0.25	0.0859375
4150	-0.242188	0.101562
4160	-0.242188	0.0703125
4170	-0.226562	0.0703125
4180	-0.242188	0.0703125
4190	-0.242188	0.078125
4200	-0.242188	0.078125
4210	-0.296875	0.09375
4220	-0.28125	0.09375
4230	-0.289062	0.117188
4240	-0.289062	0.09375
4250	-0.304688	0.09375
4260	-0.3125	0.09375
4270	-0.296875	0.0859375
4280	-0.296875	0.0546875
4290	-0.265625	0.046875
4300	-0.273438	0.015625
4310	-0.257812	0.0078125
4320	-0.28125	0.0078125
4330	-0.257812	-0.0234375
4340	-0.265625	-0.0390625
4350	-0.289062	-0.0546875
4360	-0.289062	-0.046875
4370	-0.296875	-0.046875
4380	-0.289062	-0.0859375
4390	-0.265625	-0.0703125
4400	-0.257812	-0.078125
4410	-0.25	-0.0546875
4420	-0.25	-0.0234375
4430	-0.242188	-0.0078125
4440	-0.242188	-0.015625
4450	-0.25	-0.0234375
4460	-0.226562	-0.03125
4470	-0.234375	-0.015625
4480	-0.25	-0.0078125
4490	-0.25	-0.0078125
4500	-0.25	-0.0234375
4510	-0.257812	-0.03125
4520	-0.28125	-0.03125
4530	-0.289062	-0.0546875
4540	-0.28125	-0.0703125
4550	-0.257812	-0.0625
4560	-0.257812	-0.03125
4570	-0.257812	-0.0234375
4580	-0.25	0.0078125
4590	-0.242188	0.0078125
4600	-0.242188	-0.0078125
4610	-0.242188	-0.0390625
4620	-0.203125	-0.03125
4630	-0.195312	-0.03125
4640	-0.195312	-0.03125
4650	-0.195312	-0.046875
4660	-0.234375	-0.0625
4670	-0.242188	-0.046875
4680	-0.273438	-0.0390625
4690	-0.289062	-0.0234375
4700	-0.273438	-0.015625
4710	-0.296875	-0.0234375
4720	-0.320312	-0.0078125
4730	-0.328125	-0.0234375
4740	-0.335938	-0.0234375
4750	-0.34375	-0.015625
4760	-0.34375	-0.0078125
4770	-0.328125	-0.015625
4780	-0.3125	-0.0078125
4790	-0.320312	0
4800	-0.296875	0.015625
4810	-0.289062	0.015625
4820	-0.304688	0.0390625
4830	-0.3125	0.046875
4840	-0.3125	0.0390625
4850	-0.304688	0.0546875
4860	-0.289062	0.03125
4870	-0.289062	0.015625
4880	-0.28125	0
4890	-0.265625	0
4900	-0.273438	0.0390625
4910	-0.296875	0.0234375
4920	-0.296875	0.015625
4930	-0.328125	0.0078125
4940	-0.328125	0.0390625
4950	-0.3125	0.0625
4960	-0.328125	0.0625
4970	-0.335938	0.0234375
4980	-0.335938	0.015625
4990	-0.34375	0.0390625
5000	-0.351562	0.0234375
5010	-0.335938	0.0234375
5020	-0.320312	0.0078125
5030	-0.320312	0.015625
5040	-0.304688	0
5050	-0.289062	0
5060	-0.289062	0.015625
5070	-0.28125	0
5080	-0.304688	-0.0078125
5090	-0.304688	-0.0234375
5100	-0.320312	-0.0078125
5110	-0.289062	0
5120	-0.296875	0.0234375
5130	-0.28125	0.015625
5140	-0.296875	0.03125
5150	-0.289062	0.0078125
5160	-0.28125	0
5170	-0.28125	0.0390625
5180	-0.273438	0.0390625
5190	-0.265625	0.0546875
5200	-0.257812	0.03125
5210	-0.25	0.0078125
5220	-0.234375	0.015625
5230	-0.226562	0.0078125
5240	-0.210938	0.015625
5250	-0.234375	0.0234375
5260	-0.242188	0.0390625
5270	-0.265625	0.046875
5280	-0.304688	0.0390625
5290	-0.289062	0.03125
5300	-0.304688	0.015625
5310	-0.304688	0
5320	-0.335938	-0.0078125
5330	-0.289062	0
5340	-0.296875	0.0234375
5350	-0.304688	0.0546875
5360	-0.296875	0.0703125
5370	-0.265625	0.0859375
5380	-0.265625	0.0546875
5390	-0.265625	0.03125
5400	-0.265625	0.046875
5410	-0.273438	0.015625
5420	-0.296875	0.015625
5430	-0.273438	0.0390625
5440	-0.273438	0.0546875
5450	-0.289062	0.0390625
5460	-0.257812	0.0234375
5470	-0.273438	0.0234375
5480	-0.257812	0.0546875
5490	-0.265625	0.0390625
5500	-0.257812	0.046875
5510	-0.25	0.0625
5520	-0.257812	0.03125
5530	-0.242188	0.046875
5540	-0.242188	0.0390625
5550	-0.273438	0.0625
5560	-0.257812	0.0859375
5570	-0.273438	0.0703125
5580	-0.242188	0.0859375
5590	-0.234375	0.0703125
5600	-0.242188	0.078125
5610	-0.242188	0.0625
5620	-0.234375	0.0703125
5630	-0.25	0.0625
5640	-0.265625	0.046875
5650	-0.28125	0.0625
5660	-0.257812	0.0546875
5670	-0.265625	0.0703125
5680	-0.265625	0.0546875
5690	-0.28125	0.0703125
5700	-0.28125	0.101562
5710	-0.265625	0.09375
5720	-0.257812	0.109375
5730	-0.28125	0.132812
5740	-0.289062	0.140625
5750	-0.265625	0.15625
5760	-0.265625	0.15625
5770	-0.28125	0.125
5780	-0.289062	0.140625
5790	-0.289062	0.132812
5800	-0.296875	0.164062
5810	-0.289062	0.171875
5820	-0.3125	0.171875
5830	-0.28125	0.15625
5840	-0.289062	0.109375
5850	-0.296875	0.117188
5860	-0.265625	0.0859375
5870	-0.242188	0.0546875
5880	-0.257812	0.0234375
5890	-0.25	0.0390625
5900	-0.242188	0.0234375
5910	-0.21875	0.0078125
5920	-0.21875	-0.0234375
5930	-0.242188	0
5940	-0.242188	0.03125
5950	-0.242188	0.0390625
5960	-0.25	0.0390625
5970	-0.273438	0.0703125
5980	-0.273438	0.09375
5990	-0.304688	0.09375
6000	-0.289062	0.078125
6010	-0.320312	0.0625
6020	-0.328125	0.101562
6030	-0.335938	0.117188
6040	-0.320312	0.117188
6050	-0.3125	0.132812
6060	-0.304688	0.125
6070	-0.265625	0.15625
6080	-0.273438	0.109375
6090	-0.289062	0.0859375
6100	-0.28125	0.0859375
6110	-0.265625	0.0859375
6120	-0.273438	0.078125
6130	-0.273438	0.0859375
6140	-0.28125	0.101562
6150	-0.289062	0.101562
6160	-0.273438	0.09375
6170	-0.242188	0.101562
6180	-0.28125	0.132812
6190	-0.265625	0.101562
6200	-0.289062	0.09375
6210	-0.296875	0.101562
6220	-0.28125	0.0859375
6230	-0.289062	0.101562
6240	-0.28125	0.125
6250	-0.273438	0.125
6260	-0.296875	0.132812
6270	-0.289062	0.125
6280	-0.273438	0.140625
6290	-0.257812	0.125
6300	-0.257812	0.117188
6310	-0.25	0.15625
6320	-0.226562	0.171875
6330	-0.203125	0.15625
6340	-0.234375	0.15625
6350	-0.234375	0.132812
6360	-0.25	0.148438
6370	-0.234375	0.171875
6380	-0.242188	0.164062
6390	-0.25	0.140625
6400	-0.234375	0.117188
6410	-0.234375	0.101562
6420	-0.210938	0.0859375
6430	-0.210938	0.101562
6440	-0.226562	0.0859375
6450	-0.234375	0.0625
6460	-0.25	0.0859375
6470	-0.242188	0.0703125
6480	-0.242188	0.09375
6490	-0.226562	0.101562
6500	-0.226562	0.09375
6510	-0.242188	0.101562
6520	-0.25	0.117188
6530	-0.210938	0.132812
6540	-0.226562	0.125
6550	-0.234375	0.132812
6560	-0.226562	0.132812
6570	-0.25	0.15625
6580	-0.242188	0.171875
6590	-0.226562	0.171875
6600	-0.226562	0.164062
6610	-0.234375	0.140625
6620	-0.265625	0.125
6630	-0.265625	0.09375
6640	-0.242188	0.078125
6650	-0.273438	0.0703125
6660	-0.265625	0.0625
6670	-0.28125	0.09375
6680	-0.265625	0.101562
6690	-0.265625	0.117188
6700	-0.28125	0.148438
6710	-0.296875	0.171875
6720	-0.304688	0.171875
6730	-0.273438	0.15625
6740	-0.273438	0.179688
6750	-0.289062	0.1875
6760	-0.265625	0.226562
6770	-0.289062	0.195312
6780	-0.304688	0.21875
6790	-0.328125	0.226562
6800	-0.335938	0.257812
6810	-0.351562	0.28125
6820	-0.335938	0.289062
6830	-0.328125	0.273438
6840	-0.335938	0.304688
6850	-0.335938	0.296875
6860	-0.328125	0.304688
6870	-0.328125	0.3125
6880	-0.335938	0.289062
6890	-0.304688	0.273438
6900	-0.3125	0.273438
6910	-0.328125	0.289062
6920	-0.351562	0.289062
6930	-0.34375	0.289062
6940	-0.328125	0.265625
6950	-0.351562	0.265625
6960	-0.367188	0.289062
6970	-0.375	0.320312
6980	-0.398438	0.304688
6990	-0.382812	0.328125
7000	-0.367188	0.320312
7010	-0.34375	0.304688
7020	-0.34375	0.304688
7030	-0.367188	0.304688
7040	-0.351562	0.296875
7050	-0.359375	0.289062
7060	-0.367188	0.320312
7070	-0.367188	0.289062
7080	-0.34375	0.265625
7090	-0.335938	0.25
7100	-0.335938	0.234375
7110	-0.328125	0.226562
7120	-0.335938	0.242188
7130	-0.34375	0.21875
7140	-0.34375	0.210938
7150	-0.328125	0.195312
7160	-0.3125	0.171875
7170	-0.3125	0.125
7180	-0.328125	0.117188
7190	-0.328125	0.09375
7200	-0.359375	0.109375
7210	-0.367188	0.132812
7220	-0.359375	0.132812
7230	-0.320312	0.132812
7240	-0.335938	0.132812
7250	-0.335938	0.148438
7260	-0.351562	0.132812
7270	-0.34375	0.117188
7280	-0.335938	0.109375
7290	-0.335938	0.101562
7300	-0.320312	0.125
7310	-0.304688	0.101562
7320	-0.289062	0.109375
7330	-0.28125	0.0859375
7340	-0.28125	0.09375
7350	-0.273438	0.0859375
7360	-0.296875	0.09375
7370	-0.3125	0.101562
7380	-0.34375	0.101562
7390	-0.34375	0.109375
7400	-0.351562	0.0859375
7410	-0.335938	0.101562
7420	-0.320312	0.0859375
7430	-0.304688	0.0859375
7440	-0.296875	0.101562
7450	-0.296875	0.09375
7460	-0.28125	0.0859375
7470	-0.28125	0.101562
7480	-0.265625	0.101562
7490	-0.296875	0.09375
7500	-0.3125	0.0625
7510	-0.304688	0.0390625
7520	-0.289062	0.0234375
7530	-0.28125	0.03125
7540	-0.265625	0.046875
7550	-0.265625	0.0546875
7560	-0.265625	0.0390625
7570	-0.273438	0.03125
7580	-0.265625	0.03125
7590	-0.28125	0.015625
7600	-0.25	0.0703125
7610	-0.257812	0.0703125
7620	-0.257812	0.0625
7630	-0.273438	0.0703125
7640	-0.265625	0.0625
7650	-0.273438	0.0625
7660	-0.265625	0.0078125
7670	-0.257812	0.03125
7680	-0.257812	0.0390625
7690	-0.273438	0.0234375
7700	-0.257812	0.0078125
7710	-0.242188	-0.0234375
7720	-0.265625	-0.03125
7730	-0.273438	-0.0625
7740	-0.242188	-0.0546875
7750	-0.226562	-0.0390625
7760	-0.21875	-0.0234375
7770	-0.21875	-0.0234375
7780	-0.203125	-0.0234375
7790	-0.21875	-0.015625
7800	-0.210938	-0.0234375
7810	-0.203125	-0.0234375
7820	-0.226562	-0.03125
7830	-0.226562	-0.0546875
7840	-0.21875	-0.046875
7850	-0.242188	-0.0625
7860	-0.234375	-0.046875
7870	-0.257812	-0.03125
7880	-0.265625	-0.015625
7890	-0.265625	0
7900	-0.257812	0
7910	-0.265625	0.03125
7920	-0.25	0.015625
7930	-0.257812	-0.0078125
7940	-0.234375	-0.0390625
7950	-0.234375	-0.0390625
7960	-0.242188	-0.0234375
7970	-0.234375	-0.0078125
7980	-0.21875	-0.0390625
7990	-0.203125	0
8000	-0.203125	0.0078125
8010	-0.203125	-0.015625
8020	-0.203125	-0.046875
8030	-0.210938	-0.046875
8040	-0.21875	-0.03125
8050	-0.195312	-0.03125
8060	-0.21875	-0.0390625
8070	-0.203125	-0.0234375
8080	-0.195312	-0.0078125
8090	-0.21875	0.03125
8100	-0.265625	0.046875
8110	-0.273438	0.0625
8120	-0.265625	0.0625
8130	-0.265625	0.109375
8140	-0.296875	0.132812
8150	-0.296875	0.132812
8160	-0.273438	0.109375
8170	-0.257812	0.09375
8180	-0.257812	0.0859375
8190	-0.265625	0.078125
8200	-0.273438	0.0625
8210	-0.265625	0.0703125
8220	-0.226562	0.101562
8230	-0.203125	0.164062
8240	-0.25	0.164062
8250	-0.25	0.148438
8260	-0.234375	0.132812
8270	-0.25	0.148438
8280	-0.265625	0.125
8290	-0.242188	0.117188
8300	-0.25	0.132812
8310	-0.265625	0.140625
8320	-0.289062	0.15625
8330	-0.265625	0.15625
8340	-0.28125	0.171875
8350	-0.28125	0.148438
8360	-0.265625	0.164062
8370	-0.25	0.15625
8380	-0.25	0.15625
8390	-0.265625	0.164062
8400	-0.28125	0.148438
8410	-0.273438	0.148438
8420	-0.273438	0.132812
8430	-0.273438	0.132812
8440	-0.289062	0.148438
8450	-0.3125	0.148438
8460	-0.328125	0.148438
8470	-0.34375	0.15625
8480	-0.34375	0.140625
8490	-0.359375	0.164062
8500	-0.367188	0.195312
8510	-0.367188	0.203125
8520	-0.375	0.203125
8530	-0.375	0.179688
8540	-0.320312	0.164062
8550	-0.335938	0.171875
8560	-0.351562	0.171875
8570	-0.351562	0.125
8580	-0.335938	0.109375
8590	-0.359375	0.125
8600	-0.359375	0.15625
8610	-0.335938	0.164062
8620	-0.3125	0.15625
8630	-0.320312	0.15625
8640	-0.328125	0.1875
8650	-0.304688	0.1875
8660	-0.320312	0.171875
8670	-0.328125	0.164062
8680	-0.328125	0.140625
8690	-0.34375	0.140625
8700	-0.34375	0.15625
8710	-0.3125	0.1875
8720	-0.328125	0.242188
8730	-0.328125	0.226562
8740	-0.328125	0.210938
8750	-0.328125	0.203125
8760	-0.320312	0.1875
8770	-0.335938	0.1875
8780	-0.328125	0.179688
8790	-0.328125	0.1875
8800	-0.296875	0.15625
8810	-0.296875	0.140625
8820	-0.28125	0.148438
8830	-0.257812	0.140625
8840	-0.28125	0.164062
8850	-0.28125	0.148438
8860	-0.28125	0.15625
8870	-0.273438	0.140625
8880	-0.265625	0.125
8890	-0.257812	0.117188
8900	-0.25	0.125
8910	-0.234375	0.148438
8920	-0.25	0.164062
8930	-0.234375	0.140625
8940	-0.234375	0.15625
8950	-0.234375	0.164062
8960	-0.203125	0.117188
8970	-0.203125	0.15625
8980	-0.203125	0.140625
8990	-0.21875	0.125
9000	-0.210938	0.101562
9010	-0.203125	0.0703125
9020	-0.171875	0.101562
9030	-0.195312	0.101562
9040	-0.203125	0.109375
9050	-0.179688	0.117188
9060	-0.15625	0.125
9070	-0.164062	0.132812
9080	-0.164062	0.101562
9090	-0.171875	0.125
9100	-0.195312	0.140625
9110	-0.171875	0.195312
9120	-0.203125	0.195312
9130	-0.195312	0.179688
9140	-0.226562	0.21875
9150	-0.242188	0.234375
9160	-0.28125	0.265625
9170	-0.289062	0.242188
9180	-0.320312	0.226562
9190	-0.328125	0.234375
9200	-0.320312	0.234375
9210	-0.296875	0.210938
9220	-0.296875	0.242188
9230	-0.273438	0.226562
9240	-0.25	0.226562
9250	-0.25	0.234375
9260	-0.273438	0.242188
9270	-0.289062	0.234375
9280	-0.304688	0.203125
9290	-0.3125	0.210938
9300	-0.296875	0.148438
9310	-0.320312	0.179688
9320	-0.320312	0.179688
9330	-0.320312	0.1875
9340	-0.3125	0.171875
9350	-0.304688	0.171875
9360	-0.328125	0.179688
9370	-0.289062	0.179688
9380	-0.289062	0.171875
9390	-0.289062	0.15625
9400	-0.257812	0.132812
9410	-0.265625	0.164062
9420	-0.265625	0.148438
9430	-0.257812	0.132812
9440	-0.242188	0.109375
9450	-0.234375	0.117188
9460	-0.203125	0.132812
9470	-0.195312	0.109375
9480	-0.21875	0.078125
9490	-0.195312	0.0703125
9500	-0.21875	0.0703125
9510	-0.195312	0.0703125
9520	-0.171875	0.0703125
9530	-0.140625	0.0703125
9540	-0.15625	0.0625
9550	-0.1875	0.0703125
9560	-0.210938	0.0703125
9570	-0.210938	0.0546875
9580	-0.21875	0.03125
9590	-0.21875	0.0546875
9600	-0.203125	0.015625
9610	-0.21875	0
9620	-0.210938	0
9630	-0.195312	-0.015625
9640	-0.21875	0.015625
9650	-0.226562	-0.046875
9660	-0.234375	-0.0390625
9670	-0.21875	-0.046875
9680	-0.203125	-0.03125
9690	-0.21875	-0.0234375
9700	-0.21875	-0.0234375
9710	-0.21875	-0.03125
9720	-0.21875	-0.0703125
9730	-0.234375	-0.0703125
9740	-0.226562	-0.078125
9750	-0.25	-0.09375
9760	-0.25	-0.101562
9770	-0.242188	-0.101562
9780	-0.25	-0.125
9790	-0.273438	-0.132812
9800	-0.273438	-0.15625
9810	-0.273438	-0.15625
9820	-0.25	-0.15625
9830	-0.242188	-0.179688
9840	-0.242188	-0.179688
9850	-0.234375	-0.164062
9860	-0.210938	-0.164062
9870	-0.226562	-0.117188
9880	-0.226562	-0.140625
9890	-0.265625	-0.148438
9900	-0.257812	-0.132812
9910	-0.242188	-0.0859375
9920	-0.242188	-0.0859375
9930	-0.226562	-0.117188
9940	-0.257812	-0.140625
9950	-0.257812	-0.125
9960	-0.242188	-0.140625
9970	-0.226562	-0.148438
9980	-0.226562	-0.148438
9990	-0.21875	-0.132812
10000	-0.21875	-0.125
10010	-0.21875	-0.109375
10020	-0.21875	-0.125
10030	-0.195312	-0.101562
10040	-0.179688	-0.140625
10050	-0.203125	-0.148438
10060	-0.195312	-0.125
10070	-0.1875	-0.132812
10080	-0.171875	-0.125
10090	-0.1875	-0.109375
10100	-0.179688	-0.0859375
10110	-0.1875	-0.101562
10120	-0.171875	-0.0546875
10130	-0.171875	-0.03125
10140	-0.171875	-0.0390625
10150	-0.179688	-0.046875
10160	-0.1875	-0.015625
10170	-0.164062	-0.0078125
10180	-0.179688	-0.0078125
10190	-0.195312	-0.0078125
10200	-0.179688	-0.0390625
10210	-0.179688	-0.046875
10220	-0.164062	-0.0703125
10230	-0.148438	-0.046875
10240	-0.179688	-0.0546875
10250	-0.179688	-0.0625
10260	-0.1875	-0.0859375
10270	-0.179688	-0.046875
10280	-0.15625	-0.0546875
10290	-0.140625	-0.046875
10300	-0.148438	-0.0390625
10310	-0.164062	-0.0546875
10320	-0.195312	-0.078125
10330	-0.210938	-0.046875
10340	-0.210938	-0.0546875
10350	-0.179688	-0.046875
10360	-0.132812	-0.0390625
10370	-0.117188	-0.0625
10380	-0.125	-0.0703125
10390	-0.132812	-0.078125
10400	-0.15625	-0.0703125
10410	-0.15625	0
10420	-0.164062	-0.015625
10430	-0.179688	0
10440	-0.179688	-0.0546875
10450	-0.179688	-0.0859375
10460	-0.171875	-0.0859375
10470	-0.1875	-0.0703125
10480	-0.1875	-0.101562
10490	-0.15625	-0.117188
10500	-0.164062	-0.117188
10510	-0.15625	-0.117188
10520	-0.179688	-0.164062
10530	-0.203125	-0.179688
10540	-0.203125	-0.148438
10550	-0.21875	-0.164062
10560	-0.226562	-0.117188
10570	-0.226562	-0.132812
10580	-0.171875	-0.132812
10590	-0.1875	-0.132812
10600	-0.21875	-0.148438
10610	-0.1875	-0.132812
10620	-0.171875	-0.132812
10630	-0.195312	-0.164062
10640	-0.210938	-0.171875
10650	-0.21875	-0.195312
10660	-0.203125	-0.171875
10670	-0.210938	-0.15625
10680	-0.210938	-0.148438
10690	-0.1875	-0.109375
10700	-0.210938	-0.109375
10710	-0.195312	-0.0859375
10720	-0.195312	-0.101562
10730	-0.210938	-0.117188
10740	-0.226562	-0.125
10750	-0.203125	-0.125
10760	-0.210938	-0.140625
10770	-0.203125	-0.140625
10780	-0.179688	-0.117188
10790	-0.1875	-0.148438
10800	-0.203125	-0.15625
10810	-0.210938	-0.125
10820	-0.234375	-0.15625
10830	-0.226562	-0.15625
10840	-0.257812	-0.1875
10850	-0.265625	-0.210938
10860	-0.257812	-0.226562
10870	-0.265625	-0.21875
10880	-0.265625	-0.195312
10890	-0.28125	-0.203125
10900	-0.28125	-0.203125
10910	-0.289062	-0.171875
10920	-0.28125	-0.171875
10930	-0.289062	-0.179688
10940	-0.289062	-0.164062
10950	-0.28125	-0.164062
10960	-0.3125	-0.171875
10970	-0.34375	-0.179688
10980	-0.34375	-0.1875
10990	-0.3125	-0.15625
11000	-0.289062	-0.164062
11010	-0.328125	-0.171875
11020	-0.304688	-0.1875
11030	-0.265625	-0.148438
11040	-0.273438	-0.1875
11050	-0.289062	-0.164062
11060	-0.273438	-0.15625
11070	-0.265625	-0.203125
11080	-0.257812	-0.195312
11090	-0.265625	-0.171875
11100	-0.25	-0.164062
11110	-0.226562	-0.164062
11120	-0.242188	-0.15625
11130	-0.257812	-0.15625
11140	-0.265625	-0.125
11150	-0.265625	-0.148438
11160	-0.28125	-0.125
11170	-0.273438	-0.132812
11180	-0.289062	-0.101562
11190	-0.304688	-0.132812
11200	-0.320312	-0.09375
11210	-0.328125	-0.109375
11220	-0.328125	-0.109375
11230	-0.304688	-0.132812
11240	-0.320312	-0.15625
11250	-0.320312	-0.164062
11260	-0.3125	-0.171875
11270	-0.28125	-0.140625
11280	-0.273438	-0.101562
11290	-0.265625	-0.117188
11300	-0.273438	-0.125
11310	-0.296875	-0.132812
11320	-0.320312	-0.140625
11330	-0.3125	-0.171875
11340	-0.304688	-0.195312
11350	-0.3125	-0.179688
11360	-0.28125	-0.179688
11370	-0.226562	-0.164062
11380	-0.242188	-0.132812
11390	-0.234375	-0.125
11400	-0.21875	-0.148438
11410	-0.21875	-0.140625
11420	-0.203125	-0.132812
11430	-0.21875	-0.164062
11440	-0.234375	-0.164062
11450	-0.179688	-0.132812
11460	-0.171875	-0.125
11470	-0.164062	-0.109375
11480	-0.171875	-0.09375
11490	-0.171875	-0.078125
11500	-0.164062	-0.0859375
11510	-0.164062	-0.0625
11520	-0.1875	-0.0703125
11530	-0.1875	-0.0859375
11540	-0.203125	-0.109375
11550	-0.242188	-0.132812
11560	-0.226562	-0.132812
11570	-0.242188	-0.15625
11580	-0.25	-0.140625
11590	-0.242188	-0.117188
11600	-0.25	-0.125
11610	-0.226562	-0.132812
11620	-0.226562	-0.09375
11630	-0.242188	-0.117188
11640	-0.234375	-0.101562
11650	-0.25	-0.0703125
11660	-0.242188	-0.0859375
11670	-0.21875	-0.09375
11680	-0.226562	-0.125
11690	-0.21875	-0.109375
11700	-0.242188	-0.101562
11710	-0.242188	-0.0703125
11720	-0.226562	-0.0859375
11730	-0.21875	-0.0859375
11740	-0.210938	-0.0703125
11750	-0.234375	-0.09375
11760	-0.226562	-0.0703125
11770	-0.234375	-0.0625
11780	-0.21875	-0.09375
11790	-0.203125	-0.109375
11800	-0.195312	-0.148438
11810	-0.195312	-0.148438
11820	-0.21875	-0.195312
11830	-0.234375	-0.203125
11840	-0.242188	-0.210938
11850	-0.257812	-0.210938
11860	-0.265625	-0.234375
11870	-0.273438	-0.25
11880	-0.304688	-0.296875
11890	-0.328125	-0.320312
11900	-0.320312	-0.304688
11910	-0.3125	-0.320312
11920	-0.359375	-0.320312
11930	-0.328125	-0.320312
11940	-0.335938	-0.304688
11950	-0.34375	-0.289062
11960	-0.34375	-0.28125
11970	-0.351562	-0.304688
11980	-0.34375	-0.296875
11990	-0.328125	-0.296875
12000	-0.3125	-0.25
12010	-0.289062	-0.242188
12020	-0.28125	-0.257812
12030	-0.273438	-0.289062
12040	-0.265625	-0.296875
12050	-0.265625	-0.273438
12060	-0.289062	-0.265625
12070	-0.304688	-0.226562
12080	-0.296875	-0.257812
12090	-0.296875	-0.25
12100	-0.3125	-0.242188
12110	-0.320312	-0.226562
12120	-0.320312	-0.242188
12130	-0.335938	-0.265625
12140	-0.328125	-0.234375
12150	-0.320312	-0.242188
12160	-0.367188	-0.265625
12170	-0.320312	-0.25
12180	-0.34375	-0.289062
12190	-0.320312	-0.296875
12200	-0.320312	-0.304688
12210	-0.328125	-0.328125
12220	-0.3125	-0.289062
12230	-0.265625	-0.265625
12240	-0.257812	-0.273438
12250	-0.289062	-0.25
12260	-0.257812	-0.25
12270	-0.265625	-0.234375
12280	-0.257812	-0.203125
12290	-0.265625	-0.179688
12300	-0.257812	-0.195312
12310	-0.234375	-0.164062
12320	-0.242188	-0.15625
12330	-0.234375	-0.148438
12340	-0.265625	-0.148438
12350	-0.257812	-0.101562
12360	-0.273438	-0.101562
12370	-0.273438	-0.109375
12380	-0.242188	-0.09375
12390	-0.25	-0.09375
12400	-0.226562	-0.078125
12410	-0.210938	-0.0703125
12420	-0.21875	-0.078125
12430	-0.226562	-0.09375
12440	-0.210938	-0.0859375
12450	-0.234375	-0.09375
12460	-0.21875	-0.09375
12470	-0.242188	-0.117188
12480	-0.242188	-0.09375
12490	-0.234375	-0.101562
12500	-0.242188	-0.0859375
12510	-0.234375	-0.046875
12520	-0.21875	-0.0078125
12530	-0.21875	0.0234375
12540	-0.257812	0.03125
12550	-0.25	0.015625
12560	-0.25	-0.015625
12570	-0.25	-0.03125
12580	-0.273438	-0.0390625
12590	-0.289062	-0.0546875
12600	-0.289062	-0.0703125
12610	-0.304688	-0.0703125
12620	-0.304688	-0.078125
12630	-0.304688	-0.0625
12640	-0.296875	-0.046875
12650	-0.3125	-0.078125
12660	-0.296875	-0.0703125
12670	-0.304688	-0.0625
12680	-0.296875	-0.0625
12690	-0.3125	-0.046875
12700	-0.3125	-0.0625
12710	-0.3125	-0.015625
12720	-0.320312	-0.03125
12730	-0.304688	-0.015625
12740	-0.3125	-0.0078125
12750	-0.3125	-0.0078125
12760	-0.28125	0.015625
12770	-0.296875	0.0234375
12780	-0.296875	0.03125
12790	-0.328125	0.0234375
12800	-0.359375	0.03125
12810	-0.328125	0.046875
12820	-0.3125	0.03125
12830	-0.34375	0.0234375
12840	-0.367188	0.046875
12850	-0.367188	0
12860	-0.351562	0.03125
12870	-0.34375	0.0078125
12880	-0.335938	0.03125
12890	-0.335938	0.015625
12900	-0.335938	0.0234375
12910	-0.359375	0
12920	-0.351562	-0.0078125
12930	-0.335938	0
12940	-0.335938	0.0078125
12950	-0.34375	0.0234375
12960	-0.3125	-0.0078125
12970	-0.320312	-0.015625
12980	-0.328125	-0.0234375
12990	-0.304688	-0.03125
13000	-0.296875	-0.03125
13010	-0.289062	-0.03125
13020	-0.265625	-0.046875
13030	-0.265625	-0.046875
13040	-0.273438	-0.03125
13050	-0.242188	0.015625
13060	-0.242188	0.0078125
13070	-0.25	0.015625
13080	-0.265625	0.015625
13090	-0.257812	-0.0078125
13100	-0.234375	-0.0234375
13110	-0.21875	-0.0546875
13120	-0.203125	-0.0703125
13130	-0.21875	-0.078125
13140	-0.21875	-0.0703125
13150	-0.226562	-0.09375
13160	-0.242188	-0.09375
13170	-0.25	-0.101562
13180	-0.289062	-0.0859375
13190	-0.289062	-0.0859375
13200	-0.28125	-0.125
13210	-0.265625	-0.09375
13220	-0.273438	-0.0703125
13230	-0.289062	-0.09375
13240	-0.265625	-0.101562
13250	-0.273438	-0.132812
13260	-0.265625	-0.140625
13270	-0.273438	-0.164062
13280	-0.25	-0.179688
13290	-0.257812	-0.171875
13300	-0.273438	-0.195312
13310	-0.257812	-0.226562
13320	-0.265625	-0.265625
13330	-0.265625	-0.289062
13340	-0.234375	-0.257812
13350	-0.226562	-0.265625
13360	-0.203125	-0.25
13370	-0.210938	-0.226562
13380	-0.1875	-0.203125
13390	-0.171875	-0.203125
13400	-0.21875	-0.226562
13410	-0.257812	-0.25
13420	-0.234375	-0.226562
13430	-0.25	-0.226562
13440	-0.25	-0.242188
13450	-0.242188	-0.25
13460	-0.257812	-0.25
13470	-0.273438	-0.265625
13480	-0.265625	-0.265625
13490	-0.273438	-0.257812
13500	-0.273438	-0.28125
13510	-0.265625	-0.320312
13520	-0.273438	-0.289062
13530	-0.265625	-0.320312
13540	-0.25	-0.3125
13550	-0.242188	-0.296875
13560	-0.25	-0.3125
13570	-0.273438	-0.3125
13580	-0.273438	-0.34375
13590	-0.242188	-0.351562
13600	-0.273438	-0.375
13610	-0.296875	-0.367188
13620	-0.296875	-0.367188
13630	-0.320312	-0.382812
13640	-0.304688	-0.375
13650	-0.28125	-0.375
13660	-0.296875	-0.382812
13670	-0.320312	-0.390625
13680	-0.3125	-0.375
13690	-0.328125	-0.382812
13700	-0.304688	-0.359375
13710	-0.289062	-0.335938
13720	-0.289062	-0.328125
13730	-0.28125	-0.328125
13740	-0.28125	-0.34375
13750	-0.257812	-0.304688
13760	-0.265625	-0.296875
13770	-0.265625	-0.296875
13780	-0.289062	-0.296875
13790	-0.273438	-0.289062
13800	-0.273438	-0.289062
13810	-0.25	-0.25
13820	-0.210938	-0.234375
13830	-0.21875	-0.234375
13840	-0.234375	-0.257812
13850	-0.234375	-0.265625
13860	-0.242188	-0.265625
13870	-0.234375	-0.25
13880	-0.21875	-0.234375
13890	-0.210938	-0.234375
13900	-0.242188	-0.257812
13910	-0.234375	-0.273438
13920	-0.25	-0.296875
13930	-0.21875	-0.273438
13940	-0.21875	-0.304688
13950	-0.242188	-0.304688
13960	-0.273438	-0.328125
13970	-0.257812	-0.328125
13980	-0.273438	-0.304688
13990	-0.28125	-0.289062
14000	-0.28125	-0.273438
14010	-0.273438	-0.257812
14020	-0.304688	-0.273438
14030	-0.3125	-0.28125
14040	-0.296875	-0.257812
14050	-0.28125	-0.265625
14060	-0.273438	-0.265625
14070	-0.257812	-0.289062
14080	-0.242188	-0.289062
14090	-0.226562	-0.289062
14100	-0.242188	-0.296875
14110	-0.226562	-0.273438
14120	-0.226562	-0.257812
14130	-0.242188	-0.257812
14140	-0.25	-0.273438
14150	-0.265625	-0.273438
14160	-0.257812	-0.257812
14170	-0.265625	-0.265625
14180	-0.296875	-0.273438
14190	-0.296875	-0.265625
14200	-0.320312	-0.289062
14210	-0.320312	-0.304688
14220	-0.304688	-0.328125
14230	-0.257812	-0.296875
14240	-0.289062	-0.328125
14250	-0.28125	-0.351562
14260	-0.28125	-0.335938
14270	-0.289062	-0.34375
14280	-0.296875	-0.320312
14290	-0.296875	-0.320312
14300	-0.265625	-0.289062
14310	-0.25	-0.289062
14320	-0.234375	-0.28125
14330	-0.242188	-0.273438
14340	-0.242188	-0.242188
14350	-0.226562	-0.226562
14360	-0.234375	-0.226562
14370	-0.21875	-0.21875
14380	-0.210938	-0.1875
14390	-0.195312	-0.1875
14400	-0.203125	-0.179688
14410	-0.203125	-0.15625
14420	-0.179688	-0.140625
14430	-0.203125	-0.125
14440	-0.195312	-0.140625
14450	-0.179688	-0.148438
14460	-0.195312	-0.148438
14470	-0.210938	-0.148438
14480	-0.21875	-0.164062
14490	-0.1875	-0.164062
14500	-0.210938	-0.179688
14510	-0.195312	-0.179688
14520	-0.1875	-0.171875
14530	-0.1875	-0.203125
14540	-0.179688	-0.21875
14550	-0.195312	-0.234375
14560	-0.195312	-0.21875
14570	-0.1875	-0.21875
14580	-0.179688	-0.195312
14590	-0.195312	-0.203125
14600	-0.1875	-0.195312
14610	-0.203125	-0.171875
14620	-0.195312	-0.148438
14630	-0.226562	-0.125
14640	-0.21875	-0.117188
14650	-0.203125	-0.117188
14660	-0.164062	-0.117188
14670	-0.164062	-0.09375
14680	-0.171875	-0.078125
14690	-0.171875	-0.109375
14700	-0.15625	-0.078125
14710	-0.15625	-0.0703125
14720	-0.179688	-0.078125
14730	-0.1875	-0.09375
14740	-0.21875	-0.078125
14750	-0.21875	-0.0625
14760	-0.210938	-0.046875
14770	-0.195312	-0.0703125
14780	-0.195312	-0.0625
14790	-0.195312	-0.0703125
14800	-0.195312	-0.0703125
14810	-0.210938	-0.0625
14820	-0.195312	-0.0625
14830	-0.195312	-0.0859375
14840	-0.203125	-0.0703125
14850	-0.21875	-0.0546875
14860	-0.210938	-0.0234375
14870	-0.21875	0.0078125
14880	-0.210938	0.03125
14890	-0.210938	0.03125
14900	-0.195312	0.0390625
14910	-0.195312	0.0390625
14920	-0.195312	0.0625
14930	-0.1875	0.0859375
14940	-0.1875	0.0625
14950	-0.1875	0.0546875
14960	-0.164062	0.0546875
14970	-0.179688	0.046875
14980	-0.203125	0.03125
14990	-0.21875	0.0390625
15000	-0.25	0.0390625
15010	-0.242188	0.0390625
15020	-0.226562	0.0546875
15030	-0.21875	0.0546875
15040	-0.234375	0.078125
15050	-0.257812	0.101562
15060	-0.28125	0.0859375
15070	-0.328125	0.0546875
15080	-0.320312	0.0390625
15090	-0.328125	0.046875
15100	-0.3125	0.0234375
15110	-0.320312	0.03125
15120	-0.304688	0.046875
15130	-0.328125	0.0390625
15140	-0.304688	0.046875
15150	-0.3125	0.0234375
15160	-0.320312	0.0234375
15170	-0.304688	0.03125
15180	-0.273438	0.0546875
15190	-0.28125	0.0390625
15200	-0.28125	0.0625
15210	-0.265625	0.0390625
15220	-0.25	0.0234375
15230	-0.273438	0
15240	-0.28125	0.015625
15250	-0.25	0.046875
15260	-0.257812	0.015625
15270	-0.25	0.0078125
15280	-0.226562	0
15290	-0.21875	0
15300	-0.226562	-0.015625
15310	-0.226562	-0.015625
15320	-0.25	-0.015625
15330	-0.234375	-0.0390625
15340	-0.242188	-0.0546875
15350	-0.242188	-0.0703125
15360	-0.242188	-0.0859375
15370	-0.21875	-0.0859375
15380	-0.21875	-0.078125
15390	-0.234375	-0.078125
15400	-0.226562	-0.0546875
15410	-0.21875	-0.078125
15420	-0.195312	-0.078125
15430	-0.179688	-0.0390625
15440	-0.210938	-0.0625
15450	-0.203125	-0.0859375
15460	-0.21875	-0.0546875
15470	-0.21875	-0.0625
15480	-0.210938	-0.0546875
15490	-0.195312	-0.0390625
15500	-0.226562	-0.0625
15510	-0.234375	-0.078125
15520	-0.242188	-0.0859375
15530	-0.25	-0.101562
15540	-0.25	-0.109375
15550	-0.234375	-0.101562
15560	-0.210938	-0.117188
15570	-0.226562	-0.148438
15580	-0.25	-0.171875
15590	-0.257812	-0.195312
15600	-0.257812	-0.164062
15610	-0.257812	-0.164062
15620	-0.265625	-0.148438
15630	-0.273438	-0.171875
15640	-0.289062	-0.179688
15650	-0.28125	-0.171875
15660	-0.296875	-0.179688
15670	-0.289062	-0.210938
15680	-0.265625	-0.15625
15690	-0.257812	-0.140625
15700	-0.265625	-0.148438
15710	-0.25	-0.179688
15720	-0.25	-0.1875
15730	-0.257812	-0.210938
15740	-0.257812	-0.164062
15750	-0.273438	-0.195312
15760	-0.304688	-0.1875
15770	-0.304688	-0.171875
15780	-0.273438	-0.179688
15790	-0.273438	-0.140625
15800	-0.257812	-0.101562
15810	-0.25	-0.101562
15820	-0.21875	-0.09375
15830	-0.210938	-0.125
15840	-0.226562	-0.09375
15850	-0.242188	-0.0859375
15860	-0.242188	-0.101562
15870	-0.242188	-0.132812
15880	-0.226562	-0.132812
15890	-0.226562	-0.117188
15900	-0.242188	-0.132812
15910	-0.210938	-0.148438
15920	-0.210938	-0.125
15930	-0.226562	-0.101562
15940	-0.226562	-0.09375
15950	-0.234375	-0.078125
15960	-0.21875	-0.0625
15970	-0.226562	-0.0390625
15980	-0.242188	-0.046875
15990	-0.226562	-0.0390625
16000	-0.21875	-0.0703125
16010	-0.210938	-0.0546875
16020	-0.203125	-0.0859375
16030	-0.210938	-0.078125
16040	-0.21875	-0.117188
16050	-0.210938	-0.125
16060	-0.21875	-0.101562
16070	-0.25	-0.117188
16080	-0.273438	-0.132812
16090	-0.242188	-0.125
16100	-0.226562	-0.171875
16110	-0.21875	-0.171875
16120	-0.257812	-0.203125
16130	-0.234375	-0.195312
16140	-0.226562	-0.1875
16150	-0.234375	-0.21875
16160	-0.234375	-0.242188
16170	-0.242188	-0.25
16180	-0.226562	-0.265625
16190	-0.25	-0.296875
16200	-0.242188	-0.3125
16210	-0.265625	-0.296875
16220	-0.28125	-0.3125
16230	-0.289062	-0.296875
16240	-0.296875	-0.304688
16250	-0.296875	-0.304688
16260	-0.289062	-0.296875
16270	-0.273438	-0.28125
16280	-0.265625	-0.265625
16290	-0.257812	-0.242188
16300	-0.25	-0.210938
16310	-0.265625	-0.242188
16320	-0.257812	-0.226562
16330	-0.28125	-0.257812
16340	-0.28125	-0.257812
16350	-0.273438	-0.265625
16360	-0.234375	-0.28125
16370	-0.25	-0.257812
16380	-0.265625	-0.25
16390	-0.28125	-0.234375
16400	-0.304688	-0.234375
16410	-0.335938	-0.273438
16420	-0.34375	-0.273438
16430	-0.34375	-0.28125
16440	-0.359375	-0.28125
16450	-0.359375	-0.265625
16460	-0.359375	-0.273438
16470	-0.367188	-0.273438
16480	-0.34375	-0.273438
16490	-0.351562	-0.28125
16500	-0.335938	-0.28125
16510	-0.3125	-0.289062
16520	-0.328125	-0.265625
16530	-0.320312	-0.25
16540	-0.3125	-0.257812
16550	-0.328125	-0.273438
16560	-0.328125	-0.265625
16570	-0.328125	-0.265625
16580	-0.304688	-0.234375
16590	-0.289062	-0.21875
16600	-0.296875	-0.242188
16610	-0.304688	-0.234375
16620	-0.320312	-0.25
16630	-0.3125	-0.257812
16640	-0.304688	-0.21875
16650	-0.304688	-0.226562
16660	-0.273438	-0.210938
16670	-0.273438	-0.203125
16680	-0.28125	-0.171875
16690	-0.273438	-0.171875
16700	-0.289062	-0.171875
16710	-0.28125	-0.179688
16720	-0.28125	-0.179688
16730	-0.289062	-0.15625
16740	-0.3125	-0.164062
16750	-0.304688	-0.164062
16760	-0.265625	-0.179688
16770	-0.273438	-0.171875
16780	-0.273438	-0.164062
16790	-0.265625	-0.195312
16800	-0.265625	-0.1875
16810	-0.242188	-0.203125
16820	-0.21875	-0.210938
16830	-0.242188	-0.203125
16840	-0.242188	-0.195312
16850	-0.234375	-0.195312
16860	-0.234375	-0.179688
16870	-0.234375	-0.171875
16880	-0.242188	-0.1875
16890	-0.25	-0.164062
16900	-0.257812	-0.164062
16910	-0.28125	-0.203125
16920	-0.296875	-0.1875
16930	-0.3125	-0.203125
16940	-0.3125	-0.210938
16950	-0.34375	-0.226562
16960	-0.367188	-0.21875
16970	-0.382812	-0.203125
16980	-0.359375	-0.203125
16990	-0.375	-0.203125
17000	-0.375	-0.179688
17010	-0.351562	-0.164062
17020	-0.359375	-0.164062
17030	-0.375	-0.15625
17040	-0.375	-0.1875
17050	-0.375	-0.15625
17060	-0.367188	-0.164062
17070	-0.367188	-0.164062
17080	-0.375	-0.15625
17090	-0.375	-0.15625
17100	-0.382812	-0.164062
17110	-0.367188	-0.148438
17120	-0.328125	-0.140625
17130	-0.34375	-0.164062
17140	-0.351562	-0.164062
17150	-0.328125	-0.148438
17160	-0.289062	-0.132812
17170	-0.304688	-0.140625
17180	-0.304688	-0.132812
17190	-0.328125	-0.164062
17200	-0.320312	-0.164062
17210	-0.3125	-0.1875
17220	-0.328125	-0.1875
17230	-0.3125	-0.195312
17240	-0.335938	-0.195312
17250	-0.3125	-0.1875
17260	-0.328125	-0.210938
17270	-0.335938	-0.21875
17280	-0.328125	-0.21875
17290	-0.296875	-0.21875
17300	-0.3125	-0.179688
17310	-0.296875	-0.140625
17320	-0.3125	-0.132812
17330	-0.304688	-0.148438
17340	-0.3125	-0.148438
17350	-0.304688	-0.109375
17360	-0.3125	-0.109375
17370	-0.328125	-0.109375
17380	-0.34375	-0.09375
17390	-0.351562	-0.117188
17400	-0.351562	-0.101562
17410	-0.351562	-0.109375
17420	-0.351562	-0.140625
17430	-0.359375	-0.148438
17440	-0.359375	-0.132812
17450	-0.367188	-0.140625
17460	-0.359375	-0.15625
17470	-0.335938	-0.15625
17480	-0.351562	-0.132812
17490	-0.335938	-0.09375
17500	-0.335938	-0.09375
17510	-0.328125	-0.0703125
17520	-0.328125	-0.046875
17530	-0.3125	-0.0546875
17540	-0.3125	-0.0546875
17550	-0.304688	-0.0390625
17560	-0.296875	-0.0234375
17570	-0.3125	-0.0234375
17580	-0.328125	-0.0625
17590	-0.3125	-0.0859375
17600	-0.320312	-0.078125
17610	-0.320312	-0.09375
17620	-0.296875	-0.078125
17630	-0.296875	-0.0625
17640	-0.28125	-0.0546875
17650	-0.304688	-0.046875
17660	-0.304688	-0.0234375
17670	-0.3125	-0.03125
17680	-0.3125	-0.0234375
17690	-0.304688	-0.0546875
17700	-0.28125	-0.046875
17710	-0.28125	-0.046875
17720	-0.289062	-0.03125
17730	-0.265625	-0.0390625
17740	-0.265625	-0.0625
17750	-0.289062	-0.0390625
17760	-0.28125	0
17770	-0.28125	0.0234375
17780	-0.257812	0.0625
17790	-0.234375	0.0546875
17800	-0.242188	0.046875
17810	-0.25	0.03125
17820	-0.21875	0.0078125
17830	-0.226562	0.0078125
17840	-0.195312	-0.015625
17850	-0.203125	-0.015625
17860	-0.226562	-0.03125
17870	-0.265625	-0.015625
17880	-0.28125	0
17890	-0.273438	-0.0078125
17900	-0.257812	-0.0234375
17910	-0.242188	-0.015625
17920	-0.273438	0.0234375
17930	-0.289062	0.03125
17940	-0.289062	0.0625
17950	-0.273438	0.101562
17960	-0.273438	0.109375
17970	-0.289062	0.09375
17980	-0.296875	0.125
17990	-0.28125	0.109375
18000	-0.28125	0.125
18010	-0.296875	0.101562
18020	-0.304688	0.125
18030	-0.304688	0.132812
18040	-0.3125	0.148438
18050	-0.296875	0.132812
18060	-0.296875	0.109375
18070	-0.289062	0.125
18080	-0.28125	0.117188
18090	-0.289062	0.101562
18100	-0.289062	0.109375
18110	-0.289062	0.09375
18120	-0.304688	0.0625
18130	-0.3125	0.0546875
18140	-0.28125	0.0546875
18150	-0.328125	0.0625
18160	-0.351562	0.09375
18170	-0.359375	0.0703125
18180	-0.328125	0.046875
18190	-0.34375	0.015625
18200	-0.328125	0.0390625
18210	-0.328125	0.0390625
18220	-0.351562	0.0625
18230	-0.375	0.0703125
18240	-0.34375	0.0390625
18250	-0.328125	0.0390625
18260	-0.304688	0.046875
18270	-0.304688	0.046875
18280	-0.3125	0.0390625
18290	-0.320312	0.0390625
18300	-0.328125	0.0234375
18310	-0.304688	0.046875
18320	-0.304688	0.046875
18330	-0.28125	0.0390625
18340	-0.242188	0.03125
18350	-0.257812	0.0234375
18360	-0.265625	0.0078125
18370	-0.265625	0.0234375
18380	-0.265625	0.0234375
18390	-0.257812	0.0078125
18400	-0.289062	0.0234375
18410	-0.289062	0.0390625
18420	-0.289062	0.015625
18430	-0.3125	-0.015625
18440	-0.289062	-0.0390625
18450	-0.296875	-0.0390625
18460	-0.296875	-0.03125
18470	-0.289062	-0.015625
18480	-0.296875	-0.015625
18490	-0.289062	0
18500	-0.296875	0.0078125
18510	-0.28125	0.046875
18520	-0.28125	0.078125
18530	-0.265625	0.0859375
18540	-0.25	0.078125
18550	-0.265625	0.0703125
18560	-0.257812	0.0703125
18570	-0.226562	0.101562
18580	-0.21875	0.101562
18590	-0.21875	0.109375
18600	-0.210938	0.109375
18610	-0.21875	0.117188
18620	-0.1875	0.109375
18630	-0.210938	0.101562
18640	-0.257812	0.046875
18650	-0.273438	0.0703125
18660	-0.265625	0.09375
18670	-0.257812	0.0859375
18680	-0.25	0.0859375
18690	-0.257812	0.09375
18700	-0.28125	0.09375
18710	-0.28125	0.09375
18720	-0.289062	0.101562
18730	-0.320312	0.101562
18740	-0.3125	0.09375
18750	-0.289062	0.140625
18760	-0.289062	0.125
18770	-0.3125	0.171875
18780	-0.320312	0.179688
18790	-0.296875	0.1875
18800	-0.273438	0.164062
18810	-0.289062	0.140625
18820	-0.257812	0.09375
18830	-0.242188	0.0703125
18840	-0.226562	0.0625
18850	-0.226562	0.046875
18860	-0.273438	0.0390625
18870	-0.289062	0.0234375
18880	-0.289062	0.0546875
18890	-0.296875	0.078125
18900	-0.304688	0.078125
18910	-0.320312	0.09375
18920	-0.335938	0.09375
18930	-0.335938	0.0859375
18940	-0.320312	0.046875
18950	-0.304688	0.0546875
18960	-0.304688	0.0390625
18970	-0.304688	0.0234375
18980	-0.289062	0.0390625
18990	-0.28125	0.03125
19000	-0.265625	0.03125
19010	-0.25	0.0078125
19020	-0.234375	0.03125
19030	-0.226562	0.0390625
19040	-0.21875	0.03125
19050	-0.226562	0.015625
19060	-0.25	0.015625
19070	-0.226562	0.03125
19080	-0.265625	0.0390625
19090	-0.28125	0.0390625
19100	-0.28125	0.0625
19110	-0.296875	0.0625
19120	-0.296875	0.0625
19130	-0.28125	0.046875
19140	-0.320312	0.0546875
19150	-0.304688	0.0625
19160	-0.328125	0.0546875
19170	-0.335938	0.03125
19180	-0.335938	0.0234375
19190	-0.351562	0.03125
19200	-0.328125	0.0625
19210	-0.34375	0.0703125
19220	-0.351562	0.0390625
19230	-0.367188	0.015625
19240	-0.359375	0
19250	-0.34375	0.015625
19260	-0.335938	0.03125
19270	-0.34375	0.0234375
19280	-0.359375	0.0390625
19290	-0.359375	0.0546875
19300	-0.351562	0.0625
19310	-0.367188	0.0390625
19320	-0.390625	0.046875
19330	-0.359375	0.078125
19340	-0.351562	0.0703125
19350	-0.351562	0.0859375
19360	-0.3125	0.0546875
19370	-0.304688	0.0703125
19380	-0.320312	0.078125
19390	-0.320312	0.0546875
19400	-0.304688	0.0703125
19410	-0.296875	0.03125
19420	-0.296875	0.0234375
19430	-0.273438	-0.0078125
19440	-0.296875	-0.0390625
19450	-0.28125	-0.0234375
19460	-0.28125	-0.015625
19470	-0.242188	-0.015625
19480	-0.210938	0
19490	-0.234375	-0.015625
19500	-0.21875	-0.046875
19510	-0.226562	-0.0703125
19520	-0.226562	-0.046875
19530	-0.234375	-0.03125
19540	-0.265625	-0.0390625
19550	-0.273438	-0.0546875
19560	-0.289062	-0.046875
19570	-0.296875	-0.015625
19580	-0.304688	0
19590	-0.273438	0
19600	-0.273438	0
19610	-0.265625	0.015625
19620	-0.273438	0.0234375
19630	-0.257812	0.015625
19640	-0.257812	0.0234375
19650	-0.25	0.0390625
19660	-0.28125	0.0390625
19670	-0.265625	0.046875
19680	-0.25	0.0546875
19690	-0.242188	0.0546875
19700	-0.226562	0.03125
19710	-0.234375	0.046875
19720	-0.257812	0.046875
19730	-0.257812	0.0703125
19740	-0.234375	0.0625
19750	-0.226562	0.0546875
19760	-0.210938	0.0546875
19770	-0.226562	0.0703125
19780	-0.226562	0.0390625
19790	-0.21875	0.0390625
19800	-0.257812	0.0546875
19810	-0.25	0.0546875
19820	-0.234375	0.046875
19830	-0.25	0.0703125
19840	-0.242188	0.0625
19850	-0.226562	0.0625
19860	-0.21875	0.0234375
19870	-0.210938	0.015625
19880	-0.195312	-0.0234375
19890	-0.210938	-0.0234375
19900	-0.234375	0.015625
19910	-0.210938	0.0078125
19920	-0.210938	0.0234375
19930	-0.210938	0.03125
19940	-0.203125	0.015625
19950	-0.203125	0.0390625
19960	-0.234375	0.0234375
19970	-0.273438	0.046875
19980	-0.289062	0.0703125
19990	-0.320312	0.078125
20000	-0.3125	0.078125
20010	-0.304688	0.09375
20020	-0.304688	0.0859375
20030	-0.304688	0.078125
20040	-0.320312	0.0546875
20050	-0.3125	0.046875
20060	-0.3125	0.0390625
20070	-0.289062	0.0546875
20080	-0.28125	0.0625
20090	-0.289062	0.078125
20100	-0.257812	0.0859375
20110	-0.226562	0.0703125
20120	-0.226562	0.0703125
20130	-0.21875	0.0625
20140	-0.203125	0.046875
20150	-0.226562	0.0546875
20160	-0.226562	0.046875
20170	-0.234375	0.0390625
20180	-0.25	0.0625
20190	-0.25	0.0625
20200	-0.25	0.046875
20210	-0.242188	0.03125
20220	-0.21875	0.0625
20230	-0.25	0.0625
20240	-0.265625	0.0546875
20250	-0.28125	0.0703125
20260	-0.289062	0.09375
20270	-0.265625	0.0859375
20280	-0.273438	0.109375
20290	-0.28125	0.125
20300	-0.28125	0.117188
20310	-0.265625	0.09375
20320	-0.273438	0.0859375
20330	-0.304688	0.109375
20340	-0.328125	0.09375
20350	-0.359375	0.117188
20360	-0.335938	0.132812
20370	-0.335938	0.148438
20380	-0.335938	0.15625
20390	-0.320312	0.179688
20400	-0.3125	0.148438
20410	-0.304688	0.140625
20420	-0.320312	0.117188
20430	-0.34375	0.109375
20440	-0.34375	0.117188
20450	-0.359375	0.132812
20460	-0.351562	0.117188
20470	-0.34375	0.132812
20480	-0.351562	0.125
20490	-0.3125	0.125
20500	-0.304688	0.132812
20510	-0.296875	0.140625
20520	-0.289062	0.15625
20530	-0.289062	0.164062
20540	-0.28125	0.15625
20550	-0.273438	0.132812
20560	-0.234375	0.125
20570	-0.25	0.09375
20580	-0.25	0.078125
20590	-0.273438	0.046875
20600	-0.3125	0.046875
20610	-0.335938	0.046875
20620	-0.335938	0.0546875
20630	-0.328125	0.03125
20640	-0.3125	0.0390625
20650	-0.3125	0.0625
20660	-0.320312	0.078125
20670	-0.304688	0.0625
20680	-0.335938	0.046875
20690	-0.328125	0.0546875
20700	-0.328125	0.0234375
20710	-0.335938	0.0078125
20720	-0.3125	-0.015625
20730	-0.328125	-0.0078125
20740	-0.289062	-0.046875
20750	-0.289062	-0.03125
20760	-0.296875	-0.0078125
20770	-0.296875	0.0234375
20780	-0.257812	0.046875
20790	-0.25	0
20800	-0.25	0.0078125
20810	-0.257812	0.03125
20820	-0.25	0.0546875
20830	-0.265625	0.078125
20840	-0.296875	0.0859375
20850	-0.304688	0.078125
20860	-0.3125	0.0703125
20870	-0.320312	0.0859375
20880	-0.335938	0.101562
20890	-0.304688	0.0625
20900	-0.296875	0.0703125
20910	-0.273438	0.078125
20920	-0.296875	0.09375
20930	-0.289062	0.109375
20940	-0.289062	0.101562
20950	-0.289062	0.0859375
20960	-0.296875	0.0859375
20970	-0.289062	0.09375
20980	-0.273438	0.0703125
20990	-0.273438	0.0546875
21000	-0.25	0.0234375
21010	-0.25	0.03125
21020	-0.242188	0.03125
21030	-0.242188	0.0390625
21040	-0.21875	0.0625
21050	-0.242188	0.0859375
21060	-0.25	0.078125
21070	-0.226562	0.0859375
21080	-0.21875	0.0703125
21090	-0.21875	0.09375
21100	-0.210938	0.09375
21110	-0.21875	0.101562
21120	-0.179688	0.109375
21130	-0.164062	0.0703125
21140	-0.164062	0.0703125
21150	-0.179688	0.0625
21160	-0.203125	0.101562
21170	-0.1875	0.117188
21180	-0.203125	0.078125
21190	-0.203125	0.078125
21200	-0.210938	0.09375
21210	-0.203125	0.0703125
21220	-0.21875	0.0625
21230	-0.21875	0.101562
21240	-0.242188	0.101562
21250	-0.25	0.117188
21260	-0.257812	0.101562
21270	-0.265625	0.109375
21280	-0.257812	0.101562
21290	-0.234375	0.109375
21300	-0.257812	0.125
21310	-0.242188	0.132812
21320	-0.21875	0.117188
21330	-0.242188	0.101562
21340	-0.25	0.109375
21350	-0.242188	0.078125
21360	-0.25	0.078125
21370	-0.25	0.09375
21380	-0.273438	0.109375
21390	-0.265625	0.078125
21400	-0.265625	0.101562
21410	-0.257812	0.0859375
21420	-0.289062	0.109375
21430	-0.273438	0.09375
21440	-0.273438	0.109375
21450	-0.257812	0.0859375
21460	-0.25	0.0625
21470	-0.234375	0.03125
21480	-0.234375	0.0390625
21490	-0.21875	0.0390625
21500	-0.21875	0.0546875
21510	-0.234375	0.0546875
21520	-0.242188	0.03125
21530	-0.257812	0.03125
21540	-0.257812	0.0390625
21550	-0.257812	0.0390625
21560	-0.265625	0.0546875
21570	-0.242188	0.0546875
21580	-0.257812	0.0859375
21590	-0.257812	0.0859375
21600	-0.257812	0.0703125
21610	-0.265625	0.078125
21620	-0.273438	0.109375
21630	-0.265625	0.125
21640	-0.273438	0.148438
21650	-0.242188	0.15625
21660	-0.265625	0.132812
21670	-0.265625	0.101562
21680	-0.289062	0.101562
21690	-0.296875	0.09375
21700	-0.3125	0.125
21710	-0.3125	0.117188
21720	-0.28125	0.0859375
21730	-0.289062	0.0703125
21740	-0.289062	0.0625
21750	-0.273438	0.0390625
21760	-0.25	0.0234375
21770	-0.25	0.03125
21780	-0.257812	0.0390625
21790	-0.25	0.0234375
21800	-0.25	0.0234375
21810	-0.28125	-0.0078125
21820	-0.265625	-0.0390625
21830	-0.28125	-0.0078125
21840	-0.304688	-0.015625
21850	-0.328125	-0.0078125
21860	-0.289062	0.015625
21870	-0.257812	-0.0078125
21880	-0.28125	0
21890	-0.289062	-0.0078125
21900	-0.289062	0
21910	-0.328125	0
21920	-0.320312	0.0234375
21930	-0.296875	0.0078125
21940	-0.273438	0.0546875
21950	-0.28125	0.015625
21960	-0.265625	0.03125
21970	-0.257812	0.015625
21980	-0.21875	0.015625
21990	-0.234375	0
22000	-0.21875	0.015625
22010	-0.226562	-0.0078125
22020	-0.234375	-0.0234375
22030	-0.242188	-0.0234375
22040	-0.25	-0.0546875
22050	-0.242188	-0.015625
22060	-0.257812	0.0078125
22070	-0.226562	0.015625
22080	-0.265625	0.015625
22090	-0.265625	0.015625
22100	-0.242188	0.0390625
22110	-0.242188	0.046875
22120	-0.257812	0.0546875
22130	-0.257812	0.0390625
22140	-0.265625	0.0234375
22150	-0.28125	0.0078125
22160	-0.28125	0.015625
22170	-0.257812	0
22180	-0.234375	0
22190	-0.234375	-0.015625
22200	-0.25	-0.0078125
22210	-0.257812	-0.0078125
22220	-0.21875	0
22230	-0.25	0.0078125
22240	-0.265625	0.015625
22250	-0.257812	0.0078125
22260	-0.257812	0
22270	-0.289062	0.03125
22280	-0.335938	0.0078125
22290	-0.359375	0
22300	-0.359375	-0.0234375
22310	-0.359375	-0.015625
22320	-0.367188	0
22330	-0.375	0
22340	-0.382812	-0.015625
22350	-0.382812	0
22360	-0.375	-0.0078125
22370	-0.382812	-0.0234375
22380	-0.351562	-0.015625
22390	-0.328125	-0.0234375
22400	-0.351562	-0.0234375
22410	-0.34375	-0.015625
22420	-0.304688	-0.0234375
22430	-0.28125	-0.046875
22440	-0.296875	-0.0859375
22450	-0.28125	-0.0703125
22460	-0.289062	-0.0625
22470	-0.304688	-0.078125
22480	-0.296875	-0.0625
22490	-0.273438	-0.03125
22500	-0.265625	-0.0234375
22510	-0.257812	-0.03125
22520	-0.296875	0
22530	-0.3125	0
22540	-0.304688	-0.0234375
22550	-0.296875	0.0234375
22560	-0.320312	0
22570	-0.320312	0.0078125
22580	-0.328125	-0.0078125
22590	-0.320312	0
22600	-0.289062	0.0234375
22610	-0.289062	0.03125
22620	-0.28125	0
22630	-0.25	0.0234375
22640	-0.242188	0.0078125
22650	-0.257812	0.03125
22660	-0.21875	0.0078125
22670	-0.210938	-0.015625
22680	-0.21875	-0.0234375
22690	-0.210938	-0.03125
22700	-0.179688	-0.0390625
22710	-0.171875	-0.046875
22720	-0.203125	-0.046875
22730	-0.195312	-0.03125
22740	-0.1875	-0.0390625
22750	-0.1875	-0.0234375
22760	-0.210938	-0.03125
22770	-0.210938	-0.015625
22780	-0.21875	-0.03125
22790	-0.21875	-0.03125
22800	-0.1875	-0.046875
22810	-0.179688	0
22820	-0.164062	0
22830	-0.179688	0
22840	-0.171875	0.0234375
22850	-0.164062	0.0078125
22860	-0.148438	-0.0390625
22870	-0.15625	-0.0234375
22880	-0.164062	-0.0390625
22890	-0.148438	0.0078125
22900	-0.1875	-0.0078125
22910	-0.179688	-0.0234375
22920	-0.171875	0.0234375
22930	-0.234375	0.0625
22940	-0.25	0.09375
22950	-0.25	0.0859375
22960	-0.265625	0.078125
22970	-0.242188	0.0546875
22980	-0.242188	0.0703125
22990	-0.242188	0.078125
23000	-0.25	0.0546875
23010	-0.226562	0.0703125
23020	-0.226562	0.101562
23030	-0.1875	0.0625
23040	-0.210938	0.03125
23050	-0.21875	0.0234375
23060	-0.203125	-0.015625
23070	-0.21875	-0.0234375
23080	-0.195312	0
23090	-0.195312	0.0234375
23100	-0.210938	0.0078125
23110	-0.21875	0.0078125
23120	-0.21875	-0.03125
23130	-0.226562	-0.0390625
23140	-0.226562	-0.0546875
23150	-0.226562	-0.0703125
23160	-0.265625	-0.0703125
23170	-0.265625	-0.0390625
23180	-0.25	-0.0390625
23190	-0.25	-0.0546875
23200	-0.265625	-0.03125
23210	-0.265625	-0.0546875
23220	-0.265625	-0.0703125
23230	-0.265625	-0.0625
23240	-0.273438	-0.101562
23250	-0.265625	-0.0859375
23260	-0.257812	-0.0859375
23270	-0.273438	-0.101562
23280	-0.265625	-0.125
23290	-0.265625	-0.125
23300	-0.265625	-0.125
23310	-0.289062	-0.09375
23320	-0.273438	-0.09375
23330	-0.296875	-0.132812
23340	-0.304688	-0.140625
23350	-0.289062	-0.148438
23360	-0.28125	-0.15625
23370	-0.265625	-0.148438
23380	-0.273438	-0.164062
23390	-0.28125	-0.164062
23400	-0.273438	-0.15625
23410	-0.296875	-0.148438
23420	-0.304688	-0.132812
23430	-0.289062	-0.140625
23440	-0.296875	-0.148438
23450	-0.289062	-0.164062
23460	-0.320312	-0.148438
23470	-0.3125	-0.179688
23480	-0.328125	-0.164062
23490	-0.3125	-0.132812
23500	-0.28125	-0.109375
23510	-0.289062	-0.101562
23520	-0.3125	-0.078125
23530	-0.28125	-0.0859375
23540	-0.257812	-0.0859375
23550	-0.25	-0.078125
23560	-0.25	-0.0625
23570	-0.273438	-0.0625
23580	-0.273438	-0.0703125
23590	-0.289062	-0.101562
23600	-0.320312	-0.09375
23610	-0.328125	-0.0703125
23620	-0.328125	-0.0703125
23630	-0.335938	-0.0625
23640	-0.328125	-0.078125
23650	-0.335938	-0.0703125
23660	-0.328125	-0.0703125
23670	-0.320312	-0.078125
23680	-0.328125	-0.0703125
23690	-0.320312	-0.0390625
23700	-0.328125	-0.046875
23710	-0.304688	-0.0703125
23720	-0.289062	-0.0859375
23730	-0.273438	-0.09375
23740	-0.257812	-0.09375
23750	-0.273438	-0.078125
23760	-0.25	-0.0703125
23770	-0.242188	-0.0234375
23780	-0.195312	-0.03125
23790	-0.1875	-0.0625
23800	-0.179688	-0.046875
23810	-0.226562	-0.09375
23820	-0.210938	-0.0625
23830	-0.242188	-0.0703125
23840	-0.242188	-0.0625
23850	-0.234375	-0.078125
23860	-0.25	-0.0703125
23870	-0.242188	-0.0625
23880	-0.242188	-0.0859375
23890	-0.21875	-0.0625
23900	-0.210938	-0.09375
23910	-0.210938	-0.09375
23920	-0.210938	-0.09375
23930	-0.195312	-0.109375
23940	-0.1875	-0.109375
23950	-0.179688	-0.125
23960	-0.195312	-0.117188
23970	-0.1875	-0.132812
23980	-0.179688	-0.132812
23990	-0.203125	-0.140625
24000	-0.226562	-0.1875
24010	-0.273438	-0.21875
24020	-0.273438	-0.21875
24030	-0.289062	-0.226562
24040	-0.28125	-0.242188
24050	-0.28125	-0.257812
24060	-0.273438	-0.242188
24070	-0.296875	-0.226562
24080	-0.28125	-0.203125
24090	-0.273438	-0.226562
24100	-0.242188	-0.203125
24110	-0.257812	-0.21875
24120	-0.273438	-0.179688
24130	-0.273438	-0.164062
24140	-0.265625	-0.140625
24150	-0.265625	-0.125
24160	-0.28125	-0.109375
24170	-0.273438	-0.0859375
24180	-0.273438	-0.0859375
24190	-0.273438	-0.0703125
24200	-0.257812	-0.0859375
24210	-0.296875	-0.09375
24220	-0.28125	-0.101562
24230	-0.289062	-0.132812
24240	-0.28125	-0.125
24250	-0.289062	-0.132812
24260	-0.273438	-0.171875
24270	-0.25	-0.164062
24280	-0.265625	-0.15625
24290	-0.273438	-0.164062
24300	-0.273438	-0.15625
24310	-0.257812	-0.1875
24320	-0.257812	-0.15625
24330	-0.234375	-0.164062
24340	-0.242188	-0.171875
24350	-0.257812	-0.15625
24360	-0.273438	-0.125
24370	-0.226562	-0.0859375
24380	-0.25	-0.0859375
24390	-0.25	-0.0703125
24400	-0.265625	-0.0703125
24410	-0.265625	-0.0625
24420	-0.25	-0.03125
24430	-0.265625	0
24440	-0.28125	0.015625
24450	-0.28125	0.0234375
24460	-0.296875	0.03125
24470	-0.296875	0.03125
24480	-0.28125	-0.0078125
24490	-0.304688	0.015625
24500	-0.304688	0.0546875
24510	-0.320312	0.0546875
24520	-0.359375	0.0546875
24530	-0.351562	0.0625
24540	-0.359375	0.09375
24550	-0.328125	0.0859375
24560	-0.328125	0.078125
24570	-0.328125	0.078125
24580	-0.328125	0.0859375
24590	-0.34375	0.0703125
24600	-0.34375	0.0703125
24610	-0.351562	0.0859375
24620	-0.351562	0.109375
24630	-0.34375	0.148438
24640	-0.359375	0.148438
24650	-0.390625	0.140625
24660	-0.375	0.140625
24670	-0.351562	0.171875
24680	-0.34375	0.15625
24690	-0.359375	0.179688
24700	-0.367188	0.164062
24710	-0.382812	0.171875
24720	-0.382812	0.171875
24730	-0.390625	0.171875
24740	-0.40625	0.171875
24750	-0.390625	0.1875
24760	-0.382812	0.15625
24770	-0.375	0.109375
24780	-0.382812	0.125
24790	-0.382812	0.125
24800	-0.382812	0.117188
24810	-0.414062	0.117188
24820	-0.40625	0.140625
24830	-0.367188	0.132812
24840	-0.34375	0.117188
24850	-0.367188	0.0859375
24860	-0.34375	0.09375
24870	-0.320312	0.0546875
24880	-0.328125	0.0546875
24890	-0.289062	0.0625
24900	-0.304688	0.0546875
24910	-0.296875	0.046875
24920	-0.296875	0.046875
24930	-0.257812	0.0546875
24940	-0.265625	0.09375
24950	-0.242188	0.132812
24960	-0.21875	0.140625
24970	-0.234375	0.109375
24980	-0.25	0.132812
24990	-0.265625	0.125
25000	-0.234375	0.125
25010	-0.242188	0.140625
25020	-0.257812	0.101562
25030	-0.25	0.0859375
25040	-0.21875	0.09375
25050	-0.203125	0.101562
25060	-0.203125	0.101562
25070	-0.21875	0.140625
25080	-0.21875	0.125
25090	-0.226562	0.117188
25100	-0.21875	0.117188
25110	-0.234375	0.109375
25120	-0.242188	0.109375
25130	-0.21875	0.078125
25140	-0.210938	0.078125
25150	-0.21875	0.0859375
25160	-0.21875	0.0859375
25170	-0.21875	0.09375
25180	-0.21875	0.09375
25190	-0.234375	0.09375
25200	-0.242188	0.101562
25210	-0.25	0.101562
25220	-0.234375	0.109375
25230	-0.242188	0.09375
25240	-0.242188	0.132812
25250	-0.265625	0.171875
25260	-0.265625	0.1875
25270	-0.257812	0.15625
25280	-0.28125	0.164062
25290	-0.265625	0.15625
25300	-0.265625	0.117188
25310	-0.265625	0.125
25320	-0.257812	0.15625
25330	-0.257812	0.15625
25340	-0.28125	0.164062
25350	-0.273438	0.148438
25360	-0.296875	0.109375
25370	-0.296875	0.0703125
25380	-0.265625	0.0390625
25390	-0.226562	0.0234375
25400	-0.179688	0.015625
25410	-0.148438	-0.0078125
25420	-0.171875	-0.03125
25430	-0.171875	-0.03125
25440	-0.171875	-0.0234375
25450	-0.164062	-0.0234375
25460	-0.1875	-0.0390625
25470	-0.195312	-0.0390625
25480	-0.1875	-0.0234375
25490	-0.195312	-0.015625
25500	-0.203125	-0.0234375
25510	-0.21875	-0.0546875
25520	-0.21875	-0.0234375
25530	-0.210938	-0.0234375
25540	-0.195312	-0.0625
25550	-0.203125	-0.0390625
25560	-0.171875	-0.0078125
25570	-0.1875	-0.046875
25580	-0.179688	-0.046875
25590	-0.171875	-0.0234375
25600	-0.164062	0
25610	-0.195312	0.015625
25620	-0.195312	0
25630	-0.1875	0
25640	-0.171875	0
25650	-0.195312	-0.0234375
25660	-0.195312	0.015625
25670	-0.210938	0.03125
25680	-0.226562	0.03125
25690	-0.203125	0.046875
25700	-0.1875	0.03125
25710	-0.171875	0.015625
25720	-0.1875	0.03125
25730	-0.1875	0.0234375
25740	-0.179688	0.0625
25750	-0.15625	0.109375
25760	-0.148438	0.101562
25770	-0.132812	0.125
25780	-0.132812	0.125
25790	-0.132812	0.132812
25800	-0.15625	0.164062
25810	-0.148438	0.171875
25820	-0.15625	0.15625
25830	-0.195312	0.179688
25840	-0.1875	0.164062
25850	-0.21875	0.164062
25860	-0.203125	0.140625
25870	-0.210938	0.132812
25880	-0.226562	0.148438
25890	-0.226562	0.15625
25900	-0.242188	0.140625
25910	-0.25	0.195312
25920	-0.273438	0.1875
25930	-0.273438	0.179688
25940	-0.289062	0.164062
25950	-0.265625	0.140625
25960	-0.242188	0.132812
25970	-0.242188	0.125
25980	-0.234375	0.101562
25990	-0.203125	0.132812
26000	-0.226562	0.15625
26010	-0.234375	0.148438
26020	-0.234375	0.15625
26030	-0.234375	0.164062
26040	-0.242188	0.164062
26050	-0.257812	0.171875
26060	-0.273438	0.179688
26070	-0.257812	0.195312
26080	-0.28125	0.210938
26090	-0.226562	0.210938
26100	-0.203125	0.164062
26110	-0.179688	0.148438
26120	-0.195312	0.101562
26130	-0.171875	0.0859375
26140	-0.171875	0.078125
26150	-0.1875	0.0625
26160	-0.171875	0.0859375
26170	-0.148438	0.0625
26180	-0.132812	0.0390625
26190	-0.125	0.0390625
26200	-0.140625	0.0703125
26210	-0.1875	0.0625
26220	-0.203125	0.03125
26230	-0.195312	0.03125
26240	-0.203125	0.0234375
26250	-0.21875	0.0390625
26260	-0.273438	0.0234375
26270	-0.273438	0.0078125
26280	-0.257812	0.0234375
26290	-0.265625	0.0234375
26300	-0.265625	0.03125
26310	-0.25	0.0078125
26320	-0.226562	0.0390625
26330	-0.242188	0.0390625
26340	-0.265625	0.0625
26350	-0.257812	0.0703125
26360	-0.234375	0.0625
26370	-0.226562	0.0234375
26380	-0.265625	0.0625
26390	-0.265625	0.046875
26400	-0.265625	0.0546875
26410	-0.289062	0.078125
26420	-0.28125	0.09375
26430	-0.273438	0.078125
26440	-0.273438	0.09375
26450	-0.265625	0.117188
26460	-0.265625	0.117188
26470	-0.28125	0.0859375
26480	-0.273438	0.101562
26490	-0.257812	0.0703125
26500	-0.242188	0.0703125
26510	-0.226562	0.0703125
26520	-0.25	0.0546875
26530	-0.257812	0.0390625
26540	-0.25	0.0078125
26550	-0.25	0
26560	-0.234375	0.015625
26570	-0.25	-0.0234375
26580	-0.242188	-0.015625
26590	-0.234375	0.0078125
26600	-0.234375	0.0234375
26610	-0.242188	0.015625
26620	-0.242188	0.03125
26630	-0.257812	0.03125
26640	-0.25	0.0078125
26650	-0.257812	0.03125
26660	-0.257812	0.046875
26670	-0.28125	0.046875
26680	-0.28125	0.0390625
26690	-0.296875	0.0390625
26700	-0.273438	0.0390625
26710	-0.265625	0.0859375
26720	-0.25	0.101562
26730	-0.273438	0.0703125
26740	-0.273438	0.0859375
26750	-0.289062	0.0859375
26760	-0.28125	0.078125
26770	-0.273438	0.078125
26780	-0.273438	0.078125
26790	-0.296875	0.101562
26800	-0.296875	0.101562
26810	-0.296875	0.09375
26820	-0.304688	0.09375
26830	-0.320312	0.0859375
26840	-0.328125	0.109375
26850	-0.34375	0.0703125
26860	-0.335938	0.09375
26870	-0.328125	0.101562
26880	-0.328125	0.09375
26890	-0.304688	0.101562
26900	-0.28125	0.117188
26910	-0.289062	0.0859375
26920	-0.28125	0.0625
26930	-0.273438	0.0859375
26940	-0.296875	0.117188
26950	-0.328125	0.0703125
26960	-0.3125	0.09375
26970	-0.320312	0.0859375
26980	-0.34375	0.0859375
26990	-0.320312	0.046875
27000	-0.328125	0.0859375
27010	-0.320312	0.0625
27020	-0.289062	0.0859375
27030	-0.265625	0.0859375
27040	-0.289062	0.078125
27050	-0.273438	0.0703125
27060	-0.257812	0.0390625
27070	-0.25	0
27080	-0.21875	-0.0390625
27090	-0.226562	-0.0546875
27100	-0.226562	-0.0546875
27110	-0.234375	-0.0625
27120	-0.234375	-0.046875
27130	-0.242188	-0.0859375
27140	-0.257812	-0.09375
27150	-0.273438	-0.0859375
27160	-0.28125	-0.0859375
27170	-0.28125	-0.078125
27180	-0.28125	-0.0859375
27190	-0.28125	-0.101562
27200	-0.304688	-0.101562
27210	-0.289062	-0.109375
27220	-0.289062	-0.101562
27230	-0.3125	-0.101562
27240	-0.328125	-0.0859375
27250	-0.328125	-0.0625
27260	-0.328125	-0.0859375
27270	-0.320312	-0.0625
27280	-0.304688	-0.0546875
27290	-0.296875	-0.03125
27300	-0.320312	-0.03125
27310	-0.3125	-0.0390625
27320	-0.320312	-0.0703125
27330	-0.289062	-0.09375
27340	-0.273438	-0.0703125
27350	-0.28125	-0.078125
27360	-0.273438	-0.0859375
27370	-0.265625	-0.09375
27380	-0.257812	-0.09375
27390	-0.25	-0.0546875
27400	-0.242188	-0.03125
27410	-0.21875	-0.015625
27420	-0.203125	-0.046875
27430	-0.210938	-0.078125
27440	-0.234375	-0.0546875
27450	-0.25	-0.078125
27460	-0.257812	-0.109375
27470	-0.25	-0.109375
27480	-0.242188	-0.132812
27490	-0.242188	-0.109375
27500	-0.265625	-0.09375
27510	-0.257812	-0.0703125
27520	-0.25	-0.09375
27530	-0.257812	-0.078125
27540	-0.265625	-0.0703125
27550	-0.257812	-0.0546875
27560	-0.25	-0.0390625
27570	-0.257812	-0.03125
27580	-0.265625	-0.015625
27590	-0.273438	-0.046875
27600	-0.234375	-0.0078125
27610	-0.25	-0.0390625
27620	-0.234375	-0.046875
27630	-0.234375	-0.0390625
27640	-0.234375	-0.0234375
27650	-0.242188	0.0234375
27660	-0.226562	0.0234375
27670	-0.226562	0
27680	-0.226562	0.015625
27690	-0.21875	0.0078125
27700	-0.21875	0.0234375
27710	-0.226562	-0.0078125
27720	-0.226562	-0.0234375
27730	-0.21875	-0.0234375
27740	-0.234375	-0.0390625
27750	-0.257812	-0.078125
27760	-0.265625	-0.09375
27770	-0.257812	-0.101562
27780	-0.265625	-0.117188
27790	-0.257812	-0.0625
27800	-0.265625	-0.078125
27810	-0.257812	-0.101562
27820	-0.25	-0.0859375
27830	-0.234375	-0.09375
27840	-0.21875	-0.0703125
27850	-0.242188	-0.09375
27860	-0.242188	-0.09375
27870	-0.257812	-0.101562
27880	-0.25	-0.101562
27890	-0.21875	-0.101562
27900	-0.226562	-0.101562
27910	-0.234375	-0.078125
27920	-0.226562	-0.078125
27930	-0.234375	-0.0859375
27940	-0.25	-0.09375
27950	-0.25	-0.09375
27960	-0.257812	-0.0703125
27970	-0.257812	-0.0390625
27980	-0.257812	-0.03125
27990	-0.242188	-0.0703125
28000	-0.242188	-0.0546875
28010	-0.265625	-0.046875
28020	-0.234375	-0.078125
28030	-0.242188	-0.125
28040	-0.242188	-0.132812
28050	-0.265625	-0.109375
28060	-0.28125	-0.101562
28070	-0.273438	-0.125
28080	-0.257812	-0.15625
28090	-0.234375	-0.164062
28100	-0.273438	-0.1875
28110	-0.289062	-0.21875
28120	-0.289062	-0.179688
28130	-0.296875	-0.210938
28140	-0.296875	-0.21875
28150	-0.320312	-0.21875
28160	-0.296875	-0.21875
28170	-0.3125	-0.210938
28180	-0.296875	-0.210938
28190	-0.28125	-0.203125
28200	-0.273438	-0.226562
28210	-0.3125	-0.265625
28220	-0.328125	-0.28125
28230	-0.3125	-0.289062
28240	-0.289062	-0.289062
28250	-0.304688	-0.289062
28260	-0.335938	-0.304688
28270	-0.328125	-0.3125
28280	-0.320312	-0.3125
28290	-0.3125	-0.296875
28300	-0.304688	-0.304688
28310	-0.296875	-0.28125
28320	-0.296875	-0.273438
28330	-0.328125	-0.296875
28340	-0.335938	-0.296875
28350	-0.34375	-0.289062
28360	-0.351562	-0.296875
28370	-0.359375	-0.335938
28380	-0.34375	-0.335938
28390	-0.351562	-0.335938
28400	-0.351562	-0.351562
28410	-0.34375	-0.375
28420	-0.335938	-0.351562
28430	-0.320312	-0.328125
28440	-0.328125	-0.304688
28450	-0.335938	-0.296875
28460	-0.328125	-0.304688
28470	-0.3125	-0.3125
28480	-0.289062	-0.28125
28490	-0.273438	-0.257812
28500	-0.28125	-0.265625
28510	-0.304688	-0.28125
28520	-0.328125	-0.296875
28530	-0.328125	-0.304688
28540	-0.328125	-0.335938
28550	-0.320312	-0.328125
28560	-0.320312	-0.34375
28570	-0.3125	-0.320312
28580	-0.328125	-0.320312
28590	-0.3125	-0.3125
28600	-0.328125	-0.304688
28610	-0.351562	-0.320312
28620	-0.359375	-0.335938
28630	-0.335938	-0.289062
28640	-0.335938	-0.304688
28650	-0.34375	-0.3125
28660	-0.335938	-0.304688
28670	-0.335938	-0.304688
28680	-0.335938	-0.3125
28690	-0.335938	-0.289062
28700	-0.328125	-0.273438
28710	-0.304688	-0.257812
28720	-0.289062	-0.234375
28730	-0.296875	-0.242188
28740	-0.289062	-0.226562
28750	-0.304688	-0.210938
28760	-0.28125	-0.21875
28770	-0.265625	-0.25
28780	-0.265625	-0.242188
28790	-0.25	-0.21875
28800	-0.265625	-0.226562
28810	-0.28125	-0.210938
28820	-0.296875	-0.210938
28830	-0.28125	-0.226562
28840	-0.28125	-0.203125
28850	-0.289062	-0.210938
28860	-0.257812	-0.195312
28870	-0.28125	-0.195312
28880	-0.265625	-0.1875
28890	-0.28125	-0.1875
28900	-0.265625	-0.140625
28910	-0.25	-0.148438
28920	-0.242188	-0.132812
28930	-0.234375	-0.109375
28940	-0.234375	-0.117188
28950	-0.242188	-0.132812
28960	-0.242188	-0.125
28970	-0.25	-0.09375
28980	-0.28125	-0.0546875
28990	-0.296875	-0.046875
29000	-0.289062	-0.0546875
29010	-0.296875	-0.101562
29020	-0.265625	-0.117188
29030	-0.265625	-0.109375
29040	-0.257812	-0.101562
29050	-0.273438	-0.078125
29060	-0.265625	-0.09375
29070	-0.242188	-0.0703125
29080	-0.226562	-0.0625
29090	-0.25	-0.0859375
29100	-0.242188	-0.0703125
29110	-0.234375	-0.046875
29120	-0.210938	-0.0390625
29130	-0.1875	-0.015625
29140	-0.1875	0.015625
29150	-0.203125	0.0078125
29160	-0.210938	0.0390625
29170	-0.226562	0.015625
29180	-0.257812	0.015625
29190	-0.25	0.0234375
29200	-0.257812	0.015625
29210	-0.25	0.0078125
29220	-0.265625	0.0078125
29230	-0.25	0.015625
29240	-0.265625	0.0234375
29250	-0.265625	-0.015625
29260	-0.273438	-0.015625
29270	-0.265625	-0.015625
29280	-0.265625	-0.0078125
29290	-0.296875	-0.0078125
29300	-0.296875	0.0078125
29310	-0.320312	-0.015625
29320	-0.351562	-0.0078125
29330	-0.3125	-0.015625
29340	-0.296875	0.015625
29350	-0.273438	0.0078125
29360	-0.265625	0.0078125
29370	-0.242188	-0.015625
29380	-0.273438	0.0078125
29390	-0.28125	0
29400	-0.296875	-0.0078125
29410	-0.320312	0
29420	-0.3125	-0.0078125
29430	-0.3125	0
29440	-0.296875	-0.0234375
29450	-0.304688	-0.0390625
29460	-0.328125	-0.0546875
29470	-0.359375	-0.0546875
29480	-0.351562	-0.046875
29490	-0.359375	-0.03125
29500	-0.359375	-0.046875
29510	-0.367188	-0.03125
29520	-0.367188	-0.03125
29530	-0.367188	-0.03125
29540	-0.375	-0.0390625
29550	-0.359375	-0.0078125
29560	-0.359375	-0.0234375
29570	-0.351562	-0.0390625
29580	-0.34375	-0.0390625
29590	-0.34375	-0.0546875
29600	-0.320312	-0.0390625
29610	-0.3125	-0.03125
29620	-0.296875	-0.03125
29630	-0.296875	-0.0234375
29640	-0.296875	-0.0390625
29650	-0.273438	-0.03125
29660	-0.273438	-0.015625
29670	-0.273438	0.0078125
29680	-0.265625	0
29690	-0.265625	-0.0078125
29700	-0.234375	-0.0078125
29710	-0.25	-0.0390625
29720	-0.265625	-0.0390625
29730	-0.25	-0.046875
29740	-0.25	-0.0234375
29750	-0.257812	-0.03125
29760	-0.265625	-0.0546875
29770	-0.257812	-0.0390625
29780	-0.273438	-0.0390625
29790	-0.273438	-0.03125
29800	-0.28125	-0.0390625
29810	-0.28125	-0.0546875
29820	-0.28125	-0.0625
29830	-0.28125	-0.0703125
29840	-0.273438	-0.0390625
29850	-0.265625	-0.046875
29860	-0.273438	-0.0625
29870	-0.273438	-0.0703125
29880	-0.273438	-0.0625
29890	-0.28125	-0.078125
29900	-0.28125	-0.0625
29910	-0.296875	-0.078125
29920	-0.304688	-0.109375
29930	-0.3125	-0.117188
29940	-0.320312	-0.140625
29950	-0.304688	-0.125
29960	-0.296875	-0.109375
29970	-0.265625	-0.125
29980	-0.257812	-0.148438
29990	-0.265625	-0.132812
30000	-0.28125	-0.117188
30010	-0.296875	-0.101562
30020	-0.296875	-0.0703125
30030	-0.289062	-0.101562
30040	-0.28125	-0.078125
30050	-0.296875	-0.0859375
30060	-0.289062	-0.0703125
30070	-0.273438	-0.0859375
30080	-0.289062	-0.117188
30090	-0.273438	-0.125
30100	-0.289062	-0.117188
30110	-0.296875	-0.117188
30120	-0.28125	-0.101562
30130	-0.28125	-0.101562
30140	-0.296875	-0.078125
30150	-0.296875	-0.0859375
30160	-0.3125	-0.0859375
30170	-0.320312	-0.0859375
30180	-0.3125	-0.101562
30190	-0.328125	-0.117188
30200	-0.296875	-0.15625
30210	-0.289062	-0.117188
30220	-0.3125	-0.109375
30230	-0.296875	-0.109375
30240	-0.28125	-0.0859375
30250	-0.289062	-0.0625
30260	-0.296875	-0.09375
30270	-0.296875	-0.09375
30280	-0.289062	-0.125
30290	-0.289062	-0.117188
30300	-0.304688	-0.078125
30310	-0.304688	-0.0859375
30320	-0.296875	-0.0703125
30330	-0.304688	-0.078125
30340	-0.320312	-0.0625
30350	-0.3125	-0.0234375
30360	-0.304688	-0.0625
30370	-0.304688	-0.0703125
30380	-0.3125	-0.046875
30390	-0.289062	-0.0078125
30400	-0.289062	0.0078125
30410	-0.289062	0.015625
30420	-0.28125	0.0390625
30430	-0.257812	0.0703125
30440	-0.242188	0.101562
30450	-0.257812	0.109375
30460	-0.265625	0.125
30470	-0.273438	0.125
30480	-0.265625	0.148438
30490	-0.28125	0.171875
30500	-0.28125	0.164062
30510	-0.273438	0.179688
30520	-0.273438	0.179688
30530	-0.28125	0.15625
30540	-0.289062	0.148438
30550	-0.304688	0.15625
30560	-0.273438	0.164062
30570	-0.28125	0.140625
30580	-0.273438	0.132812
30590	-0.273438	0.164062
30600	-0.242188	0.101562
30610	-0.242188	0.09375
30620	-0.242188	0.078125
30630	-0.234375	0.0546875
30640	-0.226562	0.0625
30650	-0.21875	0.078125
30660	-0.234375	0.0703125
30670	-0.226562	0.0625
30680	-0.226562	0.0390625
30690	-0.242188	0.03125
30700	-0.257812	0.03125
30710	-0.257812	0.015625
30720	-0.257812	0.0625
30730	-0.273438	0.09375
30740	-0.28125	0.0859375
30750	-0.28125	0.0625
30760	-0.28125	0.0546875
30770	-0.304688	0.0703125
30780	-0.296875	0.0703125
30790	-0.296875	0.0625
30800	-0.273438	0.0546875
30810	-0.25	0.03125
30820	-0.296875	0.0703125
30830	-0.289062	0.0625
30840	-0.28125	0.078125
30850	-0.273438	0.125
30860	-0.28125	0.117188
30870	-0.289062	0.101562
30880	-0.28125	0.109375
30890	-0.28125	0.109375
30900	-0.257812	0.101562
30910	-0.28125	0.125
30920	-0.273438	0.132812
30930	-0.265625	0.078125
30940	-0.25	0.078125
30950	-0.257812	0.0703125
30960	-0.28125	0.0390625
30970	-0.28125	0.03125
30980	-0.296875	0.0390625
30990	-0.304688	0.015625
31000	-0.304688	0.015625
31010	-0.320312	0.0078125
31020	-0.335938	0.0078125
31030	-0.34375	0.0078125
31040	-0.351562	-0.015625
31050	-0.34375	-0.015625
31060	-0.34375	-0.0234375
31070	-0.34375	-0.046875
31080	-0.328125	-0.0546875
31090	-0.3125	-0.0546875
31100	-0.320312	-0.0546875
31110	-0.320312	-0.0625
31120	-0.3125	-0.0703125
31130	-0.289062	-0.0546875
31140	-0.28125	-0.0546875
31150	-0.265625	-0.03125
31160	-0.257812	-0.0546875
31170	-0.25	-0.0859375
31180	-0.273438	-0.0859375
31190	-0.289062	-0.0625
31200	-0.28125	-0.046875
31210	-0.265625	-0.0703125
31220	-0.257812	-0.0625
31230	-0.25	-0.0703125
31240	-0.234375	-0.0390625
31250	-0.21875	0
31260	-0.210938	0.0078125
31270	-0.210938	0.03125
31280	-0.210938	0
31290	-0.226562	0.015625
31300	-0.257812	0.0078125
31310	-0.257812	0.0078125
31320	-0.257812	0.015625
31330	-0.25	0.03125
31340	-0.234375	0.0078125
31350	-0.21875	0
31360	-0.242188	0.0390625
31370	-0.265625	0.0234375
31380	-0.257812	0.03125
31390	-0.25	0.0234375
31400	-0.234375	0.0390625
31410	-0.234375	0.0078125
31420	-0.265625	0.0234375
31430	-0.257812	0.0234375
31440	-0.273438	0.0390625
31450	-0.28125	0.0546875
31460	-0.257812	0.046875
31470	-0.28125	0.046875
31480	-0.265625	0.0234375
31490	-0.25	0.03125
31500	-0.25	0.046875
31510	-0.242188	0.03125
31520	-0.257812	0.015625
31530	-0.234375	0.046875
31540	-0.226562	-0.0234375
31550	-0.210938	-0.0390625
31560	-0.234375	-0.0546875
31570	-0.25	-0.03125
31580	-0.234375	-0.046875
31590	-0.242188	-0.0390625
31600	-0.25	-0.0390625
31610	-0.25	-0.0390625
31620	-0.242188	-0.0546875
31630	-0.25	-0.046875
31640	-0.257812	-0.015625
31650	-0.265625	0.0234375
31660	-0.296875	0.015625
31670	-0.328125	-0.015625
31680	-0.320312	0
31690	-0.296875	0.015625
31700	-0.265625	0.03125
31710	-0.28125	0.0703125
31720	-0.265625	0.03125
31730	-0.25	0.0546875
31740	-0.265625	0.078125
31750	-0.273438	0.0859375
31760	-0.28125	0.0625
31770	-0.304688	0.0625
31780	-0.289062	0.046875
31790	-0.296875	0.0234375
31800	-0.304688	0.0234375
31810	-0.289062	0.03125
31820	-0.265625	0.0546875
31830	-0.226562	0.03125
31840	-0.234375	0.0234375
31850	-0.21875	0.015625
31860	-0.273438	0.015625
31870	-0.273438	0.0390625
31880	-0.226562	-0.0078125
31890	-0.226562	0.0078125
31900	-0.226562	-0.015625
31910	-0.195312	-0.0078125
31920	-0.210938	0.015625
31930	-0.21875	0.046875
31940	-0.21875	0.0859375
31950	-0.210938	0.101562
31960	-0.210938	0.125
31970	-0.21875	0.09375
31980	-0.203125	0.101562
31990	-0.171875	0.125
32000	-0.15625	0.125
32010	-0.15625	0.140625
32020	-0.164062	0.171875
32030	-0.1875	0.171875
32040	-0.179688	0.109375
32050	-0.203125	0.125
32060	-0.203125	0.117188
32070	-0.203125	0.117188
32080	-0.203125	0.101562
32090	-0.234375	0.0859375
32100	-0.226562	0.09375
32110	-0.21875	0.109375
32120	-0.242188	0.09375
32130	-0.25	0.0625
32140	-0.25	0.0546875
32150	-0.265625	0.0546875
32160	-0.289062	0.03125
32170	-0.289062	0.03125
32180	-0.289062	0.015625
32190	-0.296875	0.0234375
32200	-0.3125	0.0546875
32210	-0.328125	0.0703125
32220	-0.335938	0.101562
32230	-0.34375	0.101562
32240	-0.335938	0.078125
32250	-0.335938	0.117188
32260	-0.304688	0.109375
32270	-0.296875	0.164062
32280	-0.289062	0.15625
32290	-0.28125	0.171875
32300	-0.273438	0.1875
32310	-0.289062	0.195312
32320	-0.296875	0.179688
32330	-0.289062	0.15625
32340	-0.296875	0.164062
32350	-0.28125	0.179688
32360	-0.226562	0.1875
32370	-0.226562	0.179688
32380	-0.21875	0.210938
32390	-0.25	0.210938
32400	-0.242188	0.210938
32410	-0.265625	0.210938
32420	-0.25	0.179688
32430	-0.296875	0.226562
32440	-0.28125	0.195312
32450	-0.304688	0.203125
32460	-0.304688	0.195312
32470	-0.28125	0.21875
32480	-0.265625	0.195312
32490	-0.257812	0.179688
32500	-0.257812	0.171875
32510	-0.265625	0.164062
32520	-0.273438	0.171875
32530	-0.320312	0.203125
32540	-0.296875	0.203125
32550	-0.296875	0.210938
32560	-0.304688	0.21875
32570	-0.320312	0.242188
32580	-0.289062	0.226562
32590	-0.289062	0.242188
32600	-0.273438	0.21875
32610	-0.289062	0.210938
32620	-0.289062	0.210938
32630	-0.296875	0.234375
32640	-0.289062	0.234375
32650	-0.28125	0.21875
32660	-0.3125	0.21875
32670	-0.304688	0.226562
32680	-0.3125	0.226562
32690	-0.320312	0.25
32700	-0.3125	0.226562
32710	-0.3125	0.226562
32720	-0.320312	0.226562
32730	-0.320312	0.234375
32740	-0.34375	0.257812
32750	-0.34375	0.257812
32760	-0.320312	0.226562
32770	-0.328125	0.257812
32780	-0.289062	0.21875
32790	-0.289062	0.226562
32800	-0.304688	0.265625
32810	-0.304688	0.242188
32820	-0.304688	0.234375
32830	-0.34375	0.21875
32840	-0.328125	0.210938
32850	-0.359375	0.210938
32860	-0.382812	0.226562
32870	-0.390625	0.226562
32880	-0.382812	0.242188
32890	-0.367188	0.226562
32900	-0.359375	0.21875
32910	-0.367188	0.242188
32920	-0.34375	0.226562
32930	-0.367188	0.226562
32940	-0.367188	0.234375
32950	-0.375	0.242188
32960	-0.359375	0.234375
32970	-0.351562	0.226562
32980	-0.367188	0.265625
32990	-0.375	0.257812
33000	-0.375	0.257812
33010	-0.351562	0.25
33020	-0.351562	0.25
33030	-0.34375	0.234375
33040	-0.367188	0.203125
33050	-0.328125	0.195312
33060	-0.335938	0.1875
33070	-0.328125	0.203125
33080	-0.328125	0.1875
33090	-0.328125	0.15625
33100	-0.328125	0.15625
33110	-0.34375	0.148438
33120	-0.335938	0.148438
33130	-0.335938	0.125
33140	-0.382812	0.132812
33150	-0.382812	0.109375
33160	-0.359375	0.101562
33170	-0.34375	0.125
33180	-0.34375	0.140625
33190	-0.351562	0.132812
33200	-0.320312	0.132812
33210	-0.320312	0.171875
33220	-0.320312	0.164062
33230	-0.335938	0.148438
33240	-0.320312	0.15625
33250	-0.328125	0.171875
33260	-0.304688	0.148438
33270	-0.304688	0.164062
33280	-0.304688	0.148438
33290	-0.335938	0.15625
33300	-0.34375	0.195312
33310	-0.34375	0.195312
33320	-0.359375	0.226562
33330	-0.351562	0.21875
33340	-0.34375	0.226562
33350	-0.34375	0.226562
33360	-0.359375	0.210938
33370	-0.359375	0.203125
33380	-0.351562	0.171875
33390	-0.375	0.203125
33400	-0.34375	0.1875
33410	-0.3125	0.210938
33420	-0.304688	0.21875
33430	-0.296875	0.226562
33440	-0.3125	0.273438
33450	-0.296875	0.265625
33460	-0.289062	0.273438
33470	-0.296875	0.25
33480	-0.28125	0.234375
33490	-0.28125	0.226562
33500	-0.3125	0.234375
33510	-0.320312	0.226562
33520	-0.3125	0.195312
33530	-0.3125	0.203125
33540	-0.304688	0.210938
33550	-0.296875	0.21875
33560	-0.296875	0.195312
33570	-0.296875	0.195312
33580	-0.289062	0.195312
33590	-0.289062	0.1875
33600	-0.296875	0.203125
33610	-0.28125	0.203125
33620	-0.296875	0.171875
33630	-0.304688	0.195312
33640	-0.265625	0.1875
33650	-0.28125	0.195312
33660	-0.28125	0.234375
33670	-0.289062	0.226562
33680	-0.242188	0.1875
33690	-0.265625	0.1875
33700	-0.25	0.195312
33710	-0.242188	0.1875
33720	-0.242188	0.1875
33730	-0.234375	0.179688
33740	-0.234375	0.210938
33750	-0.242188	0.195312
33760	-0.210938	0.132812
33770	-0.226562	0.125
33780	-0.21875	0.101562
33790	-0.226562	0.0703125
33800	-0.25	0.0859375
33810	-0.257812	0.0859375
33820	-0.25	0.0546875
33830	-0.234375	0.078125
33840	-0.210938	0.09375
33850	-0.179688	0.101562
33860	-0.171875	0.101562
33870	-0.179688	0.0859375
33880	-0.1875	0.117188
33890	-0.1875	0.101562
33900	-0.164062	0.109375
33910	-0.15625	0.0625
33920	-0.164062	0.0546875
33930	-0.117188	0.0703125
33940	-0.140625	0.0859375
33950	-0.164062	0.101562
33960	-0.15625	0.0859375
33970	-0.132812	0.078125
33980	-0.125	0.046875
33990	-0.140625	0.03125
34000	-0.140625	0.0546875
34010	-0.164062	0.0546875
34020	-0.15625	0.0703125
34030	-0.148438	0.046875
34040	-0.148438	0.03125
34050	-0.148438	0.046875
34060	-0.132812	0.0390625
34070	-0.148438	0.015625
34080	-0.140625	-0.0234375
34090	-0.140625	-0.0078125
34100	-0.171875	-0.015625
34110	-0.171875	-0.0078125
34120	-0.15625	-0.0234375
34130	-0.148438	0.0078125
34140	-0.132812	-0.0234375
34150	-0.132812	0
34160	-0.148438	0.03125
34170	-0.148438	0.0546875
34180	-0.140625	0.078125
34190	-0.132812	0.0546875
34200	-0.132812	0.03125
34210	-0.148438	0.046875
34220	-0.148438	0.0078125
34230	-0.171875	-0.0078125
34240	-0.15625	-0.0234375
34250	-0.171875	-0.0390625
34260	-0.15625	-0.03125
34270	-0.179688	-0.0390625
34280	-0.1875	-0.046875
34290	-0.179688	-0.0078125
34300	-0.171875	0.015625
34310	-0.164062	-0.0234375
34320	-0.179688	-0.015625
34330	-0.203125	-0.03125
34340	-0.171875	-0.015625
34350	-0.15625	-0.0234375
34360	-0.132812	-0.03125
34370	-0.132812	-0.0625
34380	-0.117188	-0.0546875
34390	-0.125	-0.0703125
34400	-0.15625	-0.09375
34410	-0.125	-0.101562
34420	-0.132812	-0.101562
34430	-0.148438	-0.117188
34440	-0.140625	-0.132812
34450	-0.15625	-0.125
34460	-0.164062	-0.117188
34470	-0.164062	-0.15625
34480	-0.171875	-0.164062
34490	-0.171875	-0.132812
34500	-0.203125	-0.132812
34510	-0.171875	-0.125
34520	-0.15625	-0.164062
34530	-0.148438	-0.148438
34540	-0.140625	-0.140625
34550	-0.148438	-0.15625
34560	-0.195312	-0.203125
34570	-0.234375	-0.21875
34580	-0.210938	-0.226562
34590	-0.203125	-0.210938
34600	-0.21875	-0.195312
34610	-0.234375	-0.21875
34620	-0.25	-0.210938
34630	-0.234375	-0.234375
34640	-0.242188	-0.234375
34650	-0.25	-0.226562
34660	-0.234375	-0.226562
34670	-0.210938	-0.195312
34680	-0.195312	-0.1875
34690	-0.21875	-0.234375
34700	-0.195312	-0.25
34710	-0.1875	-0.242188
34720	-0.21875	-0.234375
34730	-0.234375	-0.242188
34740	-0.226562	-0.242188
34750	-0.226562	-0.25
34760	-0.21875	-0.25
34770	-0.226562	-0.257812
34780	-0.226562	-0.265625
34790	-0.21875	-0.273438
34800	-0.195312	-0.25
34810	-0.203125	-0.226562
34820	-0.210938	-0.21875
34830	-0.226562	-0.234375
34840	-0.21875	-0.226562
34850	-0.234375	-0.226562
34860	-0.25	-0.210938
34870	-0.242188	-0.1875
34880	-0.21875	-0.171875
34890	-0.179688	-0.140625
34900	-0.1875	-0.132812
34910	-0.1875	-0.125
34920	-0.171875	-0.140625
34930	-0.179688	-0.132812
34940	-0.195312	-0.164062
34950	-0.210938	-0.15625
34960	-0.195312	-0.164062
34970	-0.179688	-0.15625
34980	-0.171875	-0.164062
34990	-0.179688	-0.171875
35000	-0.171875	-0.132812
35010	-0.210938	-0.140625
35020	-0.21875	-0.132812
35030	-0.226562	-0.125
35040	-0.226562	-0.09375
35050	-0.234375	-0.148438
35060	-0.234375	-0.125
35070	-0.234375	-0.140625
35080	-0.234375	-0.148438
35090	-0.226562	-0.140625
35100	-0.242188	-0.125
35110	-0.234375	-0.140625
35120	-0.234375	-0.117188
35130	-0.257812	-0.109375
35140	-0.265625	-0.117188
35150	-0.28125	-0.109375
35160	-0.296875	-0.132812
35170	-0.3125	-0.148438
35180	-0.328125	-0.148438
35190	-0.34375	-0.164062
35200	-0.335938	-0.203125
35210	-0.328125	-0.203125
35220	-0.34375	-0.203125
35230	-0.359375	-0.210938
35240	-0.390625	-0.210938
35250	-0.421875	-0.210938
35260	-0.4375	-0.195312
35270	-0.429688	-0.1875
35280	-0.421875	-0.210938
35290	-0.4375	-0.210938
35300	-0.429688	-0.21875
35310	-0.40625	-0.203125
35320	-0.414062	-0.226562
35330	-0.40625	-0.226562
35340	-0.398438	-0.242188
35350	-0.40625	-0.257812
35360	-0.40625	-0.265625
35370	-0.414062	-0.28125
35380	-0.398438	-0.296875
35390	-0.382812	-0.28125
35400	-0.351562	-0.273438
35410	-0.382812	-0.304688
35420	-0.414062	-0.3125
35430	-0.414062	-0.296875
35440	-0.398438	-0.3125
35450	-0.382812	-0.34375
35460	-0.398438	-0.359375
35470	-0.414062	-0.375
35480	-0.40625	-0.367188
35490	-0.414062	-0.390625
35500	-0.414062	-0.382812
35510	-0.421875	-0.359375
35520	-0.40625	-0.34375
35530	-0.398438	-0.320312
35540	-0.398438	-0.320312
35550	-0.390625	-0.289062
35560	-0.398438	-0.289062
35570	-0.421875	-0.265625
35580	-0.414062	-0.273438
35590	-0.375	-0.289062
35600	-0.367188	-0.304688
35610	-0.359375	-0.28125
35620	-0.34375	-0.289062
35630	-0.367188	-0.289062
35640	-0.359375	-0.3125
35650	-0.359375	-0.296875
35660	-0.359375	-0.289062
35670	-0.390625	-0.257812
35680	-0.375	-0.257812
35690	-0.351562	-0.257812
35700	-0.351562	-0.242188
35710	-0.3125	-0.210938
35720	-0.296875	-0.242188
35730	-0.289062	-0.25
35740	-0.304688	-0.210938
35750	-0.296875	-0.179688
35760	-0.289062	-0.148438
35770	-0.28125	-0.171875
35780	-0.304688	-0.1875
35790	-0.328125	-0.164062
35800	-0.3125	-0.132812
35810	-0.28125	-0.164062
35820	-0.28125	-0.179688
35830	-0.296875	-0.195312
35840	-0.257812	-0.164062
35850	-0.242188	-0.148438
35860	-0.226562	-0.164062
35870	-0.234375	-0.164062
35880	-0.25	-0.148438
35890	-0.289062	-0.125
35900	-0.3125	-0.132812
35910	-0.304688	-0.132812
35920	-0.3125	-0.125
35930	-0.3125	-0.109375
35940	-0.296875	-0.117188
35950	-0.289062	-0.101562
35960	-0.3125	-0.132812
35970	-0.296875	-0.109375
35980	-0.3125	-0.132812
35990	-0.28125	-0.140625
36000	-0.289062	-0.140625
36010	-0.289062	-0.132812
36020	-0.273438	-0.148438
36030	-0.273438	-0.132812
36040	-0.289062	-0.132812
36050	-0.304688	-0.179688
36060	-0.257812	-0.171875
36070	-0.257812	-0.148438
36080	-0.28125	-0.164062
36090	-0.273438	-0.171875
36100	-0.296875	-0.195312
36110	-0.28125	-0.203125
36120	-0.273438	-0.15625
36130	-0.289062	-0.164062
36140	-0.273438	-0.15625
36150	-0.257812	-0.164062
36160	-0.273438	-0.164062
36170	-0.257812	-0.148438
36180	-0.257812	-0.15625
36190	-0.25	-0.132812
36200	-0.265625	-0.15625
36210	-0.265625	-0.164062
36220	-0.257812	-0.132812
36230	-0.257812	-0.117188
36240	-0.28125	-0.125
36250	-0.28125	-0.101562
36260	-0.296875	-0.125
36270	-0.273438	-0.132812
36280	-0.28125	-0.132812
36290	-0.3125	-0.125
36300	-0.328125	-0.125
36310	-0.335938	-0.101562
36320	-0.351562	-0.109375
36330	-0.34375	-0.132812
36340	-0.320312	-0.132812
36350	-0.320312	-0.132812
36360	-0.320312	-0.132812
36370	-0.3125	-0.109375
36380	-0.3125	-0.125
36390	-0.3125	-0.117188
36400	-0.28125	-0.09375
36410	-0.3125	-0.078125
36420	-0.3125	-0.0703125
36430	-0.28125	-0.046875
36440	-0.28125	-0.046875
36450	-0.289062	-0.0703125
36460	-0.304688	-0.0625
36470	-0.304688	-0.0390625
36480	-0.328125	-0.015625
36490	-0.3125	-0.0078125
36500	-0.34375	-0.015625
36510	-0.335938	0.0078125
36520	-0.320312	0.0234375
36530	-0.3125	0.0078125
36540	-0.289062	0.015625
36550	-0.28125	0.015625
36560	-0.289062	0.03125
36570	-0.296875	0.03125
36580	-0.296875	0.015625
36590	-0.289062	0.0234375
36600	-0.3125	0.03125
36610	-0.335938	0.0234375
36620	-0.3125	0.046875
36630	-0.304688	0.0546875
36640	-0.320312	0.03125
36650	-0.304688	0.015625
36660	-0.320312	0.0234375
36670	-0.328125	0
36680	-0.328125	-0.03125
36690	-0.34375	-0.015625
36700	-0.367188	-0.0234375
36710	-0.375	-0.03125
36720	-0.34375	0
36730	-0.34375	0.0234375
36740	-0.382812	-0.03125
36750	-0.382812	-0.046875
36760	-0.382812	-0.0546875
36770	-0.398438	-0.0859375
36780	-0.398438	-0.078125
36790	-0.398438	-0.0546875
36800	-0.40625	-0.0390625
36810	-0.382812	-0.046875
36820	-0.367188	-0.0390625
36830	-0.367188	-0.046875
36840	-0.351562	-0.0625
36850	-0.335938	-0.0625
36860	-0.296875	-0.046875
36870	-0.328125	-0.0546875
36880	-0.3125	-0.03125
36890	-0.328125	-0.015625
36900	-0.335938	-0.0078125
36910	-0.328125	-0.0234375
36920	-0.351562	0
36930	-0.359375	-0.0078125
36940	-0.398438	0.015625
36950	-0.398438	-0.015625
36960	-0.390625	-0.03125
36970	-0.367188	-0.046875
36980	-0.367188	-0.046875
36990	-0.335938	-0.046875
37000	-0.351562	-0.0390625
37010	-0.320312	-0.03125
37020	-0.304688	-0.03125
37030	-0.320312	-0.046875
37040	-0.34375	-0.03125
37050	-0.351562	-0.0390625
37060	-0.351562	-0.03125
37070	-0.351562	-0.0625
37080	-0.34375	-0.0546875
37090	-0.351562	-0.046875
37100	-0.351562	-0.0546875
37110	-0.351562	-0.0625
37120	-0.367188	-0.0625
37130	-0.34375	-0.0546875
37140	-0.328125	-0.03125
37150	-0.328125	-0.0703125
37160	-0.34375	-0.09375
37170	-0.320312	-0.117188
37180	-0.304688	-0.09375
37190	-0.304688	-0.117188
37200	-0.28125	-0.109375
37210	-0.304688	-0.125
37220	-0.273438	-0.132812
37230	-0.289062	-0.125
37240	-0.320312	-0.117188
37250	-0.320312	-0.140625
37260	-0.296875	-0.15625
37270	-0.3125	-0.179688
37280	-0.304688	-0.15625
37290	-0.304688	-0.132812
37300	-0.3125	-0.15625
37310	-0.335938	-0.164062
37320	-0.3125	-0.164062
37330	-0.3125	-0.164062
37340	-0.304688	-0.1875
37350	-0.320312	-0.1875
37360	-0.328125	-0.171875
37370	-0.351562	-0.179688
37380	-0.328125	-0.195312
37390	-0.3125	-0.21875
37400	-0.3125	-0.226562
37410	-0.296875	-0.242188
37420	-0.273438	-0.25
37430	-0.273438	-0.25
37440	-0.289062	-0.242188
37450	-0.3125	-0.289062
37460	-0.289062	-0.25
37470	-0.304688	-0.234375
37480	-0.320312	-0.210938
37490	-0.3125	-0.210938
37500	-0.304688	-0.21875
37510	-0.304688	-0.179688
37520	-0.296875	-0.195312
37530	-0.28125	-0.171875
37540	-0.304688	-0.164062
37550	-0.3125	-0.171875
37560	-0.335938	-0.1875
37570	-0.34375	-0.203125
37580	-0.359375	-0.210938
37590	-0.375	-0.21875
37600	-0.382812	-0.21875
37610	-0.367188	-0.210938
37620	-0.351562	-0.203125
37630	-0.351562	-0.195312
37640	-0.359375	-0.210938
37650	-0.320312	-0.210938
37660	-0.320312	-0.210938
37670	-0.296875	-0.1875
37680	-0.289062	-0.148438
37690	-0.289062	-0.117188
37700	-0.289062	-0.125
37710	-0.296875	-0.109375
37720	-0.3125	-0.140625
37730	-0.265625	-0.132812
37740	-0.257812	-0.15625
37750	-0.265625	-0.179688
37760	-0.289062	-0.148438
37770	-0.289062	-0.15625
37780	-0.296875	-0.148438
37790	-0.28125	-0.164062
37800	-0.320312	-0.1875
37810	-0.296875	-0.179688
37820	-0.296875	-0.15625
37830	-0.3125	-0.1875
37840	-0.296875	-0.179688
37850	-0.28125	-0.195312
37860	-0.289062	-0.171875
37870	-0.289062	-0.179688
37880	-0.265625	-0.164062
37890	-0.273438	-0.210938
37900	-0.257812	-0.234375
37910	-0.28125	-0.25
37920	-0.3125	-0.28125
37930	-0.3125	-0.265625
37940	-0.289062	-0.28125
37950	-0.273438	-0.265625
37960	-0.265625	-0.242188
37970	-0.25	-0.242188
37980	-0.25	-0.226562
37990	-0.242188	-0.226562
38000	-0.265625	-0.234375
38010	-0.257812	-0.1875
38020	-0.25	-0.210938
38030	-0.257812	-0.226562
38040	-0.273438	-0.242188
38050	-0.273438	-0.265625
38060	-0.28125	-0.242188
38070	-0.273438	-0.234375
38080	-0.25	-0.21875
38090	-0.289062	-0.234375
38100	-0.296875	-0.203125
38110	-0.3125	-0.242188
38120	-0.320312	-0.257812
38130	-0.320312	-0.265625
38140	-0.304688	-0.273438
38150	-0.3125	-0.257812
38160	-0.304688	-0.265625
38170	-0.304688	-0.265625
38180	-0.304688	-0.273438
38190	-0.296875	-0.273438
38200	-0.304688	-0.242188
38210	-0.34375	-0.273438
38220	-0.351562	-0.265625
38230	-0.359375	-0.289062
38240	-0.335938	-0.265625
38250	-0.328125	-0.242188
38260	-0.351562	-0.25
38270	-0.335938	-0.226562
38280	-0.328125	-0.21875
38290	-0.335938	-0.210938
38300	-0.359375	-0.242188
38310	-0.367188	-0.226562
38320	-0.375	-0.242188
38330	-0.382812	-0.21875
38340	-0.34375	-0.195312
38350	-0.335938	-0.195312
38360	-0.335938	-0.179688
38370	-0.320312	-0.1875
38380	-0.3125	-0.179688
38390	-0.304688	-0.164062
38400	-0.320312	-0.164062
38410	-0.320312	-0.164062
38420	-0.3125	-0.15625
38430	-0.320312	-0.148438
38440	-0.3125	-0.171875
38450	-0.320312	-0.15625
38460	-0.289062	-0.164062
38470	-0.296875	-0.164062
38480	-0.320312	-0.15625
38490	-0.34375	-0.195312
38500	-0.375	-0.21875
38510	-0.382812	-0.242188
38520	-0.367188	-0.195312
38530	-0.34375	-0.195312
38540	-0.320312	-0.164062
38550	-0.328125	-0.15625
38560	-0.328125	-0.1875
38570	-0.296875	-0.148438
38580	-0.320312	-0.140625
38590	-0.320312	-0.109375
38600	-0.3125	-0.101562
38610	-0.328125	-0.0859375
38620	-0.351562	-0.0625
38630	-0.328125	-0.0859375
38640	-0.320312	-0.0625
38650	-0.320312	-0.078125
38660	-0.320312	-0.0546875
38670	-0.296875	-0.0390625
38680	-0.3125	-0.0234375
38690	-0.351562	-0.0234375
38700	-0.3125	-0.078125
38710	-0.289062	-0.046875
38720	-0.296875	-0.0625
38730	-0.296875	-0.0625
38740	-0.28125	-0.046875
38750	-0.289062	-0.0234375
38760	-0.257812	-0.0078125
38770	-0.296875	0
38780	-0.304688	0.0078125
38790	-0.273438	0.0234375
38800	-0.25	0.03125
38810	-0.25	0.0625
38820	-0.226562	0.046875
38830	-0.203125	0.03125
38840	-0.203125	0.0234375
38850	-0.210938	0.0390625
38860	-0.226562	0.015625
38870	-0.273438	0.015625
38880	-0.273438	-0.015625
38890	-0.296875	-0.0390625
38900	-0.296875	-0.046875
38910	-0.296875	-0.046875
38920	-0.257812	-0.046875
38930	-0.28125	-0.0390625
38940	-0.28125	-0.0390625
38950	-0.328125	-0.0390625
38960	-0.320312	-0.0703125
38970	-0.34375	-0.09375
38980	-0.367188	-0.101562
38990	-0.359375	-0.09375
39000	-0.367188	-0.0859375
39010	-0.335938	-0.09375
39020	-0.320312	-0.0625
39030	-0.3125	-0.0625
39040	-0.289062	-0.078125
39050	-0.296875	-0.078125
39060	-0.296875	-0.09375
39070	-0.304688	-0.109375
39080	-0.296875	-0.125
39090	-0.289062	-0.132812
39100	-0.273438	-0.148438
39110	-0.28125	-0.164062
39120	-0.273438	-0.148438
39130	-0.273438	-0.15625
39140	-0.28125	-0.132812
39150	-0.257812	-0.132812
39160	-0.257812	-0.148438
39170	-0.265625	-0.148438
39180	-0.25	-0.179688
39190	-0.25	-0.15625
39200	-0.234375	-0.132812
39210	-0.242188	-0.171875
39220	-0.25	-0.195312
39230	-0.273438	-0.179688
39240	-0.28125	-0.164062
39250	-0.289062	-0.179688
39260	-0.304688	-0.1875
39270	-0.304688	-0.195312
39280	-0.304688	-0.210938
39290	-0.304688	-0.226562
39300	-0.296875	-0.21875
39310	-0.28125	-0.203125
39320	-0.273438	-0.195312
39330	-0.28125	-0.21875
39340	-0.289062	-0.203125
39350	-0.289062	-0.21875
39360	-0.304688	-0.203125
39370	-0.320312	-0.234375
39380	-0.320312	-0.234375
39390	-0.320312	-0.210938
39400	-0.3125	-0.226562
39410	-0.328125	-0.242188
39420	-0.328125	-0.234375
39430	-0.320312	-0.25
39440	-0.328125	-0.21875
39450	-0.359375	-0.21875
39460	-0.34375	-0.203125
39470	-0.296875	-0.1875
39480	-0.296875	-0.171875
39490	-0.304688	-0.171875
39500	-0.320312	-0.140625
39510	-0.320312	-0.1875
39520	-0.335938	-0.203125
39530	-0.320312	-0.226562
39540	-0.34375	-0.203125
39550	-0.367188	-0.226562
39560	-0.367188	-0.210938
39570	-0.367188	-0.1875
39580	-0.351562	-0.179688
39590	-0.359375	-0.179688
39600	-0.34375	-0.15625
39610	-0.351562	-0.164062
39620	-0.34375	-0.171875
39630	-0.34375	-0.179688
39640	-0.34375	-0.195312
39650	-0.34375	-0.164062
39660	-0.335938	-0.195312
39670	-0.335938	-0.195312
39680	-0.320312	-0.164062
39690	-0.3125	-0.148438
39700	-0.320312	-0.132812
39710	-0.289062	-0.125
39720	-0.289062	-0.09375
39730	-0.28125	-0.09375
39740	-0.28125	-0.09375
39750	-0.273438	-0.09375
39760	-0.265625	-0.0703125
39770	-0.257812	-0.0625
39780	-0.257812	-0.0625
39790	-0.25	-0.09375
39800	-0.25	-0.0859375
39810	-0.265625	-0.101562
39820	-0.25	-0.09375
39830	-0.257812	-0.125
39840	-0.242188	-0.09375
39850	-0.28125	-0.078125
39860	-0.265625	-0.109375
39870	-0.28125	-0.125
39880	-0.273438	-0.101562
39890	-0.289062	-0.0703125
39900	-0.273438	-0.046875
39910	-0.265625	-0.03125
39920	-0.265625	-0.0234375
39930	-0.242188	-0.0078125
39940	-0.265625	0.0234375
39950	-0.257812	0.0234375
39960	-0.273438	-0.0234375
39970	-0.273438	-0.0390625
39980	-0.289062	-0.0390625
39990	-0.289062	-0.046875
40000	-0.28125	-0.03125
