size	64
J	1
T	H	E	C	m
0.5	-5	-5.99394	0.0164037	-0.999122
0.5	-4.8	-5.8	3.75167e-12	-1
0.5	-4.6	-5.6	4.12115e-13	-1
0.5	-4.4	-5.4	5.96856e-13	-1
0.5	-4.2	-5.2	-3.55271e-13	-1
0.5	-4	-5	2.84217e-14	-1
0.5	-3.8	-4.8	1.62004e-12	-1
0.5	-3.6	-4.6	-1.52056e-12	-1
0.5	-3.4	-4.4	-2.04636e-12	-1
0.5	-3.2	-4.2	2.04636e-12	-1
0.5	-3	-4	0	-1
0.5	-2.8	-3.8	1.03739e-12	-1
0.5	-2.6	-3.6	-1.64846e-12	-1
0.5	-2.4	-3.4	1.98952e-13	-1
0.5	-2.2	-3.2	-5.04485e-13	-1
0.5	-2	-3	7.10543e-15	-1
0.5	-1.8	-2.8	1.03029e-13	-1
0.5	-1.6	-2.6	-8.88178e-14	-1
0.5	-1.4	-2.4	3.94351e-13	-1
0.5	-1.2	-2.2	-5.11591e-13	-1
0.5	-1	-2	0	-1
0.5	-0.8	-1.8	-4.12115e-13	-1
0.5	-0.6	-1.6	-1.26121e-13	-1
0.5	-0.4	-1.4	2.57572e-14	-1
0.5	-0.2	-1.2	9.85878e-14	-1
0.5	2.16493e-15	-1	0	-1
0.5	0.2	-0.8	-3.15303e-14	-1
0.5	0.4	-0.599989	3.37012e-08	-0.999993
0.5	0.6	-0.399995	1.4834e-08	-0.999996
0.5	0.8	-0.199989	2.42743e-08	-0.999991
0.5	1	9.76563e-06	2.25067e-08	-0.99999
0.5	1.2	0.200017	3.25432e-08	-0.999978
0.5	1.4	-0.976614	5.93578	-0.00416943
0.5	1.6	-2.6	-8.88178e-14	1
0.5	1.8	-2.8	1.03029e-13	1
0.5	2	-3	0	1
0.5	2.2	-3.2	-5.04485e-13	1
0.5	2.4	-3.4	2.06057e-13	1
0.5	2.6	-3.6	-1.64846e-12	1
0.5	2.8	-3.8	1.03739e-12	1
0.5	3	-4	-1.42109e-14	1
0.5	3.2	-4.2	2.04636e-12	1
0.5	3.4	-4.4	-2.04636e-12	1
0.5	3.6	-4.6	-1.52056e-12	1
0.5	3.8	-4.8	1.62004e-12	1
0.5	4	-5	0	1
0.5	4.2	-5.2	-3.55271e-13	1
0.5	4.4	-5.4	5.96856e-13	1
0.5	4.6	-5.6	4.12115e-13	1
0.5	4.8	-5.8	3.75167e-12	1
0.6	-5	-5.99439	0.010154	-0.999186
0.6	-4.8	-5.8	2.60532e-12	-1
0.6	-4.6	-5.6	2.86191e-13	-1
0.6	-4.4	-5.4	4.14483e-13	-1
0.6	-4.2	-5.2	-2.46716e-13	-1
0.6	-4	-5	1.97373e-14	-1
0.6	-3.8	-4.8	1.12503e-12	-1
0.6	-3.6	-4.6	-1.05595e-12	-1
0.6	-3.4	-4.4	-1.42109e-12	-1
0.6	-3.2	-4.2	1.42109e-12	-1
0.6	-3	-4	0	-1
0.6	-2.8	-3.8	7.20411e-13	-1
0.6	-2.6	-3.6	-1.14476e-12	-1
0.6	-2.4	-3.4	1.38161e-13	-1
0.6	-2.2	-3.2	-3.50337e-13	-1
0.6	-2	-3	4.93432e-15	-1
0.6	-1.8	-2.8	7.15477e-14	-1
0.6	-1.6	-2.6	-6.16791e-14	-1
0.6	-1.4	-2.4	2.73855e-13	-1
0.6	-1.2	-2.2	-3.55271e-13	-1
0.6	-1	-2	0	-1
0.6	-0.8	-1.8	-2.86191e-13	-1
0.6	-0.6	-1.6	-8.75843e-14	-1
0.6	-0.4	-1.4	1.78869e-14	-1
0.6	-0.2	-1.19999	1.5947e-08	-0.999998
0.6	2.16493e-15	-0.999993	1.84139e-08	-0.999997
0.6	0.2	-0.799984	4.22201e-08	-0.999991
0.6	0.4	-0.599999	1.69374e-09	-1
0.6	0.6	-0.399971	5.22286e-08	-0.999979
0.6	0.8	-0.199925	1.17832e-07	-0.999936
0.6	1	0.000108398	1.66043e-07	-0.999886
0.6	1.2	0.118506	0.0936921	-0.92574
0.6	1.4	-2.25351	0.449188	0.902329
0.6	1.6	-2.6	-6.16791e-14	1
0.6	1.8	-2.8	7.15477e-14	1
0.6	2	-3	0	1
0.6	2.2	-3.2	-3.50337e-13	1
0.6	2.4	-3.4	1.43095e-13	1
0.6	2.6	-3.6	-1.14476e-12	1
0.6	2.8	-3.8	7.20411e-13	1
0.6	3	-4	-9.86865e-15	1
0.6	3.2	-4.2	1.42109e-12	1
0.6	3.4	-4.4	-1.42109e-12	1
0.6	3.6	-4.6	-1.05595e-12	1
0.6	3.8	-4.8	1.12503e-12	1
0.6	4	-5	0	1
0.6	4.2	-5.2	-2.46716e-13	1
0.6	4.4	-5.4	4.14483e-13	1
0.6	4.6	-5.6	2.86191e-13	1
0.6	4.8	-5.8	2.60532e-12	1
0.7	-5	-5.99495	0.00641733	-0.999268
0.7	-4.8	-5.8	1.91412e-12	-1
0.7	-4.6	-5.6	2.10263e-13	-1
0.7	-4.4	-5.4	3.04518e-13	-1
0.7	-4.2	-5.2	-1.81261e-13	-1
0.7	-4	-5	1.45009e-14	-1
0.7	-3.8	-4.8	8.2655e-13	-1
0.7	-3.6	-4.6	-7.75797e-13	-1
0.7	-3.4	-4.4	-1.04406e-12	-1
0.7	-3.2	-4.2	1.04406e-12	-1
0.7	-3	-4	0	-1
0.7	-2.8	-3.8	5.29282e-13	-1
0.7	-2.6	-3.6	-8.41051e-13	-1
0.7	-2.4	-3.4	1.01506e-13	-1
0.7	-2.2	-3.2	-2.5739e-13	-1
0.7	-2	-3	3.62522e-15	-1
0.7	-1.8	-2.8	5.25657e-14	-1
0.7	-1.6	-2.6	-4.53152e-14	-1
0.7	-1.4	-2.4	2.012e-13	-1
0.7	-1.2	-2.19999	1.98499e-08	-0.999998
0.7	-1	-1.99998	6.04493e-08	-0.999993
0.7	-0.8	-1.79999	2.65158e-08	-0.999997
0.7	-0.6	-1.59999	1.31041e-08	-0.999998
0.7	-0.4	-1.39996	1.02453e-07	-0.999981
0.7	-0.2	-1.19998	3.93543e-08	-0.999992
0.7	2.16493e-15	-0.999884	2.59259e-07	-0.99994
0.7	0.2	-0.799912	1.4692e-07	-0.999951
0.7	0.4	-0.599901	1.62567e-07	-0.999937
0.7	0.6	-0.399852	2.01317e-07	-0.999892
0.7	0.8	-0.199805	2.10742e-07	-0.99983
0.7	1	-0.000162109	1.67466e-05	-0.998366
0.7	1.2	-1.62937	1.47465	0.538796
0.7	1.4	-2.4	2.012e-13	1
0.7	1.6	-2.6	-4.53152e-14	1
0.7	1.8	-2.8	5.25657e-14	1
0.7	2	-3	0	1
0.7	2.2	-3.19999	2.56717e-08	0.999999
0.7	2.4	-3.4	1.05131e-13	1
0.7	2.6	-3.6	-8.41051e-13	1
0.7	2.8	-3.8	5.29282e-13	1
0.7	3	-4	-7.25044e-15	1
0.7	3.2	-4.2	1.04406e-12	1
0.7	3.4	-4.4	-1.04406e-12	1
0.7	3.6	-4.6	-7.75797e-13	1
0.7	3.8	-4.8	8.2655e-13	1
0.7	4	-5	0	1
0.7	4.2	-5.2	-1.81261e-13	1
0.7	4.4	-5.4	3.04518e-13	1
0.7	4.6	-5.6	2.10263e-13	1
0.7	4.8	-5.8	1.91412e-12	1
0.8	-5	-5.99474	0.00521801	-0.999236
0.8	-4.8	-5.8	1.46549e-12	-1
0.8	-4.6	-5.6	1.60982e-13	-1
0.8	-4.4	-5.4	2.33147e-13	-1
0.8	-4.2	-5.2	-1.38778e-13	-1
0.8	-4	-5	1.11022e-14	-1
0.8	-3.8	-4.8	6.32827e-13	-1
0.8	-3.6	-4.6	-5.93969e-13	-1
0.8	-3.4	-4.4	-7.99361e-13	-1
0.8	-3.2	-4.2	7.99361e-13	-1
0.8	-3	-4	0	-1
0.8	-2.8	-3.8	4.05231e-13	-1
0.8	-2.6	-3.6	-6.43929e-13	-1
0.8	-2.4	-3.4	7.77156e-14	-1
0.8	-2.2	-3.2	-1.97065e-13	-1
0.8	-2	-3	2.77556e-15	-1
0.8	-1.8	-2.8	5.37398e-09	-1
0.8	-1.6	-2.59997	8.99886e-08	-0.999991
0.8	-1.4	-2.4	1.54043e-13	-1
0.8	-1.2	-2.19999	1.51976e-08	-0.999998
0.8	-1	-1.99999	1.99959e-08	-0.999997
0.8	-0.8	-1.79993	1.47781e-07	-0.999976
0.8	-0.6	-1.59997	7.11947e-08	-0.999987
0.8	-0.4	-1.39989	1.9037e-07	-0.999956
0.8	-0.2	-1.19988	2.08972e-07	-0.999946
0.8	2.16493e-15	-0.999867	1.84035e-07	-0.999934
0.8	0.2	-0.799774	3.13712e-07	-0.999872
0.8	0.4	-0.599575	5.57177e-07	-0.999731
0.8	0.6	-0.399249	7.25823e-07	-0.99944
0.8	0.8	-0.811952	0.593031	-0.204049
0.8	1	-1.99997	6.57141e-08	0.99999
0.8	1.2	-2.19998	4.52269e-08	0.999994
0.8	1.4	-2.39999	2.14247e-08	0.999998
0.8	1.6	-2.59998	4.77969e-08	0.999995
0.8	1.8	-2.8	4.02456e-14	1
0.8	2	-3	0	1
0.8	2.2	-3.2	-1.97065e-13	1
0.8	2.4	-3.4	8.04912e-14	1
0.8	2.6	-3.6	-6.43929e-13	1
0.8	2.8	-3.8	4.05231e-13	1
0.8	3	-4	-5.55112e-15	1
0.8	3.2	-4.2	7.99361e-13	1
0.8	3.4	-4.4	-7.99361e-13	1
0.8	3.6	-4.6	-5.93969e-13	1
0.8	3.8	-4.8	6.32827e-13	1
0.8	4	-5	0	1
0.8	4.2	-5.2	-1.38778e-13	1
0.8	4.4	-5.4	2.33147e-13	1
0.8	4.6	-5.6	1.60982e-13	1
0.8	4.8	-5.8	1.46549e-12	1
0.9	-5	-5.99425	0.00468659	-0.999167
0.9	-4.8	-5.8	1.15792e-12	-1
0.9	-4.6	-5.6	1.27196e-13	-1
0.9	-4.4	-5.4	1.84215e-13	-1
0.9	-4.2	-5.2	-1.09652e-13	-1
0.9	-4	-5	8.77213e-15	-1
0.9	-3.8	-4.8	5.00012e-13	-1
0.9	-3.6	-4.6	-4.69309e-13	-1
0.9	-3.4	-4.4	-6.31594e-13	-1
0.9	-3.2	-4.2	6.31594e-13	-1
0.9	-3	-4	0	-1
0.9	-2.8	-3.79999	2.02843e-08	-0.999999
0.9	-2.6	-3.6	1.24312e-08	-0.999999
0.9	-2.4	-3.4	6.14049e-14	-1
0.9	-2.2	-3.2	-1.55705e-13	-1
0.9	-2	-2.99998	5.58359e-08	-0.999994
0.9	-1.8	-2.79999	2.5349e-08	-0.999997
0.9	-1.6	-2.59996	8.93554e-08	-0.999988
0.9	-1.4	-2.39995	1.25815e-07	-0.999984
0.9	-1.2	-2.19996	8.20311e-08	-0.999986
0.9	-1	-1.99993	1.13845e-07	-0.999978
0.9	-0.8	-1.79983	2.96208e-07	-0.999941
0.9	-0.6	-1.59977	3.51942e-07	-0.999911
0.9	-0.4	-1.3997	4.40132e-07	-0.999874
0.9	-0.2	-1.19969	4.32809e-07	-0.999857
0.9	2.16493e-15	-0.999461	6.10818e-07	-0.999729
0.9	0.2	-0.799237	8.61761e-07	-0.999567
0.9	0.4	-0.598782	1.01684e-06	-0.999187
0.9	0.6	-0.398274	1.57137e-06	-0.998654
0.9	0.8	-0.941921	0.538734	-0.0423921
0.9	1	-1.9999	1.67889e-07	0.999967
0.9	1.2	-2.19997	4.74535e-08	0.999992
0.9	1.4	-2.39998	4.69698e-08	0.999993
0.9	1.6	-2.59998	3.40233e-08	0.999996
0.9	1.8	-2.79997	9.26742e-08	0.999993
0.9	2	-3	0	1
0.9	2.2	-3.19999	2.06857e-08	0.999998
0.9	2.4	-3.39999	1.70443e-08	0.999999
0.9	2.6	-3.59999	2.48131e-08	0.999998
0.9	2.8	-3.8	3.20183e-13	1
0.9	3	-4	-4.38607e-15	1
0.9	3.2	-4.2	6.31594e-13	1
0.9	3.4	-4.4	-6.31594e-13	1
0.9	3.6	-4.6	-4.69309e-13	1
0.9	3.8	-4.8	5.00012e-13	1
0.9	4	-5	0	1
0.9	4.2	-5.2	-1.09652e-13	1
0.9	4.4	-5.4	1.84215e-13	1
0.9	4.6	-5.6	1.27196e-13	1
0.9	4.8	-5.8	1.15792e-12	1
1	-5	-5.99414	0.00426679	-0.999152
1	-4.8	-5.8	9.37916e-13	-1
1	-4.6	-5.6	1.03029e-13	-1
1	-4.4	-5.4	1.49214e-13	-1
1	-4.2	-5.2	-8.88178e-14	-1
1	-4	-5	7.10543e-15	-1
1	-3.8	-4.8	4.05009e-13	-1
1	-3.6	-4.6	-3.8014e-13	-1
1	-3.4	-4.4	-5.11591e-13	-1
1	-3.2	-4.19999	1.28684e-08	-0.999999
1	-3	-4	0	-1
1	-2.8	-3.8	1.09646e-08	-0.999999
1	-2.6	-3.6	-4.12115e-13	-1
1	-2.4	-3.39999	1.38059e-08	-0.999999
1	-2.2	-3.19998	4.16363e-08	-0.999995
1	-2	-2.99991	1.67404e-07	-0.999978
1	-1.8	-2.79985	2.56276e-07	-0.99996
1	-1.6	-2.59984	2.50526e-07	-0.999957
1	-1.4	-2.39986	2.30894e-07	-0.999958
1	-1.2	-2.19973	4.07015e-07	-0.999917
1	-1	-1.99965	4.73852e-07	-0.999884
1	-0.8	-1.79968	5.23705e-07	-0.999887
1	-0.6	-1.59952	5.63801e-07	-0.999815
1	-0.4	-1.39933	7.79101e-07	-0.999721
1	-0.2	-1.19889	1.40569e-06	-0.999491
1	2.16493e-15	-0.998699	1.31578e-06	-0.999344
1	0.2	-0.798365	1.61878e-06	-0.999074
1	0.4	-0.597275	2.50519e-06	-0.99813
1	0.6	-0.769624	0.175704	-0.333764
1	0.8	-1.7996	5.8046e-07	0.999855
1	1	-1.99973	3.78168e-07	0.999912
1	1.2	-2.1998	2.67029e-07	0.999939
1	1.4	-2.39986	2.15283e-07	0.999959
1	1.6	-2.59981	3.55707e-07	0.999947
1	1.8	-2.79995	8.71846e-08	0.999987
1	2	-2.99999	1.51978e-08	0.999998
1	2.2	-3.19996	8.64649e-08	0.99999
1	2.4	-3.39997	7.2671e-08	0.999992
1	2.6	-3.6	5.03948e-09	1
1	2.8	-3.8	2.59348e-13	1
1	3	-4	-3.55271e-15	1
1	3.2	-4.2	6.44091e-09	1
1	3.4	-4.4	-5.11591e-13	1
1	3.6	-4.6	-3.8014e-13	1
1	3.8	-4.8	4.05009e-13	1
1	4	-5	0	1
1	4.2	-5.2	-8.88178e-14	1
1	4.4	-5.4	1.49214e-13	1
1	4.6	-5.6	1.03029e-13	1
1	4.8	-5.8	9.37916e-13	1
1.1	-5	-5.9945	0.00308186	-0.999204
1.1	-4.8	-5.8	7.75138e-13	-1
1.1	-4.6	-5.6	8.51477e-14	-1
1.1	-4.4	-5.4	1.23317e-13	-1
1.1	-4.2	-5.2	-7.34032e-14	-1
1.1	-4	-5	5.87225e-15	-1
1.1	-3.8	-4.79999	1.9826e-08	-0.999999
1.1	-3.6	-4.59999	2.46175e-08	-0.999998
1.1	-3.4	-4.4	-4.22802e-13	-1
1.1	-3.2	-4.19994	1.35459e-07	-0.999988
1.1	-3	-3.99996	8.23184e-08	-0.999992
1.1	-2.8	-3.79995	1.02414e-07	-0.99999
1.1	-2.6	-3.59995	9.7663e-08	-0.999988
1.1	-2.4	-3.39993	1.1459e-07	-0.999985
1.1	-2.2	-3.19991	1.49372e-07	-0.999978
1.1	-2	-2.99991	1.38351e-07	-0.999978
1.1	-1.8	-2.79987	2.04742e-07	-0.999965
1.1	-1.6	-2.59971	4.35219e-07	-0.99992
1.1	-1.4	-2.39957	6.05706e-07	-0.999874
1.1	-1.2	-2.19957	5.29257e-07	-0.999864
1.1	-1	-1.99945	6.44637e-07	-0.999817
1.1	-0.8	-1.79913	9.52327e-07	-0.999687
1.1	-0.6	-1.59876	1.35682e-06	-0.999521
1.1	-0.4	-1.39852	1.50299e-06	-0.999376
1.1	-0.2	-1.19772	2.25757e-06	-0.998948
1.1	2.16493e-15	-0.997256	2.36361e-06	-0.998597
1.1	0.2	-0.795948	2.78347e-06	-0.997641
1.1	0.4	-0.594515	4.31142e-06	-0.995996
1.1	0.6	-1.05225	0.199933	0.135801
1.1	0.8	-1.79895	1.47256e-06	0.999625
1.1	1	-1.99928	9.68516e-07	0.999759
1.1	1.2	-2.19938	8.08058e-07	0.999806
1.1	1.4	-2.3995	5.94937e-07	0.999852
1.1	1.6	-2.59968	4.61892e-07	0.999911
1.1	1.8	-2.79982	2.72366e-07	0.999953
1.1	2	-2.99992	1.21061e-07	0.99998
1.1	2.2	-3.19989	1.83744e-07	0.999973
1.1	2.4	-3.39997	5.26581e-08	0.999993
1.1	2.6	-3.5999	1.71573e-07	0.999979
1.1	2.8	-3.79993	1.36371e-07	0.999985
1.1	3	-3.99996	1.06776e-07	0.999991
1.1	3.2	-4.19998	4.22832e-08	0.999996
1.1	3.4	-4.39997	7.37225e-08	0.999994
1.1	3.6	-4.59999	2.46176e-08	0.999998
1.1	3.8	-4.8	3.34718e-13	1
1.1	4	-5	7.08635e-09	1
1.1	4.2	-5.19999	2.26544e-08	0.999999
1.1	4.4	-5.4	1.23317e-13	1
1.1	4.6	-5.6	8.51477e-14	1
1.1	4.8	-5.8	7.75138e-13	1
1.2	-5	-5.99464	0.00250158	-0.999225
1.2	-4.8	-5.8	6.51331e-13	-1
1.2	-4.6	-5.6	7.20501e-09	-1
1.2	-4.4	-5.39999	2.70183e-08	-0.999998
1.2	-4.2	-5.19999	2.53559e-08	-0.999998
1.2	-4	-4.99999	1.18971e-08	-0.999999
1.2	-3.8	-4.79995	1.03814e-07	-0.999991
1.2	-3.6	-4.59994	1.16674e-07	-0.999989
1.2	-3.4	-4.39997	5.25232e-08	-0.999995
1.2	-3.2	-4.19988	2.53392e-07	-0.999976
1.2	-3	-3.9999	1.70333e-07	-0.999979
1.2	-2.8	-3.79993	1.03821e-07	-0.999986
1.2	-2.6	-3.59987	1.91413e-07	-0.999972
1.2	-2.4	-3.39973	4.82811e-07	-0.999939
1.2	-2.2	-3.19968	4.64307e-07	-0.999924
1.2	-2	-2.99949	6.03779e-07	-0.999874
1.2	-1.8	-2.79945	6.77947e-07	-0.999856
1.2	-1.6	-2.59942	7.65843e-07	-0.999839
1.2	-1.4	-2.39938	6.58213e-07	-0.999819
1.2	-1.2	-2.19873	1.28755e-06	-0.999604
1.2	-1	-1.99839	1.67218e-06	-0.999461
1.2	-0.8	-1.79809	1.92544e-06	-0.999314
1.2	-0.6	-1.59753	2.21071e-06	-0.999043
1.2	-0.4	-1.39668	2.5536e-06	-0.998601
1.2	-0.2	-1.19589	2.78891e-06	-0.998091
1.2	2.16493e-15	-0.994375	4.29081e-06	-0.997032
1.2	0.2	-0.792578	5.17436e-06	-0.995584
1.2	0.4	-0.765236	0.0293899	-0.479973
1.2	0.6	-1.59496	0.000138463	0.996562
1.2	0.8	-1.79806	1.97043e-06	0.999302
1.2	1	-1.9987	1.41778e-06	0.999564
1.2	1.2	-2.1989	1.22933e-06	0.999655
1.2	1.4	-2.39909	9.33251e-07	0.999732
1.2	1.6	-2.59924	9.22517e-07	0.999789
1.2	1.8	-2.79961	4.49233e-07	0.999897
1.2	2	-2.99962	4.95741e-07	0.999906
1.2	2.2	-3.19969	4.22904e-07	0.999927
1.2	2.4	-3.39981	2.68934e-07	0.999956
1.2	2.6	-3.59986	2.06811e-07	0.999969
1.2	2.8	-3.79993	1.03821e-07	0.999986
1.2	3	-3.99984	2.55158e-07	0.999968
1.2	3.2	-4.1999	1.71916e-07	0.99998
1.2	3.4	-4.39991	1.63065e-07	0.999983
1.2	3.6	-4.59999	2.06856e-08	0.999998
1.2	3.8	-4.8	2.81256e-13	1
1.2	4	-4.99997	5.90086e-08	0.999995
1.2	4.2	-5.19998	3.79575e-08	0.999997
1.2	4.4	-5.4	6.775e-09	1
1.2	4.6	-5.59998	3.58806e-08	0.999998
1.2	4.8	-5.8	6.51331e-13	1
1.3	-5	-5.99415	0.00226886	-0.99915
1.3	-4.8	-5.8	5.5498e-13	-1
1.3	-4.6	-5.59991	1.6725e-07	-0.999986
1.3	-4.4	-5.39996	7.97662e-08	-0.999993
1.3	-4.2	-5.19996	7.48585e-08	-0.999993
1.3	-4	-4.99999	1.51905e-08	-0.999999
1.3	-3.8	-4.79993	1.11166e-07	-0.999988
1.3	-3.6	-4.59992	1.20407e-07	-0.999986
1.3	-3.4	-4.39997	4.47535e-08	-0.999995
1.3	-3.2	-4.19987	2.30404e-07	-0.999975
1.3	-3	-3.99974	4.11815e-07	-0.999948
1.3	-2.8	-3.79972	3.52209e-07	-0.999941
1.3	-2.6	-3.59967	4.74042e-07	-0.999927
1.3	-2.4	-3.3996	4.53778e-07	-0.99991
1.3	-2.2	-3.19935	9.3291e-07	-0.999845
1.3	-2	-2.99893	1.22251e-06	-0.999732
1.3	-1.8	-2.79896	1.17567e-06	-0.999727
1.3	-1.6	-2.59868	1.23887e-06	-0.999634
1.3	-1.4	-2.39824	1.63009e-06	-0.99948
1.3	-1.2	-2.19791	1.72454e-06	-0.999345
1.3	-1	-1.99693	2.57277e-06	-0.998967
1.3	-0.8	-1.79621	2.97115e-06	-0.99863
1.3	-0.6	-1.59502	3.32913e-06	-0.998063
1.3	-0.4	-1.394	4.31702e-06	-0.997452
1.3	-0.2	-1.1933	4.27429e-06	-0.996862
1.3	2.16493e-15	-0.990408	5.58026e-06	-0.994862
1.3	0.2	-0.786957	8.10172e-06	-0.992009
1.3	0.4	-0.69414	0.0157246	-0.652692
1.3	0.6	-1.58101	0.00151271	0.981046
1.3	0.8	-1.7965	2.72648e-06	0.998737
1.3	1	-1.99737	1.9526e-06	0.999116
1.3	1.2	-2.19802	1.93643e-06	0.999375
1.3	1.4	-2.39852	1.3497e-06	0.999563
1.3	1.6	-2.59877	1.20844e-06	0.999657
1.3	1.8	-2.79892	1.2164e-06	0.999715
1.3	2	-2.9992	9.34543e-07	0.999798
1.3	2.2	-3.19943	6.27797e-07	0.999865
1.3	2.4	-3.39945	7.28408e-07	0.999874
1.3	2.6	-3.5997	4.21837e-07	0.999935
1.3	2.8	-3.7997	3.60374e-07	0.999938
1.3	3	-3.99981	2.74802e-07	0.999962
1.3	3.2	-4.1998	2.71115e-07	0.999962
1.3	3.4	-4.39978	3.69314e-07	0.999958
1.3	3.6	-4.59998	3.0752e-08	0.999997
1.3	3.8	-4.79989	1.77868e-07	0.999981
1.3	4	-4.99998	3.53023e-08	0.999997
1.3	4.2	-5.19997	5.89964e-08	0.999995
1.3	4.4	-5.4	8.82923e-14	1
1.3	4.6	-5.59999	1.83806e-08	0.999999
1.3	4.8	-5.8	5.5498e-13	1
1.4	-5	-5.99448	0.00185086	-0.999203
1.4	-4.8	-5.79997	4.46384e-08	-0.999996
1.4	-4.6	-5.59992	1.34185e-07	-0.999987
1.4	-4.4	-5.3999	1.54337e-07	-0.999984
1.4	-4.2	-5.19991	1.41021e-07	-0.999986
1.4	-4	-4.9998	2.90068e-07	-0.999966
1.4	-3.8	-4.7998	2.90944e-07	-0.999966
1.4	-3.6	-4.59977	3.20858e-07	-0.999959
1.4	-3.4	-4.39972	3.77183e-07	-0.999947
1.4	-3.2	-4.19972	3.64046e-07	-0.999946
1.4	-3	-3.99958	4.83832e-07	-0.999917
1.4	-2.8	-3.79946	6.40567e-07	-0.999888
1.4	-2.6	-3.59944	7.42573e-07	-0.999879
1.4	-2.4	-3.39907	1.0473e-06	-0.999789
1.4	-2.2	-3.19864	1.58308e-06	-0.999674
1.4	-2	-2.99842	1.52757e-06	-0.999604
1.4	-1.8	-2.79792	2.06756e-06	-0.999451
1.4	-1.6	-2.59764	2.08989e-06	-0.999342
1.4	-1.4	-2.3967	2.60038e-06	-0.999021
1.4	-1.2	-2.19608	3.1126e-06	-0.998771
1.4	-1	-1.99506	3.82085e-06	-0.998335
1.4	-0.8	-1.79379	5.22277e-06	-0.997754
1.4	-0.6	-1.59192	5.47197e-06	-0.996832
1.4	-0.4	-1.39068	6.17857e-06	-0.996
1.4	-0.2	-1.18808	7.05828e-06	-0.994345
1.4	2.16493e-15	-0.984135	8.56773e-06	-0.991313
1.4	0.2	-0.779353	1.0265e-05	-0.986637
1.4	0.4	-0.963953	0.0572195	0.0449263
1.4	0.6	-1.5922	4.98938e-06	0.99694
1.4	0.8	-1.79391	4.45443e-06	0.9978
1.4	1	-1.9954	3.78827e-06	0.998457
1.4	1.2	-2.19593	3.28494e-06	0.998724
1.4	1.4	-2.39682	2.29199e-06	0.999061
1.4	1.6	-2.5978	1.90802e-06	0.999388
1.4	1.8	-2.79831	1.52541e-06	0.999554
1.4	2	-2.99843	1.51026e-06	0.999607
1.4	2.2	-3.19896	9.61226e-07	0.999753
1.4	2.4	-3.39902	1.05048e-06	0.999777
1.4	2.6	-3.59909	9.7497e-07	0.999803
1.4	2.8	-3.79945	6.8023e-07	0.999886
1.4	3	-3.99964	4.17813e-07	0.999928
1.4	3.2	-4.19977	2.69386e-07	0.999956
1.4	3.4	-4.39961	5.13614e-07	0.999927
1.4	3.6	-4.59972	4.66884e-07	0.99995
1.4	3.8	-4.79973	3.82978e-07	0.999953
1.4	4	-4.99979	2.88842e-07	0.999965
1.4	4.2	-5.19994	9.61323e-08	0.99999
1.4	4.4	-5.39998	3.95409e-08	0.999996
1.4	4.6	-5.59995	7.82888e-08	0.999993
1.4	4.8	-5.7999	1.58387e-07	0.999986
1.5	-5	-5.99398	0.00182276	-0.999126
1.5	-4.8	-5.79991	1.24082e-07	-0.999987
1.5	-4.6	-5.59991	1.25623e-07	-0.999986
1.5	-4.4	-5.39988	1.63329e-07	-0.999982
1.5	-4.2	-5.19989	1.37574e-07	-0.999983
1.5	-4	-4.99972	3.40134e-07	-0.999954
1.5	-3.8	-4.79949	6.8526e-07	-0.999912
1.5	-3.6	-4.5995	5.58747e-07	-0.99991
1.5	-3.4	-4.39944	6.23543e-07	-0.999896
1.5	-3.2	-4.19927	7.64618e-07	-0.999859
1.5	-3	-3.99907	9.80367e-07	-0.999813
1.5	-2.8	-3.7988	1.35413e-06	-0.999749
1.5	-2.6	-3.59858	1.30256e-06	-0.999691
1.5	-2.4	-3.3985	1.50475e-06	-0.999659
1.5	-2.2	-3.19769	2.12157e-06	-0.999451
1.5	-2	-2.99747	2.21016e-06	-0.999367
1.5	-1.8	-2.79656	2.91975e-06	-0.999088
1.5	-1.6	-2.59565	3.60344e-06	-0.998787
1.5	-1.4	-2.39498	3.6293e-06	-0.998519
1.5	-1.2	-2.1934	4.19464e-06	-0.997918
1.5	-1	-1.99188	5.48563e-06	-0.997255
1.5	-0.8	-1.78982	6.16599e-06	-0.996301
1.5	-0.6	-1.58832	6.7297e-06	-0.995388
1.5	-0.4	-1.38508	7.96123e-06	-0.993519
1.5	-0.2	-1.18069	1.09203e-05	-0.990694
1.5	2.16493e-15	-0.976078	9.99535e-06	-0.986896
1.5	0.2	-0.767538	1.42893e-05	-0.977958
1.5	0.4	-1.05255	0.0533716	0.278679
1.5	0.6	-1.58773	7.17688e-06	0.995165
1.5	0.8	-1.79068	6.09047e-06	0.996606
1.5	1	-1.99258	4.76373e-06	0.997496
1.5	1.2	-2.19343	4.44049e-06	0.997927
1.5	1.4	-2.39462	3.92583e-06	0.998402
1.5	1.6	-2.59594	3.31802e-06	0.998867
1.5	1.8	-2.79693	3.02956e-06	0.999189
1.5	2	-2.99731	2.32633e-06	0.999327
1.5	2.2	-3.19782	2.09044e-06	0.99948
1.5	2.4	-3.39843	1.34119e-06	0.999643
1.5	2.6	-3.59902	8.48981e-07	0.999787
1.5	2.8	-3.79885	1.47929e-06	0.99976
1.5	3	-3.99908	9.34135e-07	0.999816
1.5	3.2	-4.19939	6.74586e-07	0.999882
1.5	3.4	-4.3994	8.82078e-07	0.999889
1.5	3.6	-4.59936	7.53366e-07	0.999886
1.5	3.8	-4.79957	5.35403e-07	0.999926
1.5	4	-4.99966	4.14063e-07	0.999943
1.5	4.2	-5.19954	5.95505e-07	0.999926
1.5	4.4	-5.39976	3.30833e-07	0.999963
1.5	4.6	-5.59987	2.28384e-07	0.999981
1.5	4.8	-5.79994	9.13272e-08	0.999991
1.6	-5	-5.99382	0.00169772	-0.999104
1.6	-4.8	-5.79973	3.24172e-07	-0.99996
1.6	-4.6	-5.59979	2.43021e-07	-0.999969
1.6	-4.4	-5.39974	3.51376e-07	-0.999959
1.6	-4.2	-5.19957	5.46133e-07	-0.99993
1.6	-4	-4.99961	4.44496e-07	-0.999936
1.6	-3.8	-4.79933	7.16921e-07	-0.999884
1.6	-3.6	-4.59914	8.33559e-07	-0.999847
1.6	-3.4	-4.39885	1.27003e-06	-0.999787
1.6	-3.2	-4.19883	1.12196e-06	-0.999774
1.6	-3	-3.99836	1.34202e-06	-0.999672
1.6	-2.8	-3.79818	1.62582e-06	-0.999621
1.6	-2.6	-3.59755	2.17451e-06	-0.999466
1.6	-2.4	-3.39714	2.02877e-06	-0.99935
1.6	-2.2	-3.19622	3.25949e-06	-0.999097
1.6	-2	-2.99541	3.85619e-06	-0.998847
1.6	-1.8	-2.79458	3.73002e-06	-0.998568
1.6	-1.6	-2.59278	4.45683e-06	-0.997983
1.6	-1.4	-2.39182	5.76235e-06	-0.997575
1.6	-1.2	-2.19001	5.88439e-06	-0.996847
1.6	-1	-1.98747	8.23331e-06	-0.995759
1.6	-0.8	-1.78482	9.70394e-06	-0.994432
1.6	-0.6	-1.5811	1.04147e-05	-0.992481
1.6	-0.4	-1.37739	9.93175e-06	-0.990115
1.6	-0.2	-1.17088	1.62494e-05	-0.985646
1.6	2.16493e-15	-0.964673	1.45561e-05	-0.979892
1.6	0.2	-0.753899	0.000101434	-0.859966
1.6	0.4	-1.2878	0.0124797	0.827067
1.6	0.6	-1.58121	1.01441e-05	0.99251
1.6	0.8	-1.7834	9.07116e-06	0.993906
1.6	1	-1.98783	7.62261e-06	0.995876
1.6	1.2	-2.18994	6.59499e-06	0.996822
1.6	1.4	-2.39168	5.48071e-06	0.997533
1.6	1.6	-2.5933	4.02491e-06	0.998125
1.6	1.8	-2.79442	3.87415e-06	0.99853
1.6	2	-2.99548	2.92937e-06	0.998866
1.6	2.2	-3.19622	3.25776e-06	0.9991
1.6	2.4	-3.39686	3.11766e-06	0.999286
1.6	2.6	-3.59774	1.94468e-06	0.999509
1.6	2.8	-3.79773	2.34305e-06	0.999527
1.6	3	-3.99834	1.45193e-06	0.999668
1.6	3.2	-4.1987	1.37456e-06	0.99975
1.6	3.4	-4.39879	1.26119e-06	0.999775
1.6	3.6	-4.59911	9.69856e-07	0.99984
1.6	3.8	-4.7994	6.0664e-07	0.999896
1.6	4	-4.99941	6.32327e-07	0.999902
1.6	4.2	-5.19939	7.46785e-07	0.999902
1.6	4.4	-5.39962	4.43874e-07	0.999941
1.6	4.6	-5.59969	4.05583e-07	0.999954
1.6	4.8	-5.79978	2.70337e-07	0.999968
1.7	-5	-5.99436	0.00122022	-0.999185
1.7	-4.8	-5.79963	4.14578e-07	-0.999946
1.7	-4.6	-5.59958	4.61271e-07	-0.999937
1.7	-4.4	-5.39929	7.77249e-07	-0.999889
1.7	-4.2	-5.19919	8.91885e-07	-0.99987
1.7	-4	-4.99897	9.99054e-07	-0.999828
1.7	-3.8	-4.7988	1.22172e-06	-0.999793
1.7	-3.6	-4.59871	1.05366e-06	-0.999769
1.7	-3.4	-4.39809	1.52924e-06	-0.999646
1.7	-3.2	-4.19775	1.81834e-06	-0.999567
1.7	-3	-3.99718	2.38226e-06	-0.999435
1.7	-2.8	-3.79689	2.28549e-06	-0.999352
1.7	-2.6	-3.59625	2.77876e-06	-0.999183
1.7	-2.4	-3.39539	3.50012e-06	-0.998946
1.7	-2.2	-3.19443	3.58305e-06	-0.99867
1.7	-2	-2.99269	4.87041e-06	-0.998162
1.7	-1.8	-2.79189	5.12677e-06	-0.997854
1.7	-1.6	-2.58969	7.33651e-06	-0.997111
1.7	-1.4	-2.38716	8.06386e-06	-0.996179
1.7	-1.2	-2.18408	8.4214e-06	-0.994938
1.7	-1	-1.98185	9.99992e-06	-0.993829
1.7	-0.8	-1.77764	1.20284e-05	-0.991782
1.7	-0.6	-1.5735	1.16547e-05	-0.989387
1.7	-0.4	-1.36835	1.57251e-05	-0.986045
1.7	-0.2	-1.1598	1.58864e-05	-0.979934
1.7	2.16493e-15	-0.94831	2.00537e-05	-0.96955
1.7	0.2	-0.74194	0.000171196	-0.803572
1.7	0.4	-1.30088	0.00748409	0.87193
1.7	0.6	-1.57315	1.12721e-05	0.989225
1.7	0.8	-1.77788	1.01512e-05	0.991876
1.7	1	-1.98191	1.06846e-05	0.993843
1.7	1.2	-2.1847	9.5801e-06	0.995154
1.7	1.4	-2.38695	7.00161e-06	0.996119
1.7	1.6	-2.59007	6.00594e-06	0.997222
1.7	1.8	-2.79211	5.13117e-06	0.997911
1.7	2	-2.99292	4.39845e-06	0.998223
1.7	2.2	-3.19386	4.49651e-06	0.998534
1.7	2.4	-3.39506	3.60904e-06	0.998875
1.7	2.6	-3.59651	2.23601e-06	0.999241
1.7	2.8	-3.79682	2.72535e-06	0.999337
1.7	3	-3.99733	2.03743e-06	0.999466
1.7	3.2	-4.19727	2.1428e-06	0.999474
1.7	3.4	-4.39798	1.99977e-06	0.999626
1.7	3.6	-4.59848	1.26309e-06	0.999728
1.7	3.8	-4.79887	1.11564e-06	0.999805
1.7	4	-4.99922	7.87507e-07	0.99987
1.7	4.2	-5.19929	7.04974e-07	0.999885
1.7	4.4	-5.39927	8.42223e-07	0.999886
1.7	4.6	-5.59941	6.66653e-07	0.999911
1.7	4.8	-5.79959	4.21997e-07	0.999939
1.8	-5	-5.99337	0.00129347	-0.999038
1.8	-4.8	-5.79885	1.00814e-06	-0.999831
1.8	-4.6	-5.59907	8.13853e-07	-0.999858
1.8	-4.4	-5.39886	1.13343e-06	-0.999821
1.8	-4.2	-5.19853	1.41369e-06	-0.999763
1.8	-4	-4.99842	1.42363e-06	-0.999736
1.8	-3.8	-4.7979	1.64468e-06	-0.999639
1.8	-3.6	-4.59793	1.66021e-06	-0.99963
1.8	-3.4	-4.39706	2.1367e-06	-0.999456
1.8	-3.2	-4.19567	3.5418e-06	-0.999165
1.8	-3	-3.99581	3.03086e-06	-0.999162
1.8	-2.8	-3.79488	3.54092e-06	-0.998929
1.8	-2.6	-3.59345	4.04486e-06	-0.998573
1.8	-2.4	-3.39257	5.33115e-06	-0.998302
1.8	-2.2	-3.19061	6.17729e-06	-0.997752
1.8	-2	-2.98923	6.21315e-06	-0.997285
1.8	-1.8	-2.78671	7.20792e-06	-0.996477
1.8	-1.6	-2.58508	8.46124e-06	-0.99582
1.8	-1.4	-2.38093	1.01805e-05	-0.994304
1.8	-1.2	-2.17817	1.23714e-05	-0.993046
1.8	-1	-1.97351	1.09605e-05	-0.990965
1.8	-0.8	-1.76936	1.35223e-05	-0.988642
1.8	-0.6	-1.56235	1.50345e-05	-0.984744
1.8	-0.4	-1.35499	1.84264e-05	-0.979754
1.8	-0.2	-1.14486	2.11466e-05	-0.971973
1.8	2.16493e-15	-0.931636	2.59338e-05	-0.958342
1.8	0.2	-0.81753	0.00607828	-0.198214
1.8	0.4	-1.35434	2.02767e-05	0.979239
1.8	0.6	-1.5631	1.44161e-05	0.98508
1.8	0.8	-1.76825	1.67248e-05	0.988247
1.8	1	-1.97456	1.12696e-05	0.991327
1.8	1.2	-2.17763	1.10456e-05	0.992871
1.8	1.4	-2.38211	1.17399e-05	0.994652
1.8	1.6	-2.5857	7.94368e-06	0.995991
1.8	1.8	-2.78776	6.39672e-06	0.996756
1.8	2	-2.98924	6.53514e-06	0.997295
1.8	2.2	-3.19202	5.02932e-06	0.998094
1.8	2.4	-3.39287	5.24113e-06	0.998374
1.8	2.6	-3.59474	3.71125e-06	0.998854
1.8	2.8	-3.79552	3.00447e-06	0.999062
1.8	3	-3.99568	2.68461e-06	0.999134
1.8	3.2	-4.19658	2.82822e-06	0.999341
1.8	3.4	-4.39737	2.11284e-06	0.999513
1.8	3.6	-4.59718	2.51036e-06	0.999497
1.8	3.8	-4.79799	1.50993e-06	0.999654
1.8	4	-4.99846	1.50805e-06	0.999743
1.8	4.2	-5.19845	1.41957e-06	0.99975
1.8	4.4	-5.3989	1.03199e-06	0.999828
1.8	4.6	-5.59894	1.09868e-06	0.999839
1.8	4.8	-5.79928	7.53581e-07	0.999894
1.9	-5	-5.99338	0.00107864	-0.999044
1.9	-4.8	-5.79876	1.14342e-06	-0.999817
1.9	-4.6	-5.59865	1.33326e-06	-0.999795
1.9	-4.4	-5.39816	1.41231e-06	-0.999712
1.9	-4.2	-5.19741	2.18471e-06	-0.999582
1.9	-4	-4.99723	2.55717e-06	-0.999538
1.9	-3.8	-4.79689	2.65513e-06	-0.999463
1.9	-3.6	-4.59564	2.97924e-06	-0.999221
1.9	-3.4	-4.39559	3.49394e-06	-0.999183
1.9	-3.2	-4.19484	3.983e-06	-0.999006
1.9	-3	-3.99328	4.32043e-06	-0.998655
1.9	-2.8	-3.79233	4.59723e-06	-0.998397
1.9	-2.6	-3.59148	6.06208e-06	-0.998144
1.9	-2.4	-3.38966	5.58804e-06	-0.997638
1.9	-2.2	-3.18643	8.56478e-06	-0.996751
1.9	-2	-2.98517	7.77092e-06	-0.996268
1.9	-1.8	-2.78213	1.03585e-05	-0.995248
1.9	-1.6	-2.57825	1.13705e-05	-0.993885
1.9	-1.4	-2.37498	1.43797e-05	-0.992512
1.9	-1.2	-2.17029	1.29961e-05	-0.990494
1.9	-1	-1.96402	1.65136e-05	-0.987588
1.9	-0.8	-1.75799	1.98727e-05	-0.984339
1.9	-0.6	-1.5505	1.68976e-05	-0.979768
1.9	-0.4	-1.34172	2.06305e-05	-0.973429
1.9	-0.2	-1.12724	2.56456e-05	-0.962158
1.9	2.16493e-15	-0.903394	3.22167e-05	-0.93731
1.9	0.2	-0.947286	0.0113408	0.38639
1.9	0.4	-1.33796	2.33746e-05	0.971597
1.9	0.6	-1.55064	2.07746e-05	0.979864
1.9	0.8	-1.75816	1.56045e-05	0.984392
1.9	1	-1.96465	1.6209e-05	0.987834
1.9	1.2	-2.16838	1.54205e-05	0.989858
1.9	1.4	-2.37499	1.11228e-05	0.992499
1.9	1.6	-2.57913	1.15945e-05	0.994122
1.9	1.8	-2.78244	8.73833e-06	0.995338
1.9	2	-2.98496	9.40742e-06	0.996209
1.9	2.2	-3.18771	6.78937e-06	0.997058
1.9	2.4	-3.38878	6.36217e-06	0.997436
1.9	2.6	-3.59115	5.47475e-06	0.998069
1.9	2.8	-3.79274	4.52008e-06	0.998483
1.9	3	-3.99349	4.63706e-06	0.998694
1.9	3.2	-4.19513	3.22673e-06	0.999062
1.9	3.4	-4.39572	3.01897e-06	0.999207
1.9	3.6	-4.59625	2.70993e-06	0.999328
1.9	3.8	-4.79685	2.20437e-06	0.999456
1.9	4	-4.99735	2.07126e-06	0.999558
1.9	4.2	-5.19793	1.68194e-06	0.999667
1.9	4.4	-5.39835	1.40456e-06	0.999742
1.9	4.6	-5.59844	1.25349e-06	0.999764
1.9	4.8	-5.79872	1.10857e-06	0.999812
2	-5	-5.99326	0.000872432	-0.999026
2	-4.8	-5.79785	1.62452e-06	-0.999683
2	-4.6	-5.59728	2.15753e-06	-0.999587
2	-4.4	-5.39728	1.93447e-06	-0.999575
2	-4.2	-5.19638	2.56063e-06	-0.999416
2	-4	-4.99586	2.90701e-06	-0.999309
2	-3.8	-4.79458	3.56033e-06	-0.999064
2	-3.6	-4.59412	3.5953e-06	-0.99895
2	-3.4	-4.3936	4.58566e-06	-0.998811
2	-3.2	-4.1924	4.63182e-06	-0.998535
2	-3	-3.99054	4.53795e-06	-0.998103
2	-2.8	-3.78874	7.21109e-06	-0.997643
2	-2.6	-3.5874	7.14665e-06	-0.997246
2	-2.4	-3.38524	8.10824e-06	-0.996625
2	-2.2	-3.18229	1.0174e-05	-0.995754
2	-2	-2.97859	1.07647e-05	-0.994591
2	-1.8	-2.77552	1.14171e-05	-0.993475
2	-1.6	-2.57105	1.3411e-05	-0.991835
2	-1.4	-2.3665	1.20686e-05	-0.989929
2	-1.2	-2.16066	1.68242e-05	-0.987349
2	-1	-1.95414	1.52218e-05	-0.984148
2	-0.8	-1.74453	2.16743e-05	-0.979145
2	-0.6	-1.53409	2.47101e-05	-0.972686
2	-0.4	-1.31888	3.1208e-05	-0.962399
2	-0.2	-1.10354	2.80038e-05	-0.948683
2	2.16493e-15	-0.87217	4.64687e-05	-0.911543
2	0.2	-0.963619	0.00937218	0.532629
2	0.4	-1.32112	2.7833e-05	0.963583
2	0.6	-1.53657	2.07837e-05	0.973786
2	0.8	-1.74605	2.23578e-05	0.979744
2	1	-1.95223	2.01042e-05	0.98347
2	1.2	-2.15992	1.70912e-05	0.987106
2	1.4	-2.36604	1.44099e-05	0.989803
2	1.6	-2.57113	1.21261e-05	0.991853
2	1.8	-2.77573	1.17368e-05	0.99353
2	2	-2.9788	1.10707e-05	0.994648
2	2.2	-3.1815	9.66458e-06	0.995557
2	2.4	-3.38559	8.10124e-06	0.996712
2	2.6	-3.58769	6.65299e-06	0.997312
2	2.8	-3.78902	6.23489e-06	0.997706
2	3	-3.99057	5.0775e-06	0.998108
2	3.2	-4.19249	5.54449e-06	0.998553
2	3.4	-4.3936	4.12858e-06	0.998812
2	3.6	-4.59401	3.54585e-06	0.998929
2	3.8	-4.79501	3.96215e-06	0.999139
2	4	-4.99636	2.7239e-06	0.999394
2	4.2	-5.19672	2.55749e-06	0.99947
2	4.4	-5.39685	2.79281e-06	0.999508
2	4.6	-5.59709	2.04328e-06	0.999559
2	4.8	-5.79825	1.43993e-06	0.999743
2.1	-5	-5.99127	0.000948355	-0.998736
2.1	-4.8	-5.79725	1.94604e-06	-0.999596
2.1	-4.6	-5.59658	2.53216e-06	-0.999482
2.1	-4.4	-5.39595	2.7093e-06	-0.999366
2.1	-4.2	-5.19477	3.17838e-06	-0.999156
2.1	-4	-4.99396	3.88017e-06	-0.998991
2.1	-3.8	-4.79312	4.55585e-06	-0.998813
2.1	-3.6	-4.59139	4.83952e-06	-0.998461
2.1	-3.4	-4.39072	6.36194e-06	-0.998281
2.1	-3.2	-4.18921	5.48676e-06	-0.997918
2.1	-3	-3.98789	6.58786e-06	-0.997571
2.1	-2.8	-3.78559	7.23171e-06	-0.996982
2.1	-2.6	-3.58194	1.041e-05	-0.996054
2.1	-2.4	-3.37982	9.53526e-06	-0.99538
2.1	-2.2	-3.17527	1.60709e-05	-0.994058
2.1	-2	-2.97224	1.49581e-05	-0.992987
2.1	-1.8	-2.76739	1.33874e-05	-0.991294
2.1	-1.6	-2.56223	1.95871e-05	-0.989292
2.1	-1.4	-2.35646	1.50801e-05	-0.986898
2.1	-1.2	-2.14951	1.90332e-05	-0.983703
2.1	-1	-1.93998	2.09611e-05	-0.979114
2.1	-0.8	-1.72888	2.47461e-05	-0.972997
2.1	-0.6	-1.51612	2.45877e-05	-0.964975
2.1	-0.4	-1.29987	3.12329e-05	-0.95293
2.1	-0.2	-1.0783	3.34115e-05	-0.933476
2.1	2.16493e-15	-0.830325	6.17324e-05	-0.868659
2.1	0.2	-0.959506	0.00792153	0.61466
2.1	0.4	-1.2984	3.1373e-05	0.952004
2.1	0.6	-1.51644	2.90505e-05	0.964998
2.1	0.8	-1.72917	2.2765e-05	0.973133
2.1	1	-1.9411	1.86665e-05	0.979478
2.1	1.2	-2.1485	1.85449e-05	0.983337
2.1	1.4	-2.35572	1.72845e-05	0.986641
2.1	1.6	-2.56105	1.36464e-05	0.988981
2.1	1.8	-2.76744	1.21177e-05	0.991299
2.1	2	-2.97226	1.28588e-05	0.99298
2.1	2.2	-3.17524	1.24449e-05	0.994047
2.1	2.4	-3.3798	1.16268e-05	0.995379
2.1	2.6	-3.58196	8.71108e-06	0.996056
2.1	2.8	-3.78469	9.27088e-06	0.996798
2.1	3	-3.98678	6.3326e-06	0.997346
2.1	3.2	-4.18729	6.52862e-06	0.997548
2.1	3.4	-4.39053	5.03268e-06	0.998244
2.1	3.6	-4.59206	5.2174e-06	0.998579
2.1	3.8	-4.79219	4.39408e-06	0.998652
2.1	4	-4.99423	4.38393e-06	0.999037
2.1	4.2	-5.19493	3.44091e-06	0.999183
2.1	4.4	-5.39572	2.73458e-06	0.999331
2.1	4.6	-5.59628	2.23791e-06	0.999437
2.1	4.8	-5.7968	2.20166e-06	0.999529
2.2	-5	-5.98995	0.000893312	-0.998552
2.2	-4.8	-5.79565	2.94029e-06	-0.99936
2.2	-4.6	-5.59466	3.60459e-06	-0.99919
2.2	-4.4	-5.39366	4.19783e-06	-0.999008
2.2	-4.2	-5.1927	4.31162e-06	-0.998821
2.2	-4	-4.99153	5.41511e-06	-0.998587
2.2	-3.8	-4.78928	5.43737e-06	-0.998149
2.2	-3.6	-4.58869	7.24909e-06	-0.997977
2.2	-3.4	-4.38773	7.7957e-06	-0.99772
2.2	-3.2	-4.18474	7.52254e-06	-0.997053
2.2	-3	-3.98238	9.93902e-06	-0.996458
2.2	-2.8	-3.77826	1.08011e-05	-0.995445
2.2	-2.6	-3.5764	1.01326e-05	-0.994829
2.2	-2.4	-3.37151	1.18188e-05	-0.993471
2.2	-2.2	-3.16767	1.40809e-05	-0.992213
2.2	-2	-2.96386	1.36976e-05	-0.990843
2.2	-1.8	-2.75837	1.52865e-05	-0.988836
2.2	-1.6	-2.55102	1.83059e-05	-0.98607
2.2	-1.4	-2.34294	1.90499e-05	-0.982698
2.2	-1.2	-2.13402	2.61464e-05	-0.978552
2.2	-1	-1.92338	2.19048e-05	-0.97309
2.2	-0.8	-1.71202	3.00897e-05	-0.966375
2.2	-0.6	-1.49364	3.11993e-05	-0.954781
2.2	-0.4	-1.27347	3.55026e-05	-0.939316
2.2	-0.2	-1.03935	3.66952e-05	-0.907721
2.2	2.16493e-15	-0.783823	7.97944e-05	-0.821428
2.2	0.2	-0.960197	0.0054198	0.705203
2.2	0.4	-1.27103	4.78327e-05	0.937785
2.2	0.6	-1.4957	2.87033e-05	0.955835
2.2	0.8	-1.71126	2.63282e-05	0.965972
2.2	1	-1.9229	2.78206e-05	0.972935
2.2	1.2	-2.13385	2.12911e-05	0.978521
2.2	1.4	-2.34314	1.98236e-05	0.982794
2.2	1.6	-2.55147	1.91812e-05	0.986186
2.2	1.8	-2.75738	1.51666e-05	0.98857
2.2	2	-2.96369	1.31578e-05	0.990787
2.2	2.2	-3.16765	1.45615e-05	0.99222
2.2	2.4	-3.37183	1.34291e-05	0.993542
2.2	2.6	-3.57531	1.17652e-05	0.994594
2.2	2.8	-3.77936	9.79483e-06	0.995682
2.2	3	-3.98209	9.82272e-06	0.996399
2.2	3.2	-4.18479	6.97742e-06	0.997065
2.2	3.4	-4.38669	8.42601e-06	0.997529
2.2	3.6	-4.58921	7.57472e-06	0.998069
2.2	3.8	-4.79076	5.07679e-06	0.998405
2.2	4	-4.99142	5.13246e-06	0.998567
2.2	4.2	-5.193	4.70391e-06	0.998871
2.2	4.4	-5.39458	3.45984e-06	0.999151
2.2	4.6	-5.59506	3.12192e-06	0.999251
2.2	4.8	-5.79516	3.41878e-06	0.999288
2.3	-5	-5.98907	0.000821408	-0.998422
2.3	-4.8	-5.79452	3.80603e-06	-0.999194
2.3	-4.6	-5.59221	5.74149e-06	-0.998819
2.3	-4.4	-5.39095	5.55226e-06	-0.998584
2.3	-4.2	-5.1903	4.88769e-06	-0.998434
2.3	-4	-4.98783	6.74326e-06	-0.997967
2.3	-3.8	-4.78577	7.16206e-06	-0.997542
2.3	-3.6	-4.58575	7.40759e-06	-0.997449
2.3	-3.4	-4.38198	8.91115e-06	-0.996654
2.3	-3.2	-4.17992	8.4986e-06	-0.996121
2.3	-3	-3.97709	1.16986e-05	-0.995395
2.3	-2.8	-3.77307	1.15949e-05	-0.994352
2.3	-2.6	-3.57009	1.13289e-05	-0.993446
2.3	-2.4	-3.36527	1.3577e-05	-0.992028
2.3	-2.2	-3.15789	1.59252e-05	-0.989845
2.3	-2	-2.9531	1.84257e-05	-0.988087
2.3	-1.8	-2.74516	2.03857e-05	-0.985265
2.3	-1.6	-2.53682	2.15391e-05	-0.981986
2.3	-1.4	-2.32701	2.67523e-05	-0.977768
2.3	-1.2	-2.11802	2.42381e-05	-0.973183
2.3	-1	-1.9061	2.83462e-05	-0.966764
2.3	-0.8	-1.68936	2.90373e-05	-0.957211
2.3	-0.6	-1.46879	4.20471e-05	-0.943588
2.3	-0.4	-1.24585	4.14466e-05	-0.924213
2.3	-0.2	-1.00284	4.48819e-05	-0.881673
2.3	2.16493e-15	-0.716101	8.22431e-05	-0.722646
2.3	0.2	-0.944664	0.00355418	0.746334
2.3	0.4	-1.24442	3.88733e-05	0.923891
2.3	0.6	-1.46626	3.64346e-05	0.942261
2.3	0.8	-1.68556	2.89139e-05	0.955603
2.3	1	-1.90416	3.29931e-05	0.966088
2.3	1.2	-2.11743	2.86903e-05	0.973024
2.3	1.4	-2.32619	2.41266e-05	0.977517
2.3	1.6	-2.53737	2.22037e-05	0.982118
2.3	1.8	-2.74523	1.96802e-05	0.985273
2.3	2	-2.95182	1.92209e-05	0.987731
2.3	2.2	-3.15981	1.9237e-05	0.9903
2.3	2.4	-3.36507	1.64581e-05	0.991989
2.3	2.6	-3.56973	1.53452e-05	0.993368
2.3	2.8	-3.7737	1.03753e-05	0.994491
2.3	3	-3.97769	9.70014e-06	0.995516
2.3	3.2	-4.18012	9.61804e-06	0.996163
2.3	3.4	-4.3821	8.99248e-06	0.996671
2.3	3.6	-4.58452	9.02981e-06	0.997229
2.3	3.8	-4.78622	7.68806e-06	0.997618
2.3	4	-4.98745	6.60422e-06	0.997907
2.3	4.2	-5.19016	4.58168e-06	0.99841
2.3	4.4	-5.39067	5.41956e-06	0.998542
2.3	4.6	-5.59248	4.95447e-06	0.998859
2.3	4.8	-5.79386	3.6846e-06	0.999097
2.4	-5	-5.98575	0.000664686	-0.997948
2.4	-4.8	-5.79169	3.83258e-06	-0.998777
2.4	-4.6	-5.5906	6.3825e-06	-0.998575
2.4	-4.4	-5.38888	5.99577e-06	-0.998259
2.4	-4.2	-5.1852	8.19438e-06	-0.997608
2.4	-4	-4.98366	7.6318e-06	-0.997269
2.4	-3.8	-4.78282	8.20112e-06	-0.997029
2.4	-3.6	-4.57953	9.40905e-06	-0.996333
2.4	-3.4	-4.37685	1.02173e-05	-0.995694
2.4	-3.2	-4.17296	1.14765e-05	-0.994771
2.4	-3	-3.96981	1.26305e-05	-0.993925
2.4	-2.8	-3.76563	1.2629e-05	-0.992785
2.4	-2.6	-3.55946	1.61577e-05	-0.991103
2.4	-2.4	-3.354	1.58316e-05	-0.989421
2.4	-2.2	-3.14822	1.7027e-05	-0.987473
2.4	-2	-2.94173	1.94983e-05	-0.985131
2.4	-1.8	-2.73065	2.33626e-05	-0.981306
2.4	-1.6	-2.52145	2.45573e-05	-0.977463
2.4	-1.4	-2.30972	3.37933e-05	-0.972409
2.4	-1.2	-2.09862	3.30074e-05	-0.966653
2.4	-1	-1.88507	3.51511e-05	-0.959035
2.4	-0.8	-1.66268	3.47584e-05	-0.946289
2.4	-0.6	-1.43921	4.20208e-05	-0.929655
2.4	-0.4	-1.20848	5.46605e-05	-0.903623
2.4	-0.2	-0.964966	7.13057e-05	-0.855385
2.4	2.16493e-15	-0.631857	0.000138042	-0.455836
2.4	0.2	-0.932606	0.00125664	0.797915
2.4	0.4	-1.21305	5.39448e-05	0.906391
2.4	0.6	-1.43685	4.33715e-05	0.928357
2.4	0.8	-1.66001	4.07662e-05	0.945086
2.4	1	-1.88225	3.6944e-05	0.95799
2.4	1.2	-2.0998	3.72897e-05	0.967069
2.4	1.4	-2.30917	2.68587e-05	0.972157
2.4	1.6	-2.5223	2.702e-05	0.977733
2.4	1.8	-2.73253	2.28531e-05	0.981842
2.4	2	-2.93871	2.36843e-05	0.984391
2.4	2.2	-3.14757	1.89554e-05	0.987319
2.4	2.4	-3.35389	1.68787e-05	0.989405
2.4	2.6	-3.55841	1.75861e-05	0.990859
2.4	2.8	-3.76454	1.3512e-05	0.99255
2.4	3	-3.97025	1.15801e-05	0.994016
2.4	3.2	-4.17423	1.01743e-05	0.995023
2.4	3.4	-4.37713	1.02764e-05	0.995746
2.4	3.6	-4.58012	1.06726e-05	0.996434
2.4	3.8	-4.78134	1.09509e-05	0.996775
2.4	4	-4.98406	7.19045e-06	0.997336
2.4	4.2	-5.18685	7.08605e-06	0.997874
2.4	4.4	-5.38734	6.60923e-06	0.998018
2.4	4.6	-5.59015	4.80387e-06	0.998507
2.4	4.8	-5.79077	5.44023e-06	0.998642
2.5	-5	-5.98302	0.000794088	-0.997556
2.5	-4.8	-5.78835	6.75234e-06	-0.998284
2.5	-4.6	-5.58643	7.56234e-06	-0.997939
2.5	-4.4	-5.3846	8.28928e-06	-0.997591
2.5	-4.2	-5.18296	7.89537e-06	-0.997244
2.5	-4	-4.98016	1.08907e-05	-0.996687
2.5	-3.8	-4.77626	1.14222e-05	-0.995895
2.5	-3.6	-4.57434	1.1347e-05	-0.995401
2.5	-3.4	-4.36909	1.4082e-05	-0.994251
2.5	-3.2	-4.16668	1.3321e-05	-0.993554
2.5	-3	-3.9617	1.45228e-05	-0.992282
2.5	-2.8	-3.75479	1.68204e-05	-0.990499
2.5	-2.6	-3.54885	1.94825e-05	-0.988752
2.5	-2.4	-3.34481	1.66691e-05	-0.987271
2.5	-2.2	-3.13579	2.13973e-05	-0.984427
2.5	-2	-2.9268	2.21488e-05	-0.981309
2.5	-1.8	-2.71646	2.56788e-05	-0.977402
2.5	-1.6	-2.50405	2.94909e-05	-0.972397
2.5	-1.4	-2.29359	3.57203e-05	-0.967238
2.5	-1.2	-2.07489	3.38455e-05	-0.958558
2.5	-1	-1.85866	3.46271e-05	-0.949121
2.5	-0.8	-1.63591	4.84519e-05	-0.93502
2.5	-0.6	-1.40616	5.08736e-05	-0.913731
2.5	-0.4	-1.17278	5.84957e-05	-0.883309
2.5	-0.2	-0.912775	6.39665e-05	-0.813371
2.5	2.16493e-15	-0.56177	0.000130626	-0.167607
2.5	0.2	-0.885595	0.000710034	0.773546
2.5	0.4	-1.16825	5.33894e-05	0.88079
2.5	0.6	-1.41013	6.04893e-05	0.915749
2.5	0.8	-1.6346	4.22122e-05	0.934517
2.5	1	-1.85801	3.76296e-05	0.948966
2.5	1.2	-2.07622	3.13691e-05	0.959023
2.5	1.4	-2.29052	3.47198e-05	0.966281
2.5	1.6	-2.50196	2.93091e-05	0.971783
2.5	1.8	-2.71661	2.61024e-05	0.977448
2.5	2	-2.92606	2.52033e-05	0.981085
2.5	2.2	-3.13429	2.39083e-05	0.984026
2.5	2.4	-3.34283	2.38093e-05	0.986811
2.5	2.6	-3.54994	1.66421e-05	0.988991
2.5	2.8	-3.75463	1.56947e-05	0.990457
2.5	3	-3.9597	1.50552e-05	0.991881
2.5	3.2	-4.16452	1.55296e-05	0.993137
2.5	3.4	-4.36876	1.39867e-05	0.994187
2.5	3.6	-4.57324	1.1907e-05	0.9952
2.5	3.8	-4.77618	1.21437e-05	0.995881
2.5	4	-4.97901	9.78488e-06	0.996491
2.5	4.2	-5.18273	8.98109e-06	0.99721
2.5	4.4	-5.38464	6.28012e-06	0.997597
2.5	4.6	-5.58751	5.93522e-06	0.998104
2.5	4.8	-5.78761	6.45695e-06	0.998175
2.6	-5	-5.97958	0.000699003	-0.997062
2.6	-4.8	-5.78551	6.40777e-06	-0.997868
2.6	-4.6	-5.58164	1.00998e-05	-0.997213
2.6	-4.4	-5.37949	1.00211e-05	-0.996786
2.6	-4.2	-5.17782	9.54342e-06	-0.996417
2.6	-4	-4.97413	1.07736e-05	-0.995673
2.6	-3.8	-4.77099	1.29956e-05	-0.994978
2.6	-3.6	-4.56533	1.45375e-05	-0.993785
2.6	-3.4	-4.36119	1.64444e-05	-0.992768
2.6	-3.2	-4.15649	1.78036e-05	-0.991578
2.6	-3	-3.95287	1.74046e-05	-0.990483
2.6	-2.8	-3.74461	2.11053e-05	-0.988326
2.6	-2.6	-3.53822	1.83587e-05	-0.98638
2.6	-2.4	-3.32766	2.40924e-05	-0.983263
2.6	-2.2	-3.11981	2.30052e-05	-0.980515
2.6	-2	-2.90956	2.85359e-05	-0.976802
2.6	-1.8	-2.69789	2.86717e-05	-0.972247
2.6	-1.6	-2.48637	2.93176e-05	-0.967163
2.6	-1.4	-2.26889	3.26209e-05	-0.959439
2.6	-1.2	-2.05218	3.68104e-05	-0.950704
2.6	-1	-1.8295	4.45461e-05	-0.938078
2.6	-0.8	-1.60536	5.30355e-05	-0.9219
2.6	-0.6	-1.37019	5.47127e-05	-0.896398
2.6	-0.4	-1.12968	5.48849e-05	-0.857261
2.6	-0.2	-0.859832	7.6182e-05	-0.768674
2.6	2.16493e-15	-0.526332	0.000139155	-0.106081
2.6	0.2	-0.841973	0.000371082	0.740423
2.6	0.4	-1.12693	6.0094e-05	0.855165
2.6	0.6	-1.37474	6.07341e-05	0.898409
2.6	0.8	-1.60476	4.21164e-05	0.921791
2.6	1	-1.82822	4.48111e-05	0.937535
2.6	1.2	-2.05101	3.63177e-05	0.950401
2.6	1.4	-2.27031	3.49544e-05	0.959863
2.6	1.6	-2.48389	3.57177e-05	0.966407
2.6	1.8	-2.7005	2.38096e-05	0.972987
2.6	2	-2.90737	3.26461e-05	0.976261
2.6	2.2	-3.11954	2.68829e-05	0.98043
2.6	2.4	-3.33129	2.50638e-05	0.984132
2.6	2.6	-3.53796	2.31334e-05	0.986325
2.6	2.8	-3.74471	2.28372e-05	0.988353
2.6	3	-3.95233	1.53107e-05	0.990377
2.6	3.2	-4.15686	1.61186e-05	0.991643
2.6	3.4	-4.36122	1.65332e-05	0.992772
2.6	3.6	-4.56562	1.23654e-05	0.993833
2.6	3.8	-4.77129	1.28018e-05	0.995034
2.6	4	-4.97242	1.28831e-05	0.995385
2.6	4.2	-5.17772	9.5141e-06	0.996396
2.6	4.4	-5.37915	1.14219e-05	0.996733
2.6	4.6	-5.58267	8.11639e-06	0.997369
2.6	4.8	-5.78448	7.69581e-06	0.997714
2.7	-5	-5.97745	0.000599236	-0.996758
2.7	-4.8	-5.77966	1.00968e-05	-0.997003
2.7	-4.6	-5.5783	8.34833e-06	-0.996707
2.7	-4.4	-5.37365	1.21095e-05	-0.99587
2.7	-4.2	-5.17047	1.15913e-05	-0.995217
2.7	-4	-4.96726	1.35702e-05	-0.994523
2.7	-3.8	-4.76259	1.68202e-05	-0.993518
2.7	-3.6	-4.55875	1.68637e-05	-0.99259
2.7	-3.4	-4.35409	1.54409e-05	-0.991439
2.7	-3.2	-4.14607	1.64557e-05	-0.989536
2.7	-3	-3.94073	1.78774e-05	-0.988018
2.7	-2.8	-3.7337	2.24091e-05	-0.986014
2.7	-2.6	-3.52292	2.11074e-05	-0.982982
2.7	-2.4	-3.31986	1.99027e-05	-0.981467
2.7	-2.2	-3.10479	2.7497e-05	-0.976809
2.7	-2	-2.89079	3.2388e-05	-0.971933
2.7	-1.8	-2.67699	3.20386e-05	-0.966414
2.7	-1.6	-2.4624	4.07855e-05	-0.960007
2.7	-1.4	-2.24884	3.72424e-05	-0.952947
2.7	-1.2	-2.02359	4.75252e-05	-0.940705
2.7	-1	-1.79882	4.91655e-05	-0.92624
2.7	-0.8	-1.56946	5.87788e-05	-0.906357
2.7	-0.6	-1.33061	5.05236e-05	-0.876259
2.7	-0.4	-1.08012	5.84912e-05	-0.826247
2.7	-0.2	-0.808736	8.12967e-05	-0.725916
2.7	2.16493e-15	-0.489216	8.84047e-05	-0.0679814
2.7	0.2	-0.790432	0.000355238	0.699226
2.7	0.4	-1.08302	8.42646e-05	0.827154
2.7	0.6	-1.33304	5.27024e-05	0.877369
2.7	0.8	-1.57121	4.63421e-05	0.907023
2.7	1	-1.79516	4.88602e-05	0.924606
2.7	1.2	-2.02432	4.78954e-05	0.940838
2.7	1.4	-2.24629	3.67871e-05	0.952136
2.7	1.6	-2.4641	3.96789e-05	0.96048
2.7	1.8	-2.67956	3.55116e-05	0.967147
2.7	2	-2.89167	3.65498e-05	0.97215
2.7	2.2	-3.10166	3.4495e-05	0.976032
2.7	2.4	-3.31423	2.67895e-05	0.980132
2.7	2.6	-3.52475	2.43926e-05	0.983386
2.7	2.8	-3.73202	1.92529e-05	0.985657
2.7	3	-3.94082	2.10293e-05	0.988041
2.7	3.2	-4.14684	1.70421e-05	0.989684
2.7	3.4	-4.35468	1.67971e-05	0.991544
2.7	3.6	-4.55681	1.49425e-05	0.992233
2.7	3.8	-4.76287	1.48494e-05	0.993564
2.7	4	-4.96645	1.45223e-05	0.994383
2.7	4.2	-5.17035	1.12056e-05	0.995204
2.7	4.4	-5.37373	9.02024e-06	0.995883
2.7	4.6	-5.57891	8.77913e-06	0.996798
2.7	4.8	-5.78149	8.11752e-06	0.997272
2.8	-5	-5.9702	0.000557436	-0.995719
2.8	-4.8	-5.77329	1.26048e-05	-0.996063
2.8	-4.6	-5.57124	1.0119e-05	-0.995632
2.8	-4.4	-5.36639	1.43608e-05	-0.994733
2.8	-4.2	-5.16289	1.3271e-05	-0.993999
2.8	-4	-4.95916	1.77854e-05	-0.993164
2.8	-3.8	-4.75147	1.97056e-05	-0.991578
2.8	-3.6	-4.54908	1.63898e-05	-0.990849
2.8	-3.4	-4.34218	2.05457e-05	-0.989197
2.8	-3.2	-4.13568	2.33428e-05	-0.987517
2.8	-3	-3.92746	2.30744e-05	-0.985326
2.8	-2.8	-3.71998	2.48827e-05	-0.983091
2.8	-2.6	-3.50811	2.62396e-05	-0.979674
2.8	-2.4	-3.29822	3.12392e-05	-0.976351
2.8	-2.2	-3.08739	3.06813e-05	-0.9725
2.8	-2	-2.87521	3.41868e-05	-0.967809
2.8	-1.8	-2.65954	3.35887e-05	-0.96158
2.8	-1.6	-2.43849	4.17845e-05	-0.95288
2.8	-1.4	-2.2199	4.62655e-05	-0.943553
2.8	-1.2	-1.99806	5.07882e-05	-0.931693
2.8	-1	-1.76746	6.03417e-05	-0.913758
2.8	-0.8	-1.53554	5.63989e-05	-0.891396
2.8	-0.6	-1.28604	6.54985e-05	-0.853039
2.8	-0.4	-1.02527	6.97387e-05	-0.789565
2.8	-0.2	-0.743373	5.97067e-05	-0.656721
2.8	2.16493e-15	-0.457993	5.4119e-05	-0.075251
2.8	0.2	-0.728735	0.000337362	0.63452
2.8	0.4	-1.03214	4.6096e-05	0.79479
2.8	0.6	-1.28824	6.35366e-05	0.854048
2.8	0.8	-1.53678	5.34265e-05	0.892128
2.8	1	-1.77353	4.2231e-05	0.916445
2.8	1.2	-1.99891	5.8842e-05	0.931888
2.8	1.4	-2.21675	3.79328e-05	0.942614
2.8	1.6	-2.44016	4.27505e-05	0.953332
2.8	1.8	-2.65677	3.92937e-05	0.960749
2.8	2	-2.87209	3.53905e-05	0.966977
2.8	2.2	-3.08598	3.37055e-05	0.972133
2.8	2.4	-3.29994	2.92671e-05	0.976769
2.8	2.6	-3.50826	2.79634e-05	0.979721
2.8	2.8	-3.71924	2.33947e-05	0.982947
2.8	3	-3.9269	2.40513e-05	0.985208
2.8	3.2	-4.13449	2.25301e-05	0.987289
2.8	3.4	-4.34155	2.01329e-05	0.989099
2.8	3.6	-4.54693	1.68066e-05	0.990449
2.8	3.8	-4.75209	2.06582e-05	0.9917
2.8	4	-4.9601	1.50627e-05	0.993321
2.8	4.2	-5.16368	1.37053e-05	0.994125
2.8	4.4	-5.36719	1.15035e-05	0.994856
2.8	4.6	-5.57119	1.08507e-05	0.995623
2.8	4.8	-5.77361	1.1061e-05	0.996111
2.9	-5	-5.96495	0.000555997	-0.994963
2.9	-4.8	-5.7674	1.26923e-05	-0.995193
2.9	-4.6	-5.56496	1.49483e-05	-0.994673
2.9	-4.4	-5.35892	1.39913e-05	-0.993552
2.9	-4.2	-5.15272	1.68827e-05	-0.992338
2.9	-4	-4.94869	1.63626e-05	-0.991401
2.9	-3.8	-4.74209	1.82289e-05	-0.989947
2.9	-3.6	-4.53682	2.0507e-05	-0.988634
2.9	-3.4	-4.3317	2.08768e-05	-0.98723
2.9	-3.2	-4.12273	2.04036e-05	-0.984979
2.9	-3	-3.91406	2.37374e-05	-0.982585
2.9	-2.8	-3.70407	3.14981e-05	-0.979702
2.9	-2.6	-3.49147	3.28429e-05	-0.975919
2.9	-2.4	-3.27887	3.2552e-05	-0.971788
2.9	-2.2	-3.06503	3.20964e-05	-0.96691
2.9	-2	-2.85053	3.51988e-05	-0.961243
2.9	-1.8	-2.63167	3.39117e-05	-0.953713
2.9	-1.6	-2.41112	3.86245e-05	-0.944554
2.9	-1.4	-2.19222	4.31308e-05	-0.934616
2.9	-1.2	-1.96646	4.79967e-05	-0.920402
2.9	-1	-1.7296	6.17325e-05	-0.898958
2.9	-0.8	-1.49222	5.98288e-05	-0.871635
2.9	-0.6	-1.24061	7.14782e-05	-0.828311
2.9	-0.4	-0.98786	7.45923e-05	-0.765641
2.9	-0.2	-0.689883	6.39394e-05	-0.606193
2.9	2.16493e-15	-0.430716	3.3373e-05	-0.0465288
2.9	0.2	-0.680889	0.000205378	0.588729
2.9	0.4	-0.977773	8.34484e-05	0.756783
2.9	0.6	-1.25039	6.2178e-05	0.834029
2.9	0.8	-1.49518	5.17125e-05	0.873256
2.9	1	-1.73004	5.26856e-05	0.898803
2.9	1.2	-1.96344	6.48147e-05	0.919123
2.9	1.4	-2.19282	5.09794e-05	0.93479
2.9	1.6	-2.41196	4.11142e-05	0.944715
2.9	1.8	-2.63113	4.43718e-05	0.953553
2.9	2	-2.84769	3.96061e-05	0.96051
2.9	2.2	-3.06698	3.4907e-05	0.967377
2.9	2.4	-3.28036	3.38882e-05	0.972185
2.9	2.6	-3.49391	2.77367e-05	0.976475
2.9	2.8	-3.70313	2.98904e-05	0.979499
2.9	3	-3.91588	2.48916e-05	0.982951
2.9	3.2	-4.12138	2.6197e-05	0.984713
2.9	3.4	-4.33073	2.10484e-05	0.98704
2.9	3.6	-4.53824	2.08974e-05	0.98888
2.9	3.8	-4.74599	1.85412e-05	0.990634
2.9	4	-4.95182	1.64687e-05	0.991931
2.9	4.2	-5.15445	1.79978e-05	0.992615
2.9	4.4	-5.35938	1.39888e-05	0.993631
2.9	4.6	-5.56444	1.36894e-05	0.994596
2.9	4.8	-5.7675	1.21598e-05	0.995208
3	-5	-5.95881	0.000642436	-0.994078
3	-4.8	-5.76055	1.47748e-05	-0.994183
3	-4.6	-5.55628	1.54814e-05	-0.993355
3	-4.4	-5.35206	1.69491e-05	-0.992478
3	-4.2	-5.14483	2.22845e-05	-0.991047
3	-4	-4.93821	1.85585e-05	-0.989635
3	-3.8	-4.73417	2.33834e-05	-0.988564
3	-3.6	-4.52494	1.79581e-05	-0.986473
3	-3.4	-4.3178	2.44208e-05	-0.984615
3	-3.2	-4.10709	2.18983e-05	-0.981921
3	-3	-3.89638	2.4901e-05	-0.978978
3	-2.8	-3.68338	3.09855e-05	-0.975241
3	-2.6	-3.47175	3.22717e-05	-0.971488
3	-2.4	-3.25918	3.62966e-05	-0.967146
3	-2.2	-3.04496	3.86315e-05	-0.961863
3	-2	-2.82648	3.54821e-05	-0.954822
3	-1.8	-2.60523	4.01097e-05	-0.946175
3	-1.6	-2.38492	5.40428e-05	-0.936514
3	-1.4	-2.15805	4.89193e-05	-0.923242
3	-1.2	-1.92597	5.37312e-05	-0.905675
3	-1	-1.69454	6.31781e-05	-0.884603
3	-0.8	-1.45276	6.0239e-05	-0.853494
3	-0.6	-1.2035	7.19427e-05	-0.808569
3	-0.4	-0.927216	8.41946e-05	-0.722909
3	-0.2	-0.635186	6.9268e-05	-0.544879
3	2.16493e-15	-0.411989	2.98002e-05	-0.0189336
3	0.2	-0.625315	0.000146457	0.52689
3	0.4	-0.932572	9.1234e-05	0.726942
3	0.6	-1.19773	7.50525e-05	0.805047
3	0.8	-1.45506	5.70547e-05	0.854584
3	1	-1.69688	4.70589e-05	0.885534
3	1.2	-1.93087	5.23314e-05	0.907311
3	1.4	-2.15857	4.21736e-05	0.923353
3	1.6	-2.38361	4.66152e-05	0.936104
3	1.8	-2.60578	4.58934e-05	0.946342
3	2	-2.83009	3.91098e-05	0.955849
3	2.2	-3.04284	3.78554e-05	0.961338
3	2.4	-3.25971	2.95183e-05	0.967232
3	2.6	-3.47009	3.57536e-05	0.971108
3	2.8	-3.68533	3.03107e-05	0.975669
3	3	-3.89927	2.47582e-05	0.979551
3	3.2	-4.10815	2.72665e-05	0.982107
3	3.4	-4.31725	2.60622e-05	0.984513
3	3.6	-4.52454	2.15098e-05	0.986399
3	3.8	-4.73227	2.19442e-05	0.988236
3	4	-4.93829	1.7832e-05	0.98964
3	4.2	-5.14563	1.9144e-05	0.991184
3	4.4	-5.35141	1.44962e-05	0.992374
3	4.6	-5.55428	1.49508e-05	0.993047
3	4.8	-5.75974	1.74755e-05	0.994062
3.1	-5	-5.9494	0.000543181	-0.992727
3.1	-4.8	-5.75187	1.75747e-05	-0.992896
3.1	-4.6	-5.54718	2.00878e-05	-0.991966
3.1	-4.4	-5.34048	1.77355e-05	-0.990648
3.1	-4.2	-5.13547	1.90985e-05	-0.989529
3.1	-4	-4.92933	2.07737e-05	-0.988135
3.1	-3.8	-4.71953	2.47599e-05	-0.985997
3.1	-3.6	-4.51036	2.55709e-05	-0.983831
3.1	-3.4	-4.30304	3.01505e-05	-0.981838
3.1	-3.2	-4.08972	3.22921e-05	-0.978468
3.1	-3	-3.87947	2.79143e-05	-0.975484
3.1	-2.8	-3.66662	3.12085e-05	-0.971655
3.1	-2.6	-3.45209	3.12852e-05	-0.967085
3.1	-2.4	-3.2356	3.35417e-05	-0.961519
3.1	-2.2	-3.02107	4.1429e-05	-0.955802
3.1	-2	-2.79318	4.43327e-05	-0.945952
3.1	-1.8	-2.57792	4.64918e-05	-0.938335
3.1	-1.6	-2.35459	5.15705e-05	-0.927145
3.1	-1.4	-2.12617	4.04556e-05	-0.912617
3.1	-1.2	-1.88749	5.7972e-05	-0.891326
3.1	-1	-1.65148	6.09437e-05	-0.86672
3.1	-0.8	-1.40924	6.19566e-05	-0.832454
3.1	-0.6	-1.15431	7.66105e-05	-0.781257
3.1	-0.4	-0.875467	7.65468e-05	-0.684338
3.1	-0.2	-0.591963	4.31757e-05	-0.497628
3.1	2.16493e-15	-0.391826	2.5347e-05	0.00994434
3.1	0.2	-0.579755	0.000154575	0.476709
3.1	0.4	-0.874609	8.02963e-05	0.684322
3.1	0.6	-1.14882	7.0605e-05	0.776633
3.1	0.8	-1.40932	8.04477e-05	0.833028
3.1	1	-1.656	5.50874e-05	0.868569
3.1	1.2	-1.89748	7.03673e-05	0.895078
3.1	1.4	-2.12296	4.78927e-05	0.911522
3.1	1.6	-2.35232	4.2744e-05	0.926553
3.1	1.8	-2.57752	4.59948e-05	0.938211
3.1	2	-2.79914	4.07445e-05	0.947525
3.1	2.2	-3.02407	3.8957e-05	0.956656
3.1	2.4	-3.23752	3.71528e-05	0.961958
3.1	2.6	-3.45034	3.75963e-05	0.966655
3.1	2.8	-3.66838	3.52892e-05	0.97203
3.1	3	-3.88123	3.21911e-05	0.975855
3.1	3.2	-4.09137	3.05228e-05	0.978807
3.1	3.4	-4.30082	2.49833e-05	0.981419
3.1	3.6	-4.51189	3.1899e-05	0.984108
3.1	3.8	-4.7199	2.6099e-05	0.98607
3.1	4	-4.92868	2.34549e-05	0.988026
3.1	4.2	-5.13582	2.30536e-05	0.989584
3.1	4.4	-5.34226	1.57811e-05	0.990931
3.1	4.6	-5.54487	2.05034e-05	0.991605
3.1	4.8	-5.75098	1.46919e-05	0.992759
3.2	-5	-5.94324	0.000467348	-0.991845
3.2	-4.8	-5.74462	1.82244e-05	-0.991821
3.2	-4.6	-5.53655	2.25293e-05	-0.990332
3.2	-4.4	-5.32843	1.79105e-05	-0.988744
3.2	-4.2	-5.12129	2.15866e-05	-0.987216
3.2	-4	-4.91293	2.57653e-05	-0.985364
3.2	-3.8	-4.70528	2.45841e-05	-0.983512
3.2	-3.6	-4.49707	2.64719e-05	-0.981407
3.2	-3.4	-4.28236	2.97367e-05	-0.977923
3.2	-3.2	-4.07353	3.66428e-05	-0.975288
3.2	-3	-3.86027	3.09673e-05	-0.971544
3.2	-2.8	-3.64315	3.13439e-05	-0.966551
3.2	-2.6	-3.42897	4.06752e-05	-0.961759
3.2	-2.4	-3.21571	3.59229e-05	-0.956789
3.2	-2.2	-2.99625	4.36717e-05	-0.949514
3.2	-2	-2.77276	4.58583e-05	-0.940451
3.2	-1.8	-2.54714	5.20019e-05	-0.9295
3.2	-1.6	-2.31956	5.91851e-05	-0.916285
3.2	-1.4	-2.08861	6.31518e-05	-0.899716
3.2	-1.2	-1.85418	8.25847e-05	-0.878728
3.2	-1	-1.61596	7.0431e-05	-0.852033
3.2	-0.8	-1.36719	7.31814e-05	-0.81275
3.2	-0.6	-1.1018	7.13969e-05	-0.749242
3.2	-0.4	-0.818804	7.23135e-05	-0.639703
3.2	-0.2	-0.542421	6.69409e-05	-0.438695
3.2	2.16493e-15	-0.373918	1.88789e-05	-0.00723682
3.2	0.2	-0.540419	9.60078e-05	0.434036
3.2	0.4	-0.823371	8.21986e-05	0.643812
3.2	0.6	-1.09519	7.54795e-05	0.745215
3.2	0.8	-1.35939	8.0231e-05	0.808746
3.2	1	-1.61435	6.38023e-05	0.851108
3.2	1.2	-1.85489	6.61966e-05	0.879206
3.2	1.4	-2.08893	7.60467e-05	0.899885
3.2	1.6	-2.31718	5.68395e-05	0.915608
3.2	1.8	-2.55283	4.92104e-05	0.931087
3.2	2	-2.77396	4.58794e-05	0.940789
3.2	2.2	-2.9927	4.6031e-05	0.948612
3.2	2.4	-3.20971	4.91421e-05	0.955297
3.2	2.6	-3.4294	4.52982e-05	0.961926
3.2	2.8	-3.64799	3.32207e-05	0.967622
3.2	3	-3.85899	3.79447e-05	0.971236
3.2	3.2	-4.07538	2.96192e-05	0.975659
3.2	3.4	-4.28321	3.00119e-05	0.97809
3.2	3.6	-4.49495	2.58005e-05	0.981027
3.2	3.8	-4.70658	3.18487e-05	0.983749
3.2	4	-4.9174	2.28792e-05	0.986114
3.2	4.2	-5.12525	2.94651e-05	0.987858
3.2	4.4	-5.32907	2.13255e-05	0.988858
3.2	4.6	-5.53627	1.90325e-05	0.990292
3.2	4.8	-5.74113	1.87248e-05	0.991303
3.3	-5	-5.93087	0.000412171	-0.990068
3.3	-4.8	-5.7332	2.26032e-05	-0.99012
3.3	-4.6	-5.52223	2.31965e-05	-0.988153
3.3	-4.4	-5.31859	2.79728e-05	-0.987199
3.3	-4.2	-5.11001	2.39567e-05	-0.985376
3.3	-4	-4.90261	2.89932e-05	-0.983619
3.3	-3.8	-4.68994	2.81475e-05	-0.980821
3.3	-3.6	-4.48165	3.15167e-05	-0.978586
3.3	-3.4	-4.26617	3.27479e-05	-0.974833
3.3	-3.2	-4.05285	2.93322e-05	-0.971191
3.3	-3	-3.84014	3.6259e-05	-0.967349
3.3	-2.8	-3.62177	3.9131e-05	-0.961946
3.3	-2.6	-3.40654	3.86427e-05	-0.956683
3.3	-2.4	-3.18587	4.68981e-05	-0.949617
3.3	-2.2	-2.96966	5.07401e-05	-0.94281
3.3	-2	-2.74015	4.59237e-05	-0.931657
3.3	-1.8	-2.51845	6.10063e-05	-0.921136
3.3	-1.6	-2.28211	5.30429e-05	-0.904441
3.3	-1.4	-2.05711	6.58284e-05	-0.88908
3.3	-1.2	-1.81344	7.25679e-05	-0.86358
3.3	-1	-1.56644	6.88004e-05	-0.830589
3.3	-0.8	-1.31194	6.47079e-05	-0.785206
3.3	-0.6	-1.04689	8.41203e-05	-0.716431
3.3	-0.4	-0.776041	6.78059e-05	-0.607421
3.3	-0.2	-0.506664	5.01586e-05	-0.395488
3.3	2.16493e-15	-0.357764	2.10127e-05	-0.0204209
3.3	0.2	-0.504248	6.53696e-05	0.393527
3.3	0.4	-0.77849	7.32858e-05	0.610363
3.3	0.6	-1.05237	0.000113883	0.720109
3.3	0.8	-1.31771	5.7789e-05	0.788064
3.3	1	-1.56379	6.43984e-05	0.829497
3.3	1.2	-1.81095	7.09526e-05	0.86238
3.3	1.4	-2.04881	7.48657e-05	0.886171
3.3	1.6	-2.28825	5.02731e-05	0.906507
3.3	1.8	-2.51634	6.52653e-05	0.920485
3.3	2	-2.74377	5.21736e-05	0.932635
3.3	2.2	-2.96806	5.15384e-05	0.942415
3.3	2.4	-3.18885	4.0625e-05	0.950302
3.3	2.6	-3.40719	4.11467e-05	0.956852
3.3	2.8	-3.62384	3.39385e-05	0.96235
3.3	3	-3.83929	3.60217e-05	0.967176
3.3	3.2	-4.05457	3.55777e-05	0.971526
3.3	3.4	-4.26488	3.49017e-05	0.974593
3.3	3.6	-4.47784	3.11725e-05	0.977908
3.3	3.8	-4.68822	2.72123e-05	0.980523
3.3	4	-4.89679	2.98682e-05	0.98263
3.3	4.2	-5.11027	2.30981e-05	0.985408
3.3	4.4	-5.3169	2.51163e-05	0.986932
3.3	4.6	-5.52614	1.94195e-05	0.988748
3.3	4.8	-5.7322	2.33389e-05	0.989978
3.4	-5	-5.92117	0.000457675	-0.988666
3.4	-4.8	-5.71795	2.34888e-05	-0.98787
3.4	-4.6	-5.51363	2.43802e-05	-0.986824
3.4	-4.4	-5.3018	2.67415e-05	-0.984522
3.4	-4.2	-5.09585	3.38805e-05	-0.983063
3.4	-4	-4.88615	2.90352e-05	-0.98083
3.4	-3.8	-4.67289	3.13836e-05	-0.977813
3.4	-3.6	-4.45946	4.10275e-05	-0.97453
3.4	-3.4	-4.24817	4.04964e-05	-0.971394
3.4	-3.2	-4.03321	4.69126e-05	-0.967304
3.4	-3	-3.82012	5.00537e-05	-0.963234
3.4	-2.8	-3.5983	5.05862e-05	-0.956835
3.4	-2.6	-3.37874	4.95013e-05	-0.950321
3.4	-2.4	-3.15803	5.0309e-05	-0.94285
3.4	-2.2	-2.93262	4.62751e-05	-0.933288
3.4	-2	-2.70198	6.90717e-05	-0.921087
3.4	-1.8	-2.47856	6.00593e-05	-0.909462
3.4	-1.6	-2.24125	7.0894e-05	-0.891417
3.4	-1.4	-2.00685	7.08104e-05	-0.87147
3.4	-1.2	-1.773	7.85968e-05	-0.847968
3.4	-1	-1.52363	6.8711e-05	-0.812546
3.4	-0.8	-1.26529	6.53662e-05	-0.761108
3.4	-0.6	-1.00558	6.15696e-05	-0.691732
3.4	-0.4	-0.729554	6.65681e-05	-0.570796
3.4	-0.2	-0.47098	3.54263e-05	-0.353624
3.4	2.16493e-15	-0.342693	1.57031e-05	-0.000127441
3.4	0.2	-0.470957	5.02619e-05	0.349886
3.4	0.4	-0.730148	7.69323e-05	0.568942
3.4	0.6	-1.00589	6.70665e-05	0.692646
3.4	0.8	-1.26992	6.90895e-05	0.763685
3.4	1	-1.5244	8.38849e-05	0.812575
3.4	1.2	-1.76954	7.22807e-05	0.846602
3.4	1.4	-2.01541	7.11009e-05	0.874659
3.4	1.6	-2.25128	5.75704e-05	0.89473
3.4	1.8	-2.476	7.11329e-05	0.908688
3.4	2	-2.70829	5.78631e-05	0.922836
3.4	2.2	-2.93687	5.72018e-05	0.934406
3.4	2.4	-3.15618	4.29049e-05	0.94242
3.4	2.6	-3.37839	4.65937e-05	0.950241
3.4	2.8	-3.59237	4.50896e-05	0.955542
3.4	3	-3.81739	3.96274e-05	0.962647
3.4	3.2	-4.03257	3.76167e-05	0.967182
3.4	3.4	-4.24901	3.98601e-05	0.971583
3.4	3.6	-4.45918	3.28581e-05	0.974504
3.4	3.8	-4.67436	2.83296e-05	0.97808
3.4	4	-4.88284	2.62487e-05	0.980275
3.4	4.2	-5.09639	2.84898e-05	0.983144
3.4	4.4	-5.30415	3.11266e-05	0.984909
3.4	4.6	-5.51272	2.26876e-05	0.986693
3.4	4.8	-5.71981	2.17353e-05	0.988147
3.5	-5	-5.90931	0.000381848	-0.986958
3.5	-4.8	-5.70861	2.21546e-05	-0.986477
3.5	-4.6	-5.49637	3.10243e-05	-0.984184
3.5	-4.4	-5.2905	2.75048e-05	-0.982747
3.5	-4.2	-5.07751	3.33745e-05	-0.980043
3.5	-4	-4.86641	3.24207e-05	-0.977483
3.5	-3.8	-4.65422	3.57036e-05	-0.974524
3.5	-3.6	-4.44085	3.76297e-05	-0.971116
3.5	-3.4	-4.22552	3.80619e-05	-0.967105
3.5	-3.2	-4.00833	4.72828e-05	-0.962365
3.5	-3	-3.79199	3.79804e-05	-0.957364
3.5	-2.8	-3.57477	5.05969e-05	-0.951582
3.5	-2.6	-3.34834	6.11642e-05	-0.943363
3.5	-2.4	-3.12898	4.44546e-05	-0.935833
3.5	-2.2	-2.90225	5.83135e-05	-0.925558
3.5	-2	-2.6729	4.40178e-05	-0.913047
3.5	-1.8	-2.44527	6.93406e-05	-0.89946
3.5	-1.6	-2.20573	7.31313e-05	-0.880141
3.5	-1.4	-1.96527	5.73379e-05	-0.857091
3.5	-1.2	-1.72271	5.84452e-05	-0.828206
3.5	-1	-1.4743	9.69052e-05	-0.790457
3.5	-0.8	-1.21374	6.39892e-05	-0.735459
3.5	-0.6	-0.95295	5.71558e-05	-0.657877
3.5	-0.4	-0.684825	6.45261e-05	-0.532964
3.5	-0.2	-0.445189	4.66335e-05	-0.327275
3.5	2.16493e-15	-0.329468	1.55222e-05	5.9082e-05
3.5	0.2	-0.436336	3.57879e-05	0.307438
3.5	0.4	-0.678676	9.53278e-05	0.526092
3.5	0.6	-0.955185	7.29521e-05	0.659833
3.5	0.8	-1.21506	8.41787e-05	0.735498
3.5	1	-1.46727	7.18992e-05	0.787228
3.5	1.2	-1.72686	8.04522e-05	0.830014
3.5	1.4	-1.9681	7.07774e-05	0.857964
3.5	1.6	-2.21293	9.04341e-05	0.882423
3.5	1.8	-2.44297	5.31599e-05	0.898928
3.5	2	-2.66944	5.4787e-05	0.912121
3.5	2.2	-2.9023	5.92799e-05	0.925434
3.5	2.4	-3.12441	6.37271e-05	0.934681
3.5	2.6	-3.35157	4.07001e-05	0.94402
3.5	2.8	-3.57046	4.35286e-05	0.950705
3.5	3	-3.79012	4.80986e-05	0.956941
3.5	3.2	-4.00681	4.26059e-05	0.962031
3.5	3.4	-4.2226	3.71788e-05	0.966548
3.5	3.6	-4.43981	5.19508e-05	0.970939
3.5	3.8	-4.65447	3.30335e-05	0.974581
3.5	4	-4.86407	3.85661e-05	0.977083
3.5	4.2	-5.0763	3.27994e-05	0.97986
3.5	4.4	-5.29169	3.17884e-05	0.982934
3.5	4.6	-5.49628	2.72423e-05	0.984165
3.5	4.8	-5.7081	2.6179e-05	0.986397
3.6	-5	-5.89476	0.000383589	-0.984849
3.6	-4.8	-5.69303	2.91445e-05	-0.984161
3.6	-4.6	-5.48475	3.20081e-05	-0.9824
3.6	-4.4	-5.26966	3.63929e-05	-0.979438
3.6	-4.2	-5.05975	3.63138e-05	-0.977133
3.6	-4	-4.84786	3.7609e-05	-0.974332
3.6	-3.8	-4.63719	4.18067e-05	-0.97155
3.6	-3.6	-4.42138	4.38683e-05	-0.967564
3.6	-3.4	-4.20547	4.10498e-05	-0.963277
3.6	-3.2	-3.98614	4.26259e-05	-0.957908
3.6	-3	-3.76872	4.92446e-05	-0.952472
3.6	-2.8	-3.54746	4.86536e-05	-0.945698
3.6	-2.6	-3.32252	6.47361e-05	-0.937327
3.6	-2.4	-3.10158	5.43674e-05	-0.929116
3.6	-2.2	-2.86742	5.09588e-05	-0.916431
3.6	-2	-2.6351	7.2026e-05	-0.902487
3.6	-1.8	-2.40721	6.17072e-05	-0.8881
3.6	-1.6	-2.17237	7.20645e-05	-0.869365
3.6	-1.4	-1.92762	7.53068e-05	-0.843592
3.6	-1.2	-1.6828	6.58265e-05	-0.812524
3.6	-1	-1.43091	6.67556e-05	-0.770369
3.6	-0.8	-1.16418	8.26954e-05	-0.708583
3.6	-0.6	-0.898331	6.71011e-05	-0.621918
3.6	-0.4	-0.642513	6.19782e-05	-0.497402
3.6	-0.2	-0.41592	4.12649e-05	-0.290146
3.6	2.16493e-15	-0.318091	1.42409e-05	0.00660791
3.6	0.2	-0.417245	3.8862e-05	0.287432
3.6	0.4	-0.636644	6.08498e-05	0.49077
3.6	0.6	-0.90269	0.000108386	0.625134
3.6	0.8	-1.16888	7.09216e-05	0.712254
3.6	1	-1.41997	8.95745e-05	0.765991
3.6	1.2	-1.67926	7.34425e-05	0.811082
3.6	1.4	-1.92435	6.39179e-05	0.84245
3.6	1.6	-2.16873	8.79134e-05	0.868008
3.6	1.8	-2.40162	5.75377e-05	0.886564
3.6	2	-2.63581	6.08454e-05	0.90285
3.6	2.2	-2.86835	6.00703e-05	0.916621
3.6	2.4	-3.09658	4.75938e-05	0.927924
3.6	2.6	-3.32006	4.16054e-05	0.936749
3.6	2.8	-3.54553	4.28273e-05	0.945278
3.6	3	-3.76877	4.29419e-05	0.952477
3.6	3.2	-3.98492	4.45043e-05	0.957656
3.6	3.4	-4.20676	5.88113e-05	0.963502
3.6	3.6	-4.41863	3.86137e-05	0.967076
3.6	3.8	-4.63322	4.08204e-05	0.970829
3.6	4	-4.84957	2.77587e-05	0.974623
3.6	4.2	-5.05586	4.03667e-05	0.976485
3.6	4.4	-5.27352	2.99767e-05	0.98007
3.6	4.6	-5.48262	2.93362e-05	0.982062
3.6	4.8	-5.69152	2.81158e-05	0.983936
3.7	-5	-5.87951	0.000399266	-0.982652
3.7	-4.8	-5.67993	2.67018e-05	-0.982212
3.7	-4.6	-5.46675	3.11588e-05	-0.979628
3.7	-4.4	-5.25501	3.45458e-05	-0.977112
3.7	-4.2	-5.04232	3.51153e-05	-0.974258
3.7	-4	-4.8315	3.7856e-05	-0.971533
3.7	-3.8	-4.61328	4.64298e-05	-0.967287
3.7	-3.6	-4.40143	4.07498e-05	-0.963885
3.7	-3.4	-4.17579	4.67776e-05	-0.957556
3.7	-3.2	-3.95912	4.21173e-05	-0.952471
3.7	-3	-3.73847	5.63533e-05	-0.94612
3.7	-2.8	-3.51746	5.26963e-05	-0.93905
3.7	-2.6	-3.28836	6.66354e-05	-0.92942
3.7	-2.4	-3.06974	5.33082e-05	-0.921342
3.7	-2.2	-2.8348	5.64057e-05	-0.90787
3.7	-2	-2.60072	5.37844e-05	-0.893021
3.7	-1.8	-2.37051	6.16959e-05	-0.87722
3.7	-1.6	-2.1205	6.74018e-05	-0.852338
3.7	-1.4	-1.88381	6.56032e-05	-0.82781
3.7	-1.2	-1.63159	7.83643e-05	-0.792028
3.7	-1	-1.36762	6.84292e-05	-0.742039
3.7	-0.8	-1.11568	8.87031e-05	-0.682578
3.7	-0.6	-0.858956	7.84474e-05	-0.5974
3.7	-0.4	-0.59928	5.99265e-05	-0.460403
3.7	-0.2	-0.399015	3.02705e-05	-0.272313
3.7	2.16493e-15	-0.308694	1.22071e-05	-0.0102861
3.7	0.2	-0.392832	3.08554e-05	0.257943
3.7	0.4	-0.60072	5.37402e-05	0.459708
3.7	0.6	-0.859615	7.93137e-05	0.597137
3.7	0.8	-1.12403	6.63817e-05	0.687801
3.7	1	-1.38573	6.00783e-05	0.750222
3.7	1.2	-1.63608	6.6791e-05	0.793832
3.7	1.4	-1.88759	8.01781e-05	0.829106
3.7	1.6	-2.1294	5.90441e-05	0.85527
3.7	1.8	-2.36076	6.14224e-05	0.874109
3.7	2	-2.60058	5.23933e-05	0.893048
3.7	2.2	-2.83587	4.84077e-05	0.908139
3.7	2.4	-3.06596	6.0648e-05	0.920272
3.7	2.6	-3.29045	5.08454e-05	0.929888
3.7	2.8	-3.51335	5.14467e-05	0.938179
3.7	3	-3.74032	4.85144e-05	0.946486
3.7	3.2	-3.96262	4.02697e-05	0.953197
3.7	3.4	-4.17657	4.00114e-05	0.957723
3.7	3.6	-4.39541	4.26573e-05	0.962795
3.7	3.8	-4.61287	4.12941e-05	0.967225
3.7	4	-4.82538	3.2175e-05	0.97047
3.7	4.2	-5.04372	3.47659e-05	0.974487
3.7	4.4	-5.25498	3.5747e-05	0.977108
3.7	4.6	-5.46761	3.52212e-05	0.979744
3.7	4.8	-5.6752	2.9372e-05	0.981507
3.8	-5	-5.86843	0.000395964	-0.981043
3.8	-4.8	-5.6631	3.08416e-05	-0.979683
3.8	-4.6	-5.44665	3.24909e-05	-0.976531
3.8	-4.4	-5.23772	4.40609e-05	-0.974359
3.8	-4.2	-5.02249	3.27462e-05	-0.970995
3.8	-4	-4.80311	4.72723e-05	-0.966672
3.8	-3.8	-4.59051	4.29345e-05	-0.963273
3.8	-3.6	-4.37148	5.05269e-05	-0.958337
3.8	-3.4	-4.15106	5.03409e-05	-0.952813
3.8	-3.2	-3.92773	5.83735e-05	-0.946168
3.8	-3	-3.70685	4.85038e-05	-0.939468
3.8	-2.8	-3.48111	6.12128e-05	-0.931041
3.8	-2.6	-3.25601	5.43995e-05	-0.921846
3.8	-2.4	-3.0347	6.13262e-05	-0.912587
3.8	-2.2	-2.80088	6.0674e-05	-0.898933
3.8	-2	-2.56523	5.93141e-05	-0.882962
3.8	-1.8	-2.32728	5.88749e-05	-0.864055
3.8	-1.6	-2.08269	5.85911e-05	-0.839879
3.8	-1.4	-1.83947	7.74865e-05	-0.811752
3.8	-1.2	-1.58711	5.04785e-05	-0.773757
3.8	-1	-1.32841	6.82467e-05	-0.723584
3.8	-0.8	-1.07037	7.2715e-05	-0.658209
3.8	-0.6	-0.819992	4.96361e-05	-0.570562
3.8	-0.4	-0.563134	4.4849e-05	-0.42799
3.8	-0.2	-0.37484	2.49385e-05	-0.238961
3.8	2.16493e-15	-0.296133	1.14457e-05	-0.00583984
3.8	0.2	-0.375424	2.09702e-05	0.248603
3.8	0.4	-0.572472	5.14187e-05	0.433692
3.8	0.6	-0.814871	6.1273e-05	0.567762
3.8	0.8	-1.07314	7.8002e-05	0.659651
3.8	1	-1.32479	9.99213e-05	0.721734
3.8	1.2	-1.58219	7.17166e-05	0.771755
3.8	1.4	-1.83384	8.01344e-05	0.809469
3.8	1.6	-2.08491	6.66531e-05	0.840517
3.8	1.8	-2.32795	6.50892e-05	0.864095
3.8	2	-2.56375	5.55812e-05	0.882588
3.8	2.2	-2.7907	6.78197e-05	0.896259
3.8	2.4	-3.02703	7.55284e-05	0.910709
3.8	2.6	-3.26129	5.93923e-05	0.923119
3.8	2.8	-3.48379	7.3966e-05	0.93162
3.8	3	-3.70626	6.13127e-05	0.939323
3.8	3.2	-3.93432	4.85677e-05	0.947493
3.8	3.4	-4.15016	5.48428e-05	0.952654
3.8	3.6	-4.37229	4.34736e-05	0.958499
3.8	3.8	-4.58603	4.61216e-05	0.962434
3.8	4	-4.80505	4.44606e-05	0.967002
3.8	4.2	-5.02455	3.30997e-05	0.971353
3.8	4.4	-5.24009	3.79971e-05	0.974719
3.8	4.6	-5.45173	3.41089e-05	0.977312
3.8	4.8	-5.65988	3.4318e-05	0.979218
3.9	-5	-5.84733	0.000406287	-0.977973
3.9	-4.8	-5.64165	4.01761e-05	-0.9765
3.9	-4.6	-5.42562	3.4211e-05	-0.973288
3.9	-4.4	-5.21725	3.7457e-05	-0.971099
3.9	-4.2	-4.99967	3.95173e-05	-0.967223
3.9	-4	-4.78545	4.87528e-05	-0.963664
3.9	-3.8	-4.56614	4.42931e-05	-0.958927
3.9	-3.6	-4.34977	5.12908e-05	-0.95435
3.9	-3.4	-4.12788	5.28413e-05	-0.948334
3.9	-3.2	-3.89671	5.31001e-05	-0.939883
3.9	-3	-3.67375	6.96938e-05	-0.932463
3.9	-2.8	-3.45122	6.18298e-05	-0.924386
3.9	-2.6	-3.22857	7.14405e-05	-0.915437
3.9	-2.4	-2.98823	6.07632e-05	-0.900958
3.9	-2.2	-2.76092	6.91958e-05	-0.888367
3.9	-2	-2.52617	6.33026e-05	-0.871922
3.9	-1.8	-2.28668	6.8676e-05	-0.851746
3.9	-1.6	-2.03562	6.76678e-05	-0.824321
3.9	-1.4	-1.78612	5.78443e-05	-0.791989
3.9	-1.2	-1.53867	7.52392e-05	-0.753504
3.9	-1	-1.28857	6.62889e-05	-0.704925
3.9	-0.8	-1.02706	5.80049e-05	-0.633804
3.9	-0.6	-0.773246	6.73087e-05	-0.53902
3.9	-0.4	-0.537407	3.63206e-05	-0.404043
3.9	-0.2	-0.360371	2.11669e-05	-0.226362
3.9	2.16493e-15	-0.286753	9.27882e-06	-0.00794336
3.9	0.2	-0.357441	2.4398e-05	0.223135
3.9	0.4	-0.53352	3.72467e-05	0.398896
3.9	0.6	-0.770704	5.72079e-05	0.536917
3.9	0.8	-1.03506	6.73696e-05	0.639135
3.9	1	-1.29369	7.41359e-05	0.707814
3.9	1.2	-1.53263	8.21017e-05	0.751212
3.9	1.4	-1.78974	8.50063e-05	0.793641
3.9	1.6	-2.04408	7.97674e-05	0.82698
3.9	1.8	-2.28851	7.93231e-05	0.852243
3.9	2	-2.5242	7.38567e-05	0.871314
3.9	2.2	-2.76081	6.22077e-05	0.888362
3.9	2.4	-2.99492	5.70396e-05	0.902673
3.9	2.6	-3.21869	5.62505e-05	0.913125
3.9	2.8	-3.45588	5.96603e-05	0.92541
3.9	3	-3.6826	5.00363e-05	0.934363
3.9	3.2	-3.90745	5.04983e-05	0.942066
3.9	3.4	-4.12446	5.68584e-05	0.947635
3.9	3.6	-4.34532	5.06943e-05	0.953479
3.9	3.8	-4.56228	5.1502e-05	0.958232
3.9	4	-4.78328	4.82295e-05	0.963293
3.9	4.2	-4.99711	5.48266e-05	0.96682
3.9	4.4	-5.21831	3.75896e-05	0.971262
3.9	4.6	-5.43196	3.67698e-05	0.974273
3.9	4.8	-5.64377	3.541e-05	0.976813
4	-5	-5.82862	0.00032919	-0.97526
4	-4.8	-5.61842	4.45107e-05	-0.973034
4	-4.6	-5.40894	3.72823e-05	-0.97071
4	-4.4	-5.19119	4.53632e-05	-0.96694
4	-4.2	-4.97096	4.53289e-05	-0.962481
4	-4	-4.75924	4.78246e-05	-0.959153
4	-3.8	-4.53676	4.7333e-05	-0.953695
4	-3.6	-4.31693	4.275e-05	-0.948238
4	-3.4	-4.10319	5.09046e-05	-0.943584
4	-3.2	-3.86688	6.54258e-05	-0.933861
4	-3	-3.65095	7.12679e-05	-0.927618
4	-2.8	-3.41839	7.15596e-05	-0.917042
4	-2.6	-3.18165	6.19188e-05	-0.904293
4	-2.4	-2.95558	6.71934e-05	-0.892819
4	-2.2	-2.72172	7.29776e-05	-0.877944
4	-2	-2.48562	6.79523e-05	-0.860317
4	-1.8	-2.24048	7.34198e-05	-0.837392
4	-1.6	-1.99356	6.93637e-05	-0.809959
4	-1.4	-1.74814	7.1006e-05	-0.77805
4	-1.2	-1.4826	7.45291e-05	-0.729809
4	-1	-1.24314	6.89042e-05	-0.683757
4	-0.8	-0.987955	7.28144e-05	-0.612186
4	-0.6	-0.739836	5.47424e-05	-0.515577
4	-0.4	-0.502219	3.32458e-05	-0.371125
4	-0.2	-0.34274	2.58818e-05	-0.209915
4	2.16493e-15	-0.278185	9.28405e-06	-0.00171777
4	0.2	-0.340473	2.29798e-05	0.205393
4	0.4	-0.514293	5.17324e-05	0.384482
4	0.6	-0.733353	4.60674e-05	0.510292
4	0.8	-0.984728	7.03962e-05	0.610045
4	1	-1.23394	5.50727e-05	0.678831
4	1.2	-1.49258	8.3125e-05	0.734976
4	1.4	-1.74433	5.7512e-05	0.776804
4	1.6	-1.99316	7.20164e-05	0.809707
4	1.8	-2.24393	7.21771e-05	0.838511
4	2	-2.49297	7.01514e-05	0.862539
4	2.2	-2.71771	8.03311e-05	0.876806
4	2.4	-2.95417	7.00698e-05	0.892527
4	2.6	-3.18611	6.3837e-05	0.905371
4	2.8	-3.42273	6.39067e-05	0.918043
4	3	-3.64551	5.57614e-05	0.926507
4	3.2	-3.86729	5.46601e-05	0.933977
4	3.4	-4.09196	5.30856e-05	0.941395
4	3.6	-4.31952	5.58142e-05	0.948709
4	3.8	-4.53524	4.44805e-05	0.953393
4	4	-4.75845	4.74049e-05	0.959009
4	4.2	-4.97346	4.34989e-05	0.962887
4	4.4	-5.19237	4.13867e-05	0.967127
4	4.6	-5.41028	3.89125e-05	0.970915
4	4.8	-5.62417	3.71411e-05	0.973881
4.1	-5	-5.80811	0.000302669	-0.97231
4.1	-4.8	-5.59973	3.56785e-05	-0.970221
4.1	-4.6	-5.38495	4.33857e-05	-0.967002
4.1	-4.4	-5.16768	3.92939e-05	-0.96315
4.1	-4.2	-4.95666	4.39812e-05	-0.960109
4.1	-4	-4.73023	4.84131e-05	-0.954165
4.1	-3.8	-4.5125	4.63949e-05	-0.949319
4.1	-3.6	-4.28941	5.41822e-05	-0.943064
4.1	-3.4	-4.06437	6.15116e-05	-0.936021
4.1	-3.2	-3.8404	6.72557e-05	-0.928482
4.1	-3	-3.61507	6.74957e-05	-0.920056
4.1	-2.8	-3.38571	6.48698e-05	-0.909663
4.1	-2.6	-3.14981	6.28695e-05	-0.896836
4.1	-2.4	-2.90729	7.76125e-05	-0.880691
4.1	-2.2	-2.68073	7.10066e-05	-0.866877
4.1	-2	-2.441	6.88923e-05	-0.847435
4.1	-1.8	-2.19487	7.49673e-05	-0.823195
4.1	-1.6	-1.95286	6.57685e-05	-0.796193
4.1	-1.4	-1.69968	8.76152e-05	-0.75963
4.1	-1.2	-1.44928	7.42697e-05	-0.716504
4.1	-1	-1.20276	7.02615e-05	-0.663659
4.1	-0.8	-0.941395	6.50503e-05	-0.584918
4.1	-0.6	-0.698169	6.31213e-05	-0.486963
4.1	-0.4	-0.482409	3.17387e-05	-0.35356
4.1	-0.2	-0.32905	1.98652e-05	-0.194917
4.1	2.16493e-15	-0.270833	9.14725e-06	0.0071792
4.1	0.2	-0.327687	1.87818e-05	0.19119
4.1	0.4	-0.486945	3.58973e-05	0.359186
4.1	0.6	-0.703904	5.30821e-05	0.490176
4.1	0.8	-0.943512	6.66929e-05	0.587053
4.1	1	-1.19267	6.38721e-05	0.658528
4.1	1.2	-1.44537	6.98533e-05	0.715025
4.1	1.4	-1.69817	6.75147e-05	0.759322
4.1	1.6	-1.94912	8.64785e-05	0.794532
4.1	1.8	-2.2061	6.44685e-05	0.826577
4.1	2	-2.43356	6.80445e-05	0.845205
4.1	2.2	-2.68183	6.96574e-05	0.867238
4.1	2.4	-2.91455	6.30316e-05	0.882576
4.1	2.6	-3.15831	6.22986e-05	0.898816
4.1	2.8	-3.38294	7.51607e-05	0.909048
4.1	3	-3.61423	6.81282e-05	0.919805
4.1	3.2	-3.83671	4.43853e-05	0.927747
4.1	3.4	-4.06531	5.07408e-05	0.936193
4.1	3.6	-4.28995	5.64813e-05	0.943276
4.1	3.8	-4.51099	5.5199e-05	0.949075
4.1	4	-4.73089	5.09357e-05	0.954297
4.1	4.2	-4.95375	4.84e-05	0.959623
4.1	4.4	-5.16782	4.05666e-05	0.963174
4.1	4.6	-5.38363	3.94088e-05	0.966797
4.1	4.8	-5.59994	4.34068e-05	0.97026
4.2	-5	-5.78732	0.000357161	-0.969261
4.2	-4.8	-5.5795	4.60967e-05	-0.967183
4.2	-4.6	-5.36564	4.34104e-05	-0.964024
4.2	-4.4	-5.14659	5.16297e-05	-0.95981
4.2	-4.2	-4.92222	4.82654e-05	-0.954356
4.2	-4	-4.70287	5.26778e-05	-0.949458
4.2	-3.8	-4.48346	5.14061e-05	-0.944143
4.2	-3.6	-4.25843	5.65705e-05	-0.93733
4.2	-3.4	-4.03526	5.96767e-05	-0.930369
4.2	-3.2	-3.80255	5.50734e-05	-0.92075
4.2	-3	-3.57395	7.3682e-05	-0.911114
4.2	-2.8	-3.34378	6.50743e-05	-0.900223
4.2	-2.6	-3.11324	6.13579e-05	-0.888087
4.2	-2.4	-2.87659	7.51891e-05	-0.873038
4.2	-2.2	-2.6396	6.38566e-05	-0.855752
4.2	-2	-2.39325	9.31552e-05	-0.833576
4.2	-1.8	-2.16128	8.91266e-05	-0.812645
4.2	-1.6	-1.89962	7.06116e-05	-0.777996
4.2	-1.4	-1.65777	9.56182e-05	-0.743357
4.2	-1.2	-1.40587	6.3849e-05	-0.698182
4.2	-1	-1.14468	7.51324e-05	-0.635136
4.2	-0.8	-0.896475	6.82219e-05	-0.558949
4.2	-0.6	-0.658402	6.18363e-05	-0.458407
4.2	-0.4	-0.454176	3.22796e-05	-0.329216
4.2	-0.2	-0.318975	1.57095e-05	-0.18236
4.2	2.16493e-15	-0.262885	1.00105e-05	-0.00399756
4.2	0.2	-0.314119	2.10718e-05	0.174908
4.2	0.4	-0.458977	4.02076e-05	0.332569
4.2	0.6	-0.664941	5.43464e-05	0.462419
4.2	0.8	-0.891722	5.45119e-05	0.556119
4.2	1	-1.14551	7.3127e-05	0.635426
4.2	1.2	-1.40026	7.87625e-05	0.695549
4.2	1.4	-1.65275	6.97958e-05	0.741813
4.2	1.6	-1.90328	7.21891e-05	0.778946
4.2	1.8	-2.14566	8.36076e-05	0.807482
4.2	2	-2.39228	9.36184e-05	0.833293
4.2	2.2	-2.62881	7.76246e-05	0.852817
4.2	2.4	-2.87387	6.52996e-05	0.872239
4.2	2.6	-3.10904	6.12016e-05	0.887
4.2	2.8	-3.34623	6.42023e-05	0.900833
4.2	3	-3.57323	5.84411e-05	0.911015
4.2	3.2	-3.80492	6.00717e-05	0.921222
4.2	3.4	-4.03286	6.38802e-05	0.929872
4.2	3.6	-4.2612	5.27987e-05	0.937851
4.2	3.8	-4.48291	5.91176e-05	0.944039
4.2	4	-4.70436	4.7098e-05	0.949728
4.2	4.2	-4.92564	4.85022e-05	0.954944
4.2	4.4	-5.14285	4.84355e-05	0.959178
4.2	4.6	-5.35939	5.69941e-05	0.963068
4.2	4.8	-5.57985	4.5454e-05	0.967225
4.3	-5	-5.77106	0.000321954	-0.966907
4.3	-4.8	-5.5569	4.76418e-05	-0.963807
4.3	-4.6	-5.33504	5.31646e-05	-0.959255
4.3	-4.4	-5.1158	4.5882e-05	-0.954822
4.3	-4.2	-4.89979	4.81734e-05	-0.950642
4.3	-4	-4.67546	5.38969e-05	-0.944722
4.3	-3.8	-4.45493	6.47151e-05	-0.939
4.3	-3.6	-4.23445	6.02507e-05	-0.93283
4.3	-3.4	-4.00017	6.41498e-05	-0.923474
4.3	-3.2	-3.76762	4.97802e-05	-0.913625
4.3	-3	-3.54078	5.7339e-05	-0.904014
4.3	-2.8	-3.31565	5.25844e-05	-0.893899
4.3	-2.6	-3.07225	8.35682e-05	-0.878173
4.3	-2.4	-2.83516	7.8488e-05	-0.862339
4.3	-2.2	-2.59711	8.18768e-05	-0.844227
4.3	-2	-2.35406	6.51723e-05	-0.822146
4.3	-1.8	-2.10983	8.7727e-05	-0.796185
4.3	-1.6	-1.85741	6.64229e-05	-0.7629
4.3	-1.4	-1.60768	6.96467e-05	-0.724485
4.3	-1.2	-1.35563	6.94063e-05	-0.676049
4.3	-1	-1.10229	7.69991e-05	-0.613524
4.3	-0.8	-0.857715	6.74348e-05	-0.536638
4.3	-0.6	-0.635636	3.48483e-05	-0.441005
4.3	-0.4	-0.438216	2.80649e-05	-0.315897
4.3	-0.2	-0.309715	1.73456e-05	-0.17363
4.3	2.16493e-15	-0.254613	7.73182e-06	-0.00616846
4.3	0.2	-0.307484	1.33688e-05	0.174093
4.3	0.4	-0.434686	2.97733e-05	0.309643
4.3	0.6	-0.634213	4.97746e-05	0.439073
4.3	0.8	-0.862057	5.58017e-05	0.539375
4.3	1	-1.11327	6.79186e-05	0.619737
4.3	1.2	-1.35446	7.86646e-05	0.67549
4.3	1.4	-1.61108	9.65631e-05	0.725769
4.3	1.6	-1.8661	7.61954e-05	0.766362
4.3	1.8	-2.10046	7.62044e-05	0.793264
4.3	2	-2.34415	7.87221e-05	0.819254
4.3	2.2	-2.58953	7.43074e-05	0.842178
4.3	2.4	-2.8368	8.84036e-05	0.86278
4.3	2.6	-3.07139	7.07914e-05	0.878081
4.3	2.8	-3.30567	7.35425e-05	0.891598
4.3	3	-3.54377	5.86331e-05	0.904645
4.3	3.2	-3.76858	6.49396e-05	0.91383
4.3	3.4	-4.00013	5.96357e-05	0.923437
4.3	3.6	-4.22976	5.25903e-05	0.932008
4.3	3.8	-4.45109	5.9844e-05	0.938304
4.3	4	-4.6741	6.65008e-05	0.944478
4.3	4.2	-4.89938	5.17131e-05	0.950574
4.3	4.4	-5.12	5.11582e-05	0.955494
4.3	4.6	-5.33971	4.7837e-05	0.959971
4.3	4.8	-5.55273	4.13848e-05	0.963144
4.4	-5	-5.73997	0.000358347	-0.96235
4.4	-4.8	-5.53228	4.13411e-05	-0.960078
4.4	-4.6	-5.31677	4.23848e-05	-0.956415
4.4	-4.4	-5.085	5.35766e-05	-0.949859
4.4	-4.2	-4.87475	4.69928e-05	-0.946491
4.4	-4	-4.64333	4.60206e-05	-0.939156
4.4	-3.8	-4.41962	5.63713e-05	-0.93266
4.4	-3.6	-4.19495	6.24809e-05	-0.925376
4.4	-3.4	-3.96206	6.21791e-05	-0.916052
4.4	-3.2	-3.73534	5.53535e-05	-0.907025
4.4	-3	-3.49873	6.33824e-05	-0.89493
4.4	-2.8	-3.26877	6.10112e-05	-0.883201
4.4	-2.6	-3.03354	6.77234e-05	-0.868872
4.4	-2.4	-2.79217	7.5234e-05	-0.851417
4.4	-2.2	-2.54717	7.7727e-05	-0.830714
4.4	-2	-2.30928	7.97421e-05	-0.808972
4.4	-1.8	-2.06382	7.32572e-05	-0.781546
4.4	-1.6	-1.81394	8.18972e-05	-0.748039
4.4	-1.4	-1.56454	6.86486e-05	-0.707843
4.4	-1.2	-1.30743	7.92209e-05	-0.655574
4.4	-1	-1.06022	7.14053e-05	-0.592052
4.4	-0.8	-0.827657	5.8995e-05	-0.517866
4.4	-0.6	-0.611031	4.2581e-05	-0.423938
4.4	-0.4	-0.42421	3.41532e-05	-0.303708
4.4	-0.2	-0.293393	1.42358e-05	-0.154873
4.4	2.16493e-15	-0.248602	8.70144e-06	0.00654004
4.4	0.2	-0.296791	1.50161e-05	0.162913
4.4	0.4	-0.422871	2.50944e-05	0.302445
4.4	0.6	-0.607127	3.38467e-05	0.420804
4.4	0.8	-0.828201	6.34431e-05	0.518111
4.4	1	-1.06133	5.53653e-05	0.59308
4.4	1.2	-1.3035	6.83809e-05	0.653402
4.4	1.4	-1.5602	9.10603e-05	0.706229
4.4	1.6	-1.81141	6.93374e-05	0.747025
4.4	1.8	-2.05987	8.26677e-05	0.780107
4.4	2	-2.30215	7.27009e-05	0.806773
4.4	2.2	-2.54928	7.39708e-05	0.831088
4.4	2.4	-2.79424	8.28903e-05	0.851866
4.4	2.6	-3.0276	7.08208e-05	0.867434
4.4	2.8	-3.27101	7.36489e-05	0.883613
4.4	3	-3.50199	8.21454e-05	0.89567
4.4	3.2	-3.73355	5.6569e-05	0.90654
4.4	3.4	-3.96729	6.60804e-05	0.917003
4.4	3.6	-4.19062	6.45658e-05	0.924622
4.4	3.8	-4.41763	5.81715e-05	0.932258
4.4	4	-4.63905	6.00387e-05	0.93842
4.4	4.2	-4.86869	5.63357e-05	0.945439
4.4	4.4	-5.092	5.30312e-05	0.951014
4.4	4.6	-5.30952	5.82377e-05	0.955278
4.4	4.8	-5.53108	5.35293e-05	0.959891
4.5	-5	-5.71657	0.000304171	-0.958937
4.5	-4.8	-5.50595	4.54427e-05	-0.956086
4.5	-4.6	-5.2813	4.81364e-05	-0.95085
4.5	-4.4	-5.05813	5.25599e-05	-0.945535
4.5	-4.2	-4.83631	5.47194e-05	-0.940042
4.5	-4	-4.60897	5.85099e-05	-0.933156
4.5	-3.8	-4.38083	7.54756e-05	-0.925603
4.5	-3.6	-4.16481	5.91319e-05	-0.919747
4.5	-3.4	-3.92962	8.04871e-05	-0.909585
4.5	-3.2	-3.6991	6.17054e-05	-0.899461
4.5	-3	-3.46425	7.56987e-05	-0.887466
4.5	-2.8	-3.232	7.41758e-05	-0.87477
4.5	-2.6	-2.9876	7.49236e-05	-0.857811
4.5	-2.4	-2.75072	9.6562e-05	-0.84073
4.5	-2.2	-2.50849	6.36735e-05	-0.819891
4.5	-2	-2.27193	7.08257e-05	-0.797964
4.5	-1.8	-2.01762	7.05814e-05	-0.766633
4.5	-1.6	-1.76442	7.64387e-05	-0.730437
4.5	-1.4	-1.50395	8.04391e-05	-0.683536
4.5	-1.2	-1.27065	7.64643e-05	-0.63863
4.5	-1	-1.03304	6.79523e-05	-0.578937
4.5	-0.8	-0.790983	5.30758e-05	-0.496109
4.5	-0.6	-0.585385	3.19172e-05	-0.406651
4.5	-0.4	-0.402274	3.06719e-05	-0.282068
4.5	-0.2	-0.282313	1.39425e-05	-0.142783
4.5	2.16493e-15	-0.241799	7.63706e-06	0.00435693
4.5	0.2	-0.286715	1.19598e-05	0.153249
4.5	0.4	-0.40341	3.09266e-05	0.282943
4.5	0.6	-0.578671	4.23071e-05	0.398951
4.5	0.8	-0.794835	4.55913e-05	0.498496
4.5	1	-1.01124	6.56374e-05	0.567058
4.5	1.2	-1.27341	7.14163e-05	0.639506
4.5	1.4	-1.5184	7.57353e-05	0.689595
4.5	1.6	-1.76999	7.86534e-05	0.732422
4.5	1.8	-2.01475	9.22559e-05	0.765792
4.5	2	-2.26111	8.18669e-05	0.794832
4.5	2.2	-2.50103	7.43728e-05	0.817819
4.5	2.4	-2.74742	7.20698e-05	0.839729
4.5	2.6	-2.9877	8.46379e-05	0.857682
4.5	2.8	-3.23538	6.71966e-05	0.875617
4.5	3	-3.4596	7.80873e-05	0.886381
4.5	3.2	-3.69867	7.01339e-05	0.899476
4.5	3.4	-3.92806	6.34676e-05	0.909268
4.5	3.6	-4.15623	6.35945e-05	0.918103
4.5	3.8	-4.38902	5.81271e-05	0.927142
4.5	4	-4.61934	5.81885e-05	0.934972
4.5	4.2	-4.83899	6.09738e-05	0.940495
4.5	4.4	-5.06059	5.92823e-05	0.945938
4.5	4.6	-5.28576	6.4169e-05	0.951581
4.5	4.8	-5.50441	5.77993e-05	0.955864
4.6	-5	-5.68747	0.000259855	-0.954678
4.6	-4.8	-5.47933	5.86604e-05	-0.952074
4.6	-4.6	-5.25402	6.032e-05	-0.946583
4.6	-4.4	-5.02571	5.29416e-05	-0.940303
4.6	-4.2	-4.80677	5.52912e-05	-0.935124
4.6	-4	-4.57866	5.28215e-05	-0.927903
4.6	-3.8	-4.3543	5.95366e-05	-0.920801
4.6	-3.6	-4.12137	6.09685e-05	-0.911512
4.6	-3.4	-3.89376	6.31906e-05	-0.902428
4.6	-3.2	-3.65717	6.3908e-05	-0.890787
4.6	-3	-3.42553	7.87587e-05	-0.879014
4.6	-2.8	-3.19821	7.59635e-05	-0.867042
4.6	-2.6	-2.95104	7.55469e-05	-0.848788
4.6	-2.4	-2.70289	7.59247e-05	-0.828225
4.6	-2.2	-2.46966	7.99414e-05	-0.809144
4.6	-2	-2.21676	7.0676e-05	-0.781492
4.6	-1.8	-1.96893	8.30919e-05	-0.7508
4.6	-1.6	-1.71799	7.01546e-05	-0.713727
4.6	-1.4	-1.47713	7.07629e-05	-0.673395
4.6	-1.2	-1.22701	5.17688e-05	-0.619352
4.6	-1	-0.983535	6.0945e-05	-0.553417
4.6	-0.8	-0.764433	4.13994e-05	-0.480785
4.6	-0.6	-0.558343	3.95454e-05	-0.385455
4.6	-0.4	-0.384852	2.27165e-05	-0.268186
4.6	-0.2	-0.275343	1.10979e-05	-0.139927
4.6	2.16493e-15	-0.235804	7.0296e-06	0.00237988
4.6	0.2	-0.273027	1.18242e-05	0.133616
4.6	0.4	-0.387137	2.39946e-05	0.270292
4.6	0.6	-0.556624	3.93899e-05	0.383906
4.6	0.8	-0.754062	5.49853e-05	0.473992
4.6	1	-0.984748	5.49112e-05	0.553559
4.6	1.2	-1.23049	6.0362e-05	0.620439
4.6	1.4	-1.4756	7.68256e-05	0.672897
4.6	1.6	-1.72209	7.68961e-05	0.715384
4.6	1.8	-1.97101	7.8367e-05	0.751579
4.6	2	-2.21194	7.42645e-05	0.779734
4.6	2.2	-2.46105	8.17926e-05	0.806715
4.6	2.4	-2.70316	7.76629e-05	0.828256
4.6	2.6	-2.95176	7.97132e-05	0.84916
4.6	2.8	-3.18645	6.75016e-05	0.864261
4.6	3	-3.41834	7.78015e-05	0.877447
4.6	3.2	-3.66977	7.0583e-05	0.893376
4.6	3.4	-3.89696	6.91802e-05	0.903223
4.6	3.6	-4.13013	6.25897e-05	0.913233
4.6	3.8	-4.35273	6.69645e-05	0.92048
4.6	4	-4.5813	5.42961e-05	0.928324
4.6	4.2	-4.80565	6.04209e-05	0.93492
4.6	4.4	-5.03117	6.02874e-05	0.941174
4.6	4.6	-5.25649	5.85211e-05	0.947004
4.6	4.8	-5.47467	4.65518e-05	0.951403
4.7	-5	-5.66281	0.000277405	-0.951049
4.7	-4.8	-5.44843	5.54936e-05	-0.947412
4.7	-4.6	-5.2234	4.82303e-05	-0.941826
4.7	-4.4	-5.00527	5.30789e-05	-0.936975
4.7	-4.2	-4.77674	6.2301e-05	-0.930039
4.7	-4	-4.54382	6.3894e-05	-0.921819
4.7	-3.8	-4.32064	6.80116e-05	-0.914715
4.7	-3.6	-4.07744	6.26614e-05	-0.903215
4.7	-3.4	-3.84982	6.46886e-05	-0.893757
4.7	-3.2	-3.62948	6.79122e-05	-0.885083
4.7	-3	-3.38415	7.46648e-05	-0.869953
4.7	-2.8	-3.13854	7.52224e-05	-0.853221
4.7	-2.6	-2.90497	7.88529e-05	-0.83767
4.7	-2.4	-2.65925	7.18055e-05	-0.816802
4.7	-2.2	-2.41795	8.08785e-05	-0.794781
4.7	-2	-2.16779	6.99681e-05	-0.766644
4.7	-1.8	-1.9264	8.84144e-05	-0.736774
4.7	-1.6	-1.67908	8.05072e-05	-0.700087
4.7	-1.4	-1.42442	7.65782e-05	-0.652218
4.7	-1.2	-1.17649	7.46897e-05	-0.595815
4.7	-1	-0.946645	6.54793e-05	-0.534029
4.7	-0.8	-0.728226	5.37335e-05	-0.458008
4.7	-0.6	-0.524809	3.05312e-05	-0.360188
4.7	-0.4	-0.375133	2.00561e-05	-0.261074
4.7	-0.2	-0.265586	1.03252e-05	-0.130895
4.7	2.16493e-15	-0.230358	6.48308e-06	-0.0015127
4.7	0.2	-0.265452	8.06202e-06	0.130342
4.7	0.4	-0.372989	2.33909e-05	0.255487
4.7	0.6	-0.529238	3.10308e-05	0.362113
4.7	0.8	-0.731064	5.38342e-05	0.458874
4.7	1	-0.949967	6.25349e-05	0.536354
4.7	1.2	-1.17748	7.93141e-05	0.596399
4.7	1.4	-1.43245	6.06636e-05	0.655585
4.7	1.6	-1.68155	8.75865e-05	0.700841
4.7	1.8	-1.91133	6.45484e-05	0.731618
4.7	2	-2.1772	7.17633e-05	0.769739
4.7	2.2	-2.41983	7.65999e-05	0.795288
4.7	2.4	-2.65917	8.9293e-05	0.816971
4.7	2.6	-2.90345	8.59239e-05	0.837122
4.7	2.8	-3.1486	7.37907e-05	0.855478
4.7	3	-3.39079	7.40744e-05	0.871515
4.7	3.2	-3.62545	9.43665e-05	0.884194
4.7	3.4	-3.85771	6.57128e-05	0.895315
4.7	3.6	-4.08506	7.59321e-05	0.904652
4.7	3.8	-4.31938	6.31963e-05	0.914484
4.7	4	-4.54409	7.71412e-05	0.921868
4.7	4.2	-4.77663	6.02822e-05	0.930019
4.7	4.4	-5.00251	6.91822e-05	0.9365
4.7	4.6	-5.2241	4.91947e-05	0.941958
4.7	4.8	-5.44877	5.74008e-05	0.947457
4.8	-5	-5.63797	0.00026529	-0.947404
4.8	-4.8	-5.42256	5.523e-05	-0.943501
4.8	-4.6	-5.19525	5.52306e-05	-0.937412
4.8	-4.4	-4.9678	5.78754e-05	-0.930901
4.8	-4.2	-4.74769	7.62474e-05	-0.925128
4.8	-4	-4.51062	7.07482e-05	-0.915987
4.8	-3.8	-4.28542	5.82645e-05	-0.908231
4.8	-3.6	-4.04461	7.00411e-05	-0.896956
4.8	-3.4	-3.81536	6.25009e-05	-0.886839
4.8	-3.2	-3.5825	6.82747e-05	-0.875303
4.8	-3	-3.33475	8.29048e-05	-0.859021
4.8	-2.8	-3.09796	8.93905e-05	-0.843868
4.8	-2.6	-2.85781	7.56903e-05	-0.826042
4.8	-2.4	-2.62064	7.92575e-05	-0.806806
4.8	-2.2	-2.375	8.31658e-05	-0.782787
4.8	-2	-2.13411	7.92038e-05	-0.756235
4.8	-1.8	-1.88184	8.69773e-05	-0.722552
4.8	-1.6	-1.63399	7.2967e-05	-0.683534
4.8	-1.4	-1.39084	6.30189e-05	-0.638693
4.8	-1.2	-1.1467	6.41511e-05	-0.582917
4.8	-1	-0.911044	5.26461e-05	-0.515614
4.8	-0.8	-0.698954	3.6939e-05	-0.439177
4.8	-0.6	-0.510651	2.55689e-05	-0.348975
4.8	-0.4	-0.356545	2.43495e-05	-0.240094
4.8	-0.2	-0.256617	1.05761e-05	-0.118301
4.8	2.16493e-15	-0.22598	6.61567e-06	-0.00752051
4.8	0.2	-0.257338	1.00026e-05	0.122396
4.8	0.4	-0.354716	2.27129e-05	0.237218
4.8	0.6	-0.507845	2.78149e-05	0.347957
4.8	0.8	-0.702751	4.39821e-05	0.442259
4.8	1	-0.922758	5.13553e-05	0.521411
4.8	1.2	-1.14495	7.85657e-05	0.581883
4.8	1.4	-1.38628	7.3336e-05	0.637087
4.8	1.6	-1.63205	6.08103e-05	0.682874
4.8	1.8	-1.87878	7.06528e-05	0.721109
4.8	2	-2.12656	8.07523e-05	0.754178
4.8	2.2	-2.36922	7.78053e-05	0.780829
4.8	2.4	-2.61053	7.29211e-05	0.803966
4.8	2.6	-2.85905	8.65562e-05	0.826389
4.8	2.8	-3.09704	7.18741e-05	0.843613
4.8	3	-3.34102	8.04374e-05	0.860603
4.8	3.2	-3.58149	7.23561e-05	0.87505
4.8	3.4	-3.82064	7.77505e-05	0.887951
4.8	3.6	-4.04854	6.60691e-05	0.897671
4.8	3.8	-4.28051	6.73382e-05	0.90733
4.8	4	-4.51484	6.5115e-05	0.916736
4.8	4.2	-4.74559	6.44109e-05	0.924786
4.8	4.4	-4.96074	6.19043e-05	0.929717
4.8	4.6	-5.19502	5.57795e-05	0.937388
4.8	4.8	-5.42434	5.74872e-05	0.943726
4.9	-5	-5.6071	0.000262925	-0.942836
4.9	-4.8	-5.39157	5.46228e-05	-0.938777
4.9	-4.6	-5.15694	5.55081e-05	-0.931403
4.9	-4.4	-4.93605	5.69338e-05	-0.92574
4.9	-4.2	-4.70639	7.9358e-05	-0.918196
4.9	-4	-4.46911	8.46289e-05	-0.908724
4.9	-3.8	-4.2407	7.53269e-05	-0.900048
4.9	-3.6	-4.01572	6.99936e-05	-0.891351
4.9	-3.4	-3.78194	7.05774e-05	-0.880328
4.9	-3.2	-3.54452	8.44987e-05	-0.867182
4.9	-3	-3.29309	7.66935e-05	-0.849866
4.9	-2.8	-3.06489	7.98349e-05	-0.83618
4.9	-2.6	-2.82205	9.03794e-05	-0.817098
4.9	-2.4	-2.57152	9.57283e-05	-0.793696
4.9	-2.2	-2.3358	8.54717e-05	-0.771477
4.9	-2	-2.08226	8.02077e-05	-0.740605
4.9	-1.8	-1.8446	7.1515e-05	-0.7097
4.9	-1.6	-1.59483	6.78393e-05	-0.669021
4.9	-1.4	-1.34463	5.63957e-05	-0.619753
4.9	-1.2	-1.11102	5.67031e-05	-0.566351
4.9	-1	-0.882696	5.97649e-05	-0.500357
4.9	-0.8	-0.677996	3.62922e-05	-0.426483
4.9	-0.6	-0.497058	3.30032e-05	-0.340095
4.9	-0.4	-0.350882	1.63301e-05	-0.241733
4.9	-0.2	-0.252329	9.52892e-06	-0.122848
4.9	2.16493e-15	-0.218764	5.29513e-06	0.00278271
4.9	0.2	-0.250676	1.14366e-05	0.116983
4.9	0.4	-0.34264	2.09405e-05	0.226821
4.9	0.6	-0.489904	2.86954e-05	0.333641
4.9	0.8	-0.674691	5.49763e-05	0.425151
4.9	1	-0.880299	6.87354e-05	0.49877
4.9	1.2	-1.10555	7.16983e-05	0.563919
4.9	1.4	-1.34822	6.93511e-05	0.621362
4.9	1.6	-1.59236	6.21902e-05	0.668158
4.9	1.8	-1.84012	7.79587e-05	0.70829
4.9	2	-2.08491	6.60903e-05	0.741533
4.9	2.2	-2.32352	7.63953e-05	0.767968
4.9	2.4	-2.57211	6.89084e-05	0.793846
4.9	2.6	-2.81454	7.54818e-05	0.815251
4.9	2.8	-3.05672	8.45436e-05	0.834271
4.9	3	-3.29856	7.22249e-05	0.851048
4.9	3.2	-3.53805	7.48902e-05	0.865933
4.9	3.4	-3.78227	7.4377e-05	0.880353
4.9	3.6	-4.00892	7.29132e-05	0.890113
4.9	3.8	-4.24561	7.01613e-05	0.901005
4.9	4	-4.47499	6.21934e-05	0.909684
4.9	4.2	-4.70149	7.79152e-05	0.91734
4.9	4.4	-4.93376	5.88433e-05	0.925335
4.9	4.6	-5.15474	6.16234e-05	0.931023
4.9	4.8	-5.38772	6.536e-05	0.9382
5	-5	-5.57544	0.000276801	-0.938181
5	-4.8	-5.35163	6.04264e-05	-0.932675
5	-4.6	-5.12566	6.8647e-05	-0.926481
5	-4.4	-4.90008	6.98526e-05	-0.919879
5	-4.2	-4.67402	5.96207e-05	-0.91267
5	-4	-4.44615	7.73055e-05	-0.904637
5	-3.8	-4.20795	7.36979e-05	-0.894098
5	-3.6	-3.97274	6.58153e-05	-0.883101
5	-3.4	-3.73597	7.2084e-05	-0.871056
5	-3.2	-3.49743	7.69265e-05	-0.857377
5	-3	-3.26326	7.97892e-05	-0.843274
5	-2.8	-3.01059	6.9255e-05	-0.823325
5	-2.6	-2.77168	6.88198e-05	-0.804523
5	-2.4	-2.52322	8.58217e-05	-0.781052
5	-2.2	-2.28418	7.58549e-05	-0.756991
5	-2	-2.03834	8.4815e-05	-0.727309
5	-1.8	-1.79097	6.66682e-05	-0.691936
5	-1.6	-1.54863	5.86468e-05	-0.652177
5	-1.4	-1.30335	5.80888e-05	-0.602744
5	-1.2	-1.0756	5.6727e-05	-0.549566
5	-1	-0.850866	5.54477e-05	-0.483759
5	-0.8	-0.647601	3.22488e-05	-0.407078
5	-0.6	-0.477284	2.87003e-05	-0.32565
5	-0.4	-0.337158	1.30084e-05	-0.224549
5	-0.2	-0.244799	8.05083e-06	-0.111315
5	2.16493e-15	-0.216229	6.03189e-06	0.00471094
5	0.2	-0.242365	9.01318e-06	0.10998
5	0.4	-0.330399	1.5857e-05	0.217581
5	0.6	-0.467106	2.88276e-05	0.315381
5	0.8	-0.648485	4.41271e-05	0.40834
5	1	-0.84864	6.23512e-05	0.482557
5	1.2	-1.0699	8.55478e-05	0.546557
5	1.4	-1.31067	6.4041e-05	0.605795
5	1.6	-1.55278	6.61721e-05	0.653645
5	1.8	-1.78886	6.74382e-05	0.691031
5	2	-2.03341	6.71181e-05	0.725614
5	2.2	-2.27289	8.23556e-05	0.753434
5	2.4	-2.52982	7.46727e-05	0.782747
5	2.6	-2.77428	7.38394e-05	0.80522
5	2.8	-3.01899	9.70098e-05	0.825264
5	3	-3.25786	6.85612e-05	0.842118
5	3.2	-3.49433	7.89138e-05	0.856696
5	3.4	-3.73787	6.7585e-05	0.871349
5	3.6	-3.96428	8.05679e-05	0.881506
5	3.8	-4.20982	7.3914e-05	0.894422
5	4	-4.4332	7.14653e-05	0.902364
5	4.2	-4.66803	7.11883e-05	0.911632
5	4.4	-4.89311	6.40551e-05	0.918673
5	4.6	-5.13202	5.82721e-05	0.927469
5	4.8	-5.35438	6.60213e-05	0.933172
