size	128
T	2.5
J	1
H	0
x	y
0	2
0	6
0	10
0	11
0	16
0	17
0	19
0	22
0	23
0	24
0	25
0	26
0	27
0	28
0	29
0	33
0	34
0	36
0	37
0	46
0	47
0	48
0	49
0	50
0	51
0	52
0	56
0	63
0	65
0	66
0	67
0	68
0	69
0	70
0	71
0	72
0	73
0	74
0	77
0	78
0	82
0	83
0	84
0	85
0	86
0	87
0	88
0	89
0	90
0	91
0	92
0	93
0	94
0	95
0	96
0	97
0	98
0	101
0	102
0	108
0	109
0	110
0	111
0	112
0	113
0	114
0	115
0	117
0	118
0	119
1	0
1	1
1	2
1	10
1	11
1	17
1	18
1	21
1	22
1	23
1	25
1	26
1	27
1	33
1	34
1	36
1	37
1	48
1	49
1	50
1	51
1	56
1	60
1	61
1	63
1	65
1	66
1	67
1	68
1	69
1	70
1	71
1	72
1	73
1	74
1	77
1	78
1	79
1	84
1	85
1	86
1	87
1	88
1	89
1	90
1	91
1	92
1	93
1	94
1	95
1	96
1	97
1	98
1	99
1	102
1	103
1	108
1	109
1	110
1	111
1	112
1	113
1	114
1	118
1	123
1	127
2	0
2	1
2	2
2	10
2	11
2	17
2	18
2	19
2	20
2	21
2	22
2	23
2	24
2	25
2	26
2	27
2	28
2	34
2	35
2	36
2	55
2	56
2	60
2	61
2	63
2	65
2	66
2	67
2	68
2	69
2	70
2	71
2	72
2	73
2	74
2	75
2	76
2	77
2	78
2	79
2	81
2	84
2	90
2	91
2	92
2	93
2	94
2	95
2	96
2	97
2	98
2	99
2	100
2	102
2	103
2	104
2	105
2	109
2	110
2	111
2	112
2	113
2	114
2	115
2	116
2	117
2	118
2	123
2	126
2	127
3	1
3	2
3	6
3	19
3	20
3	21
3	22
3	23
3	24
3	25
3	26
3	27
3	34
3	35
3	36
3	38
3	39
3	56
3	57
3	58
3	59
3	66
3	67
3	68
3	69
3	70
3	71
3	72
3	73
3	74
3	75
3	76
3	77
3	78
3	79
3	91
3	92
3	93
3	94
3	95
3	96
3	97
3	98
3	99
3	100
3	103
3	104
3	105
3	109
3	110
3	111
3	112
3	114
3	115
3	116
3	117
3	118
3	119
3	122
3	123
4	0
4	1
4	2
4	19
4	20
4	21
4	22
4	23
4	24
4	25
4	26
4	27
4	38
4	39
4	40
4	57
4	64
4	65
4	66
4	67
4	68
4	69
4	70
4	71
4	72
4	76
4	77
4	78
4	90
4	94
4	95
4	96
4	97
4	98
4	99
4	100
4	103
4	104
4	105
4	110
4	111
4	112
4	113
4	114
4	115
4	116
4	117
4	118
4	119
4	120
4	123
4	127
5	0
5	1
5	2
5	3
5	13
5	14
5	20
5	21
5	22
5	24
5	25
5	33
5	39
5	40
5	43
5	54
5	55
5	61
5	62
5	64
5	65
5	66
5	67
5	68
5	69
5	70
5	71
5	75
5	76
5	77
5	78
5	90
5	95
5	96
5	97
5	98
5	99
5	100
5	101
5	102
5	105
5	113
5	114
5	115
5	116
5	117
5	120
5	127
6	0
6	1
6	2
6	3
6	4
6	5
6	6
6	11
6	13
6	14
6	15
6	20
6	21
6	23
6	27
6	43
6	54
6	58
6	62
6	63
6	64
6	65
6	66
6	70
6	71
6	72
6	73
6	74
6	75
6	76
6	90
6	92
6	95
6	96
6	97
6	98
6	99
6	100
6	101
6	102
6	113
6	114
6	115
6	116
6	117
6	118
6	119
6	120
6	121
6	122
6	124
6	125
6	126
6	127
7	0
7	1
7	2
7	3
7	4
7	5
7	6
7	7
7	10
7	11
7	15
7	19
7	20
7	21
7	42
7	43
7	44
7	45
7	46
7	54
7	56
7	57
7	58
7	63
7	64
7	65
7	66
7	67
7	68
7	72
7	73
7	74
7	75
7	76
7	77
7	78
7	82
7	83
7	87
7	88
7	89
7	90
7	91
7	95
7	96
7	97
7	98
7	99
7	100
7	101
7	102
7	103
7	114
7	115
7	116
7	117
7	118
7	119
7	120
7	121
7	122
7	123
7	126
7	127
8	0
8	1
8	2
8	3
8	4
8	5
8	6
8	12
8	15
8	16
8	17
8	18
8	19
8	20
8	21
8	28
8	38
8	45
8	46
8	47
8	48
8	49
8	50
8	54
8	56
8	57
8	58
8	61
8	62
8	63
8	64
8	65
8	66
8	67
8	72
8	73
8	74
8	75
8	76
8	77
8	78
8	79
8	82
8	83
8	87
8	88
8	89
8	90
8	91
8	93
8	95
8	97
8	98
8	101
8	102
8	113
8	114
8	115
8	116
8	118
8	119
8	120
8	121
8	122
8	123
8	124
8	125
8	126
8	127
9	0
9	1
9	2
9	3
9	4
9	5
9	15
9	19
9	20
9	38
9	39
9	45
9	47
9	48
9	49
9	50
9	53
9	54
9	55
9	56
9	58
9	61
9	62
9	63
9	71
9	72
9	73
9	74
9	75
9	76
9	77
9	78
9	79
9	82
9	83
9	89
9	90
9	91
9	92
9	97
9	98
9	102
9	107
9	108
9	109
9	110
9	113
9	114
9	115
9	116
9	117
9	118
9	119
9	120
9	121
9	122
9	123
9	125
9	126
9	127
10	2
10	3
10	4
10	5
10	11
10	12
10	37
10	38
10	45
10	46
10	47
10	48
10	49
10	50
10	52
10	53
10	54
10	55
10	56
10	70
10	71
10	72
10	73
10	74
10	75
10	78
10	79
10	80
10	81
10	82
10	84
10	85
10	89
10	90
10	97
10	98
10	99
10	109
10	110
10	112
10	113
10	114
10	116
10	117
10	118
10	119
10	120
10	126
10	127
11	4
11	5
11	6
11	10
11	12
11	20
11	34
11	37
11	38
11	39
11	43
11	44
11	45
11	46
11	47
11	48
11	49
11	50
11	52
11	53
11	54
11	55
11	56
11	67
11	68
11	71
11	72
11	73
11	74
11	75
11	76
11	77
11	79
11	80
11	81
11	82
11	83
11	84
11	86
11	87
11	88
11	89
11	90
11	97
11	98
11	99
11	100
11	108
11	113
11	114
11	116
11	117
11	118
11	119
11	120
11	121
11	123
11	124
11	125
11	126
11	127
12	5
12	6
12	20
12	21
12	33
12	35
12	37
12	38
12	39
12	44
12	45
12	47
12	49
12	52
12	53
12	54
12	55
12	56
12	71
12	72
12	73
12	74
12	75
12	76
12	77
12	78
12	80
12	81
12	83
12	84
12	85
12	86
12	87
12	88
12	89
12	90
12	98
12	99
12	100
12	106
12	108
12	109
12	110
12	114
12	116
12	117
12	118
12	119
12	120
12	121
12	122
12	123
12	124
12	125
12	126
12	127
13	6
13	10
13	16
13	21
13	22
13	23
13	24
13	25
13	26
13	35
13	36
13	52
13	53
13	54
13	55
13	56
13	58
13	59
13	72
13	73
13	74
13	75
13	76
13	77
13	78
13	81
13	83
13	84
13	85
13	86
13	87
13	88
13	89
13	90
13	96
13	97
13	98
13	99
13	100
13	107
13	108
13	109
13	110
13	111
13	112
13	113
13	114
13	115
13	116
13	117
13	118
13	119
13	120
13	121
13	122
13	124
13	126
13	127
14	6
14	10
14	13
14	24
14	25
14	26
14	27
14	33
14	35
14	36
14	37
14	43
14	44
14	52
14	53
14	54
14	55
14	59
14	60
14	61
14	62
14	72
14	73
14	74
14	75
14	76
14	77
14	78
14	79
14	83
14	84
14	85
14	86
14	92
14	93
14	94
14	96
14	97
14	98
14	100
14	106
14	107
14	108
14	109
14	110
14	111
14	112
14	113
14	114
14	116
14	117
14	118
14	119
14	120
14	121
15	9
15	10
15	11
15	13
15	23
15	24
15	25
15	26
15	32
15	35
15	36
15	37
15	38
15	41
15	42
15	43
15	44
15	46
15	52
15	53
15	54
15	55
15	56
15	57
15	58
15	61
15	73
15	74
15	75
15	76
15	77
15	78
15	79
15	84
15	85
15	86
15	87
15	92
15	93
15	94
15	97
15	98
15	99
15	100
15	101
15	106
15	107
15	108
15	109
15	110
15	111
15	112
15	113
15	114
15	115
15	116
15	117
15	118
15	119
15	120
15	121
16	9
16	12
16	13
16	22
16	23
16	36
16	37
16	43
16	44
16	45
16	46
16	47
16	48
16	49
16	50
16	52
16	53
16	56
16	57
16	68
16	74
16	75
16	76
16	77
16	78
16	79
16	85
16	88
16	93
16	94
16	95
16	96
16	97
16	98
16	107
16	109
16	110
16	111
16	114
16	115
16	116
16	117
16	118
16	119
16	120
17	11
17	12
17	13
17	15
17	16
17	18
17	19
17	20
17	22
17	23
17	32
17	36
17	37
17	38
17	39
17	40
17	41
17	42
17	43
17	44
17	45
17	46
17	47
17	48
17	49
17	50
17	51
17	52
17	53
17	54
17	55
17	56
17	57
17	58
17	64
17	74
17	75
17	76
17	77
17	78
17	79
17	80
17	81
17	94
17	95
17	96
17	97
17	98
17	105
17	114
17	115
17	116
17	117
17	118
17	120
17	125
17	127
18	11
18	12
18	13
18	14
18	15
18	16
18	17
18	18
18	19
18	20
18	21
18	22
18	23
18	36
18	37
18	38
18	39
18	40
18	41
18	42
18	43
18	44
18	45
18	46
18	49
18	50
18	51
18	52
18	53
18	56
18	57
18	58
18	63
18	64
18	65
18	66
18	67
18	73
18	74
18	75
18	76
18	77
18	78
18	79
18	80
18	81
18	90
18	94
18	95
18	96
18	97
18	114
18	117
18	118
18	119
18	120
19	11
19	12
19	13
19	14
19	15
19	16
19	17
19	18
19	19
19	20
19	21
19	22
19	23
19	24
19	25
19	26
19	36
19	37
19	38
19	39
19	40
19	41
19	42
19	43
19	44
19	45
19	46
19	49
19	50
19	51
19	52
19	55
19	56
19	57
19	58
19	59
19	65
19	72
19	73
19	74
19	75
19	76
19	77
19	78
19	79
19	80
19	81
19	82
19	93
19	95
19	96
19	118
19	119
19	120
20	6
20	12
20	13
20	14
20	15
20	16
20	17
20	18
20	22
20	23
20	24
20	25
20	28
20	29
20	31
20	36
20	37
20	38
20	39
20	41
20	42
20	43
20	44
20	45
20	46
20	47
20	48
20	49
20	50
20	51
20	52
20	54
20	55
20	56
20	57
20	58
20	59
20	60
20	72
20	73
20	74
20	75
20	76
20	77
20	78
20	79
20	80
20	83
20	84
20	85
20	86
20	87
20	93
20	100
20	101
20	120
20	123
20	124
21	2
21	6
21	7
21	10
21	11
21	12
21	13
21	15
21	17
21	18
21	20
21	22
21	23
21	24
21	35
21	36
21	37
21	38
21	39
21	41
21	42
21	45
21	46
21	47
21	48
21	49
21	50
21	51
21	52
21	53
21	54
21	55
21	56
21	57
21	58
21	59
21	60
21	63
21	69
21	70
21	71
21	73
21	74
21	75
21	76
21	78
21	79
21	80
21	81
21	82
21	83
21	84
21	85
21	86
21	93
21	94
21	120
21	127
22	0
22	2
22	3
22	4
22	5
22	6
22	8
22	9
22	10
22	11
22	12
22	13
22	14
22	15
22	16
22	17
22	18
22	19
22	22
22	23
22	24
22	27
22	33
22	35
22	36
22	37
22	38
22	39
22	41
22	45
22	46
22	47
22	48
22	49
22	50
22	51
22	52
22	53
22	54
22	56
22	57
22	58
22	59
22	60
22	63
22	64
22	69
22	72
22	73
22	76
22	81
22	82
22	84
22	85
22	86
22	87
22	92
22	93
22	94
22	95
22	108
22	110
22	111
22	117
22	120
22	121
22	122
22	123
22	126
22	127
23	0
23	1
23	4
23	5
23	6
23	7
23	8
23	9
23	10
23	12
23	13
23	14
23	15
23	16
23	17
23	18
23	19
23	20
23	22
23	24
23	25
23	27
23	33
23	34
23	35
23	36
23	37
23	40
23	41
23	45
23	46
23	47
23	48
23	49
23	52
23	53
23	54
23	55
23	56
23	57
23	58
23	59
23	60
23	64
23	72
23	73
23	77
23	85
23	86
23	87
23	92
23	95
23	96
23	97
23	108
23	110
23	111
23	117
23	121
23	122
23	123
23	126
23	127
24	0
24	1
24	4
24	5
24	6
24	9
24	12
24	13
24	14
24	15
24	16
24	17
24	18
24	19
24	20
24	24
24	25
24	26
24	31
24	32
24	33
24	34
24	35
24	36
24	37
24	45
24	46
24	47
24	48
24	49
24	50
24	52
24	53
24	54
24	55
24	56
24	57
24	58
24	59
24	60
24	64
24	65
24	71
24	72
24	74
24	85
24	86
24	87
24	101
24	107
24	108
24	109
24	110
24	111
24	122
24	123
24	124
24	125
24	127
25	0
25	1
25	5
25	6
25	9
25	10
25	13
25	14
25	15
25	16
25	18
25	19
25	20
25	24
25	25
25	26
25	27
25	28
25	29
25	30
25	31
25	32
25	33
25	34
25	35
25	36
25	37
25	43
25	44
25	45
25	46
25	47
25	48
25	49
25	51
25	52
25	53
25	54
25	55
25	56
25	58
25	59
25	60
25	64
25	65
25	67
25	68
25	69
25	70
25	71
25	72
25	73
25	74
25	81
25	82
25	85
25	95
25	96
25	97
25	103
25	107
25	108
25	109
25	110
25	111
25	114
25	118
25	122
25	123
25	127
26	0
26	1
26	7
26	8
26	9
26	10
26	13
26	18
26	19
26	20
26	24
26	25
26	26
26	28
26	29
26	30
26	31
26	32
26	33
26	34
26	35
26	43
26	44
26	45
26	46
26	47
26	48
26	49
26	51
26	52
26	53
26	54
26	55
26	56
26	57
26	58
26	59
26	60
26	65
26	70
26	71
26	73
26	74
26	78
26	81
26	82
26	83
26	96
26	97
26	103
26	108
26	109
26	110
26	118
26	121
26	122
26	123
26	124
26	127
27	0
27	5
27	7
27	8
27	9
27	10
27	11
27	12
27	13
27	20
27	21
27	22
27	26
27	27
27	28
27	29
27	30
27	31
27	32
27	33
27	34
27	35
27	36
27	37
27	38
27	39
27	40
27	41
27	44
27	45
27	46
27	47
27	48
27	50
27	51
27	52
27	54
27	55
27	56
27	57
27	58
27	59
27	74
27	75
27	76
27	77
27	78
27	82
27	83
27	87
27	96
27	97
27	98
27	101
27	103
27	104
27	109
27	118
27	121
27	122
27	123
27	124
28	4
28	5
28	8
28	9
28	10
28	11
28	12
28	13
28	20
28	21
28	22
28	28
28	29
28	30
28	31
28	32
28	33
28	34
28	35
28	36
28	37
28	38
28	39
28	40
28	41
28	44
28	45
28	46
28	49
28	50
28	51
28	52
28	53
28	54
28	56
28	57
28	58
28	72
28	78
28	82
28	83
28	86
28	87
28	88
28	90
28	91
28	92
28	95
28	96
28	97
28	98
28	100
28	101
28	103
28	104
28	110
28	118
28	119
28	121
28	122
28	123
28	124
29	8
29	9
29	10
29	11
29	12
29	13
29	14
29	15
29	16
29	17
29	28
29	31
29	32
29	37
29	38
29	39
29	40
29	41
29	42
29	43
29	44
29	45
29	46
29	49
29	50
29	51
29	52
29	53
29	54
29	55
29	56
29	57
29	58
29	68
29	69
29	83
29	85
29	86
29	88
29	89
29	90
29	91
29	92
29	93
29	94
29	95
29	96
29	97
29	101
29	103
29	104
29	118
29	119
29	122
29	123
29	124
30	6
30	7
30	11
30	12
30	13
30	14
30	15
30	16
30	17
30	37
30	38
30	39
30	40
30	41
30	42
30	44
30	45
30	46
30	47
30	49
30	50
30	51
30	53
30	54
30	55
30	56
30	57
30	58
30	64
30	68
30	77
30	81
30	82
30	83
30	84
30	85
30	86
30	87
30	88
30	89
30	90
30	91
30	92
30	93
30	94
30	95
30	96
30	97
30	100
30	107
30	110
30	118
30	119
30	122
30	123
30	127
31	0
31	2
31	6
31	7
31	11
31	12
31	13
31	15
31	16
31	17
31	32
31	34
31	35
31	36
31	37
31	38
31	39
31	40
31	41
31	46
31	47
31	48
31	49
31	50
31	51
31	52
31	53
31	54
31	55
31	56
31	57
31	58
31	62
31	63
31	76
31	77
31	81
31	82
31	83
31	84
31	85
31	86
31	87
31	88
31	89
31	90
31	91
31	95
31	96
31	97
31	98
31	119
31	120
31	121
31	122
31	123
31	124
31	125
31	126
31	127
32	0
32	2
32	3
32	4
32	11
32	12
32	13
32	14
32	15
32	32
32	33
32	34
32	35
32	36
32	38
32	40
32	41
32	42
32	45
32	46
32	49
32	50
32	51
32	52
32	53
32	54
32	55
32	56
32	57
32	67
32	68
32	70
32	75
32	76
32	77
32	82
32	83
32	84
32	85
32	86
32	87
32	88
32	89
32	90
32	91
32	97
32	98
32	99
32	100
32	101
32	119
32	120
32	121
32	122
32	123
32	124
32	125
32	126
32	127
33	0
33	1
33	2
33	3
33	11
33	12
33	13
33	14
33	15
33	19
33	21
33	32
33	33
33	34
33	35
33	36
33	37
33	38
33	39
33	40
33	41
33	42
33	43
33	44
33	45
33	46
33	47
33	48
33	49
33	50
33	51
33	52
33	53
33	54
33	55
33	56
33	57
33	66
33	67
33	68
33	72
33	73
33	74
33	75
33	76
33	77
33	81
33	82
33	83
33	85
33	86
33	87
33	89
33	90
33	91
33	92
33	96
33	97
33	98
33	99
33	117
33	118
33	119
33	120
33	121
33	122
33	123
33	124
33	125
33	126
33	127
34	0
34	2
34	3
34	4
34	11
34	12
34	13
34	14
34	15
34	16
34	19
34	21
34	23
34	30
34	34
34	35
34	36
34	40
34	41
34	42
34	43
34	44
34	47
34	48
34	49
34	50
34	51
34	52
34	53
34	54
34	55
34	56
34	57
34	58
34	63
34	64
34	66
34	67
34	68
34	69
34	72
34	73
34	77
34	81
34	82
34	83
34	86
34	87
34	88
34	89
34	91
34	112
34	114
34	118
34	119
34	120
34	121
34	122
34	123
34	124
34	125
34	126
34	127
35	0
35	2
35	3
35	4
35	12
35	13
35	14
35	15
35	16
35	19
35	20
35	21
35	22
35	31
35	35
35	36
35	38
35	39
35	40
35	41
35	42
35	43
35	46
35	47
35	48
35	49
35	50
35	51
35	52
35	53
35	54
35	55
35	56
35	57
35	58
35	63
35	64
35	66
35	67
35	69
35	72
35	73
35	78
35	79
35	80
35	81
35	82
35	83
35	88
35	89
35	90
35	91
35	104
35	106
35	110
35	112
35	113
35	114
35	115
35	117
35	118
35	119
35	120
35	121
35	122
35	123
35	124
35	125
35	126
35	127
36	0
36	1
36	2
36	3
36	4
36	7
36	12
36	13
36	14
36	19
36	21
36	22
36	31
36	35
36	36
36	37
36	38
36	39
36	40
36	47
36	48
36	49
36	50
36	51
36	52
36	53
36	54
36	55
36	56
36	57
36	58
36	64
36	65
36	66
36	67
36	68
36	69
36	70
36	71
36	72
36	81
36	82
36	83
36	84
36	85
36	88
36	89
36	90
36	104
36	105
36	106
36	113
36	114
36	115
36	116
36	117
36	118
36	119
36	120
36	121
36	122
36	123
36	124
36	125
36	126
36	127
37	0
37	1
37	2
37	3
37	4
37	5
37	6
37	8
37	11
37	14
37	21
37	31
37	32
37	33
37	42
37	46
37	47
37	48
37	49
37	50
37	51
37	52
37	53
37	54
37	55
37	57
37	64
37	65
37	71
37	73
37	79
37	82
37	83
37	84
37	85
37	86
37	87
37	88
37	104
37	106
37	107
37	113
37	114
37	115
37	116
37	117
37	118
37	119
37	120
37	122
37	123
37	125
37	126
37	127
38	1
38	2
38	3
38	4
38	5
38	6
38	11
38	22
38	23
38	24
38	32
38	37
38	42
38	50
38	51
38	52
38	53
38	54
38	57
38	64
38	71
38	73
38	79
38	81
38	82
38	83
38	84
38	85
38	86
38	87
38	88
38	89
38	90
38	101
38	106
38	107
38	116
38	117
38	118
38	119
38	121
38	122
38	123
38	124
38	125
38	126
39	3
39	4
39	5
39	10
39	18
39	22
39	23
39	32
39	36
39	37
39	41
39	42
39	49
39	50
39	52
39	53
39	54
39	57
39	68
39	74
39	75
39	79
39	80
39	81
39	82
39	83
39	84
39	85
39	86
39	87
39	88
39	98
39	102
39	107
39	111
39	113
39	114
39	115
39	116
39	117
39	118
39	119
39	120
39	121
39	122
39	123
39	124
39	125
40	2
40	3
40	4
40	5
40	11
40	39
40	40
40	41
40	42
40	46
40	47
40	48
40	49
40	50
40	51
40	52
40	53
40	54
40	68
40	69
40	70
40	75
40	81
40	82
40	87
40	88
40	107
40	108
40	109
40	110
40	114
40	115
40	116
40	117
40	118
40	119
40	120
40	121
40	122
40	123
40	124
40	125
40	126
41	2
41	3
41	4
41	5
41	6
41	11
41	26
41	31
41	39
41	40
41	41
41	42
41	46
41	47
41	48
41	49
41	50
41	52
41	53
41	54
41	75
41	81
41	82
41	83
41	84
41	87
41	88
41	91
41	99
41	104
41	105
41	108
41	109
41	110
41	114
41	115
41	116
41	117
41	118
41	119
41	120
41	121
41	123
41	124
41	125
41	126
42	1
42	2
42	3
42	4
42	5
42	6
42	19
42	30
42	37
42	38
42	42
42	46
42	47
42	48
42	49
42	50
42	51
42	52
42	53
42	54
42	80
42	81
42	82
42	84
42	85
42	91
42	105
42	106
42	107
42	116
42	117
42	118
42	119
42	120
42	121
42	123
42	124
42	125
42	126
42	127
43	1
43	2
43	3
43	4
43	5
43	13
43	14
43	33
43	34
43	47
43	48
43	49
43	50
43	51
43	74
43	80
43	82
43	83
43	84
43	87
43	88
43	105
43	106
43	114
43	115
43	116
43	119
43	121
43	123
43	124
43	125
43	126
43	127
44	0
44	1
44	2
44	3
44	4
44	5
44	7
44	10
44	13
44	14
44	15
44	16
44	17
44	32
44	49
44	57
44	80
44	81
44	82
44	83
44	89
44	90
44	103
44	104
44	105
44	108
44	115
44	116
44	124
44	126
44	127
45	0
45	1
45	2
45	3
45	4
45	5
45	6
45	7
45	8
45	28
45	32
45	33
45	60
45	81
45	84
45	85
45	89
45	90
45	91
45	96
45	97
45	104
45	105
45	107
45	108
45	109
45	110
45	111
45	112
45	114
45	115
45	116
45	124
45	125
45	126
45	127
46	0
46	1
46	2
46	4
46	5
46	6
46	7
46	8
46	9
46	12
46	13
46	31
46	35
46	46
46	60
46	63
46	64
46	65
46	66
46	81
46	84
46	85
46	90
46	97
46	108
46	109
46	110
46	111
46	112
46	114
46	116
46	123
46	124
46	125
46	126
46	127
47	0
47	1
47	2
47	3
47	4
47	5
47	6
47	7
47	9
47	10
47	13
47	29
47	30
47	52
47	65
47	66
47	67
47	68
47	69
47	82
47	84
47	85
47	97
47	98
47	99
47	100
47	102
47	103
47	109
47	110
47	111
47	114
47	115
47	124
47	125
47	126
47	127
48	0
48	2
48	3
48	4
48	5
48	6
48	7
48	8
48	13
48	18
48	19
48	20
48	29
48	30
48	41
48	58
48	59
48	62
48	65
48	66
48	67
48	68
48	69
48	82
48	90
48	97
48	98
48	99
48	100
48	101
48	103
48	109
48	110
48	111
48	115
48	126
49	0
49	1
49	2
49	3
49	4
49	5
49	6
49	7
49	8
49	10
49	11
49	12
49	13
49	18
49	19
49	36
49	37
49	38
49	39
49	41
49	44
49	57
49	58
49	59
49	65
49	66
49	67
49	68
49	69
49	86
49	90
49	97
49	102
49	103
49	109
49	111
49	126
50	0
50	1
50	2
50	3
50	7
50	8
50	10
50	11
50	12
50	15
50	16
50	18
50	19
50	20
50	36
50	37
50	38
50	39
50	40
50	41
50	43
50	44
50	46
50	52
50	57
50	58
50	59
50	61
50	65
50	66
50	67
50	68
50	69
50	84
50	100
50	102
50	103
50	125
50	126
50	127
51	0
51	1
51	7
51	8
51	9
51	10
51	11
51	12
51	16
51	17
51	18
51	19
51	20
51	36
51	37
51	38
51	41
51	42
51	61
51	62
51	63
51	64
51	65
51	66
51	67
51	68
51	69
51	79
51	80
51	81
51	84
51	96
51	100
51	101
51	102
51	103
51	105
51	106
51	117
51	118
51	122
51	123
51	124
51	125
51	126
51	127
52	3
52	4
52	5
52	8
52	9
52	19
52	20
52	21
52	22
52	41
52	42
52	43
52	46
52	61
52	62
52	63
52	64
52	65
52	66
52	67
52	68
52	69
52	81
52	82
52	95
52	96
52	97
52	98
52	99
52	100
52	101
52	102
52	105
52	106
52	107
52	114
52	115
52	120
52	121
52	122
52	123
52	124
52	125
52	126
52	127
53	3
53	4
53	8
53	9
53	19
53	20
53	28
53	29
53	36
53	37
53	39
53	40
53	42
53	43
53	44
53	58
53	61
53	62
53	63
53	64
53	65
53	66
53	67
53	68
53	69
53	80
53	81
53	82
53	91
53	95
53	98
53	99
53	100
53	101
53	102
53	103
53	104
53	106
53	107
53	117
53	118
53	119
53	120
53	121
53	122
53	123
53	124
53	125
53	126
53	127
54	7
54	9
54	17
54	18
54	19
54	37
54	38
54	39
54	42
54	46
54	51
54	52
54	53
54	62
54	63
54	64
54	65
54	66
54	67
54	68
54	69
54	79
54	80
54	81
54	82
54	83
54	84
54	85
54	90
54	97
54	98
54	99
54	101
54	103
54	104
54	105
54	106
54	107
54	113
54	116
54	117
54	118
54	119
54	120
54	121
54	122
54	123
54	124
54	125
54	126
54	127
55	0
55	1
55	9
55	10
55	14
55	25
55	26
55	27
55	45
55	51
55	52
55	53
55	54
55	62
55	63
55	64
55	65
55	66
55	67
55	68
55	78
55	79
55	80
55	82
55	83
55	84
55	85
55	98
55	99
55	101
55	102
55	103
55	104
55	105
55	106
55	107
55	108
55	112
55	113
55	114
55	115
55	116
55	117
55	118
55	119
55	120
55	121
55	122
55	123
55	124
55	125
55	126
55	127
56	0
56	1
56	2
56	9
56	14
56	25
56	26
56	27
56	32
56	41
56	42
56	51
56	52
56	53
56	54
56	56
56	64
56	65
56	66
56	67
56	68
56	71
56	74
56	75
56	76
56	77
56	78
56	80
56	81
56	83
56	84
56	85
56	86
56	87
56	88
56	89
56	90
56	91
56	94
56	98
56	102
56	103
56	104
56	105
56	106
56	107
56	112
56	113
56	114
56	115
56	116
56	117
56	118
56	119
56	120
56	121
56	122
56	123
56	124
56	125
56	126
56	127
57	0
57	1
57	2
57	8
57	10
57	14
57	25
57	26
57	27
57	28
57	49
57	52
57	53
57	54
57	56
57	57
57	64
57	65
57	66
57	67
57	74
57	75
57	76
57	77
57	81
57	82
57	83
57	84
57	85
57	88
57	96
57	97
57	98
57	99
57	102
57	103
57	104
57	105
57	107
57	113
57	114
57	115
57	117
57	118
57	119
57	120
57	121
57	122
57	123
57	124
57	125
57	126
57	127
58	0
58	1
58	2
58	8
58	9
58	10
58	11
58	15
58	20
58	21
58	25
58	26
58	27
58	28
58	29
58	30
58	31
58	32
58	34
58	45
58	46
58	47
58	48
58	49
58	54
58	60
58	61
58	64
58	65
58	66
58	67
58	69
58	70
58	73
58	75
58	76
58	81
58	82
58	83
58	84
58	85
58	90
58	96
58	97
58	98
58	99
58	100
58	101
58	102
58	103
58	104
58	105
58	106
58	107
58	108
58	109
58	110
58	116
58	118
58	119
58	120
58	121
58	122
58	123
58	124
58	125
58	127
59	0
59	1
59	2
59	8
59	9
59	10
59	16
59	20
59	21
59	24
59	26
59	27
59	28
59	29
59	30
59	31
59	32
59	43
59	44
59	45
59	46
59	47
59	48
59	59
59	60
59	61
59	62
59	63
59	64
59	65
59	66
59	67
59	68
59	69
59	70
59	76
59	80
59	82
59	83
59	92
59	93
59	94
59	97
59	98
59	99
59	100
59	101
59	102
59	103
59	104
59	105
59	106
59	107
59	108
59	109
59	118
59	119
59	120
59	121
59	122
59	127
60	0
60	1
60	9
60	10
60	24
60	25
60	26
60	27
60	28
60	29
60	30
60	31
60	32
60	44
60	45
60	46
60	47
60	48
60	52
60	58
60	59
60	60
60	61
60	62
60	63
60	64
60	65
60	66
60	67
60	68
60	69
60	70
60	76
60	78
60	81
60	82
60	83
60	84
60	89
60	90
60	91
60	92
60	93
60	94
60	95
60	96
60	99
60	100
60	101
60	102
60	103
60	104
60	105
60	106
60	107
60	108
60	109
60	111
60	112
60	119
60	121
60	127
61	0
61	1
61	9
61	10
61	11
61	24
61	25
61	26
61	27
61	28
61	29
61	31
61	32
61	34
61	45
61	46
61	47
61	48
61	58
61	59
61	60
61	61
61	62
61	63
61	64
61	65
61	66
61	67
61	68
61	69
61	74
61	75
61	76
61	77
61	81
61	82
61	84
61	85
61	86
61	88
61	89
61	90
61	91
61	92
61	93
61	94
61	95
61	99
61	100
61	101
61	102
61	103
61	104
61	105
61	106
61	107
61	108
61	109
61	110
61	111
61	112
61	116
61	121
61	127
62	0
62	1
62	2
62	6
62	9
62	10
62	11
62	12
62	13
62	26
62	27
62	28
62	29
62	41
62	45
62	57
62	58
62	59
62	60
62	61
62	62
62	63
62	64
62	65
62	66
62	74
62	81
62	86
62	87
62	88
62	89
62	90
62	92
62	93
62	94
62	99
62	100
62	101
62	102
62	103
62	104
62	105
62	106
62	107
62	108
62	109
62	110
62	115
62	116
62	121
62	122
63	0
63	1
63	2
63	3
63	6
63	9
63	10
63	11
63	12
63	13
63	20
63	22
63	23
63	25
63	26
63	27
63	28
63	29
63	32
63	33
63	57
63	58
63	59
63	60
63	61
63	62
63	63
63	64
63	65
63	66
63	67
63	74
63	84
63	85
63	86
63	87
63	88
63	89
63	90
63	91
63	92
63	93
63	94
63	99
63	100
63	101
63	102
63	103
63	104
63	105
63	106
63	107
63	108
63	109
63	110
63	124
63	125
63	126
63	127
64	0
64	1
64	2
64	3
64	4
64	5
64	6
64	8
64	9
64	10
64	11
64	12
64	13
64	14
64	21
64	22
64	26
64	27
64	28
64	29
64	32
64	34
64	55
64	56
64	57
64	58
64	59
64	60
64	61
64	62
64	63
64	64
64	65
64	66
64	67
64	72
64	78
64	79
64	84
64	85
64	87
64	88
64	89
64	90
64	91
64	92
64	93
64	94
64	105
64	106
64	108
64	110
64	120
64	121
64	125
64	126
64	127
65	0
65	1
65	3
65	4
65	5
65	6
65	7
65	9
65	10
65	11
65	12
65	13
65	14
65	15
65	21
65	22
65	26
65	27
65	28
65	40
65	51
65	52
65	53
65	55
65	56
65	58
65	59
65	60
65	61
65	62
65	63
65	64
65	65
65	66
65	67
65	75
65	76
65	77
65	78
65	79
65	87
65	88
65	89
65	90
65	91
65	96
65	106
65	107
65	108
65	120
65	121
65	122
65	125
65	126
65	127
66	0
66	1
66	2
66	3
66	4
66	5
66	6
66	7
66	8
66	9
66	10
66	11
66	12
66	13
66	14
66	15
66	16
66	22
66	24
66	25
66	26
66	29
66	37
66	41
66	51
66	52
66	55
66	56
66	57
66	58
66	60
66	61
66	62
66	63
66	64
66	65
66	66
66	67
66	76
66	77
66	78
66	79
66	82
66	83
66	84
66	87
66	88
66	89
66	105
66	106
66	107
66	108
66	119
66	120
66	122
66	123
66	125
66	126
66	127
67	0
67	1
67	2
67	3
67	4
67	5
67	6
67	7
67	8
67	9
67	10
67	11
67	13
67	14
67	15
67	17
67	18
67	19
67	20
67	37
67	41
67	52
67	53
67	54
67	56
67	57
67	58
67	59
67	60
67	61
67	62
67	63
67	64
67	65
67	66
67	67
67	68
67	75
67	76
67	77
67	78
67	79
67	80
67	81
67	82
67	87
67	89
67	90
67	96
67	99
67	103
67	104
67	105
67	106
67	117
67	119
67	120
67	121
67	122
67	123
67	124
67	126
68	1
68	4
68	5
68	6
68	7
68	8
68	9
68	10
68	11
68	12
68	13
68	14
68	15
68	16
68	17
68	18
68	19
68	20
68	35
68	36
68	39
68	44
68	45
68	47
68	52
68	53
68	54
68	57
68	58
68	59
68	60
68	61
68	62
68	63
68	64
68	65
68	66
68	67
68	68
68	69
68	73
68	76
68	77
68	78
68	79
68	80
68	81
68	82
68	84
68	85
68	86
68	87
68	88
68	89
68	95
68	96
68	97
68	98
68	99
68	103
68	104
68	105
68	106
68	107
68	119
68	120
68	121
68	122
68	123
68	124
69	4
69	5
69	6
69	7
69	8
69	9
69	10
69	11
69	12
69	14
69	15
69	16
69	17
69	18
69	24
69	29
69	30
69	32
69	33
69	35
69	36
69	40
69	41
69	43
69	44
69	45
69	46
69	47
69	51
69	52
69	53
69	54
69	55
69	56
69	57
69	58
69	59
69	60
69	61
69	62
69	63
69	64
69	65
69	66
69	67
69	68
69	69
69	70
69	71
69	72
69	73
69	74
69	75
69	76
69	77
69	78
69	79
69	80
69	81
69	82
69	83
69	84
69	85
69	86
69	87
69	88
69	89
69	92
69	93
69	96
69	97
69	98
69	99
69	103
69	104
69	105
69	106
69	116
69	118
69	119
69	120
69	121
69	122
69	123
69	124
70	2
70	3
70	4
70	5
70	6
70	9
70	10
70	11
70	12
70	13
70	14
70	15
70	16
70	17
70	18
70	19
70	20
70	29
70	30
70	31
70	32
70	34
70	41
70	43
70	44
70	45
70	46
70	47
70	49
70	51
70	52
70	53
70	54
70	55
70	56
70	57
70	58
70	59
70	60
70	61
70	62
70	63
70	64
70	65
70	66
70	67
70	68
70	69
70	70
70	71
70	72
70	73
70	74
70	75
70	76
70	77
70	78
70	79
70	80
70	81
70	82
70	83
70	84
70	85
70	86
70	87
70	88
70	93
70	96
70	97
70	98
70	99
70	104
70	105
70	106
70	107
70	111
70	118
70	119
70	120
70	121
70	122
70	123
70	124
71	0
71	2
71	3
71	4
71	5
71	6
71	7
71	8
71	9
71	10
71	11
71	12
71	13
71	14
71	15
71	16
71	17
71	18
71	19
71	20
71	21
71	28
71	29
71	30
71	31
71	32
71	33
71	34
71	41
71	43
71	44
71	45
71	46
71	51
71	52
71	53
71	55
71	56
71	57
71	58
71	59
71	60
71	61
71	62
71	63
71	64
71	65
71	66
71	67
71	68
71	69
71	70
71	71
71	72
71	73
71	74
71	75
71	76
71	77
71	78
71	79
71	80
71	81
71	82
71	83
71	84
71	85
71	86
71	87
71	88
71	96
71	97
71	98
71	99
71	100
71	101
71	118
71	119
71	120
71	121
71	122
71	123
71	126
71	127
72	0
72	1
72	2
72	3
72	4
72	5
72	6
72	7
72	8
72	9
72	10
72	11
72	12
72	13
72	14
72	15
72	16
72	17
72	25
72	31
72	32
72	33
72	45
72	46
72	47
72	51
72	52
72	53
72	56
72	57
72	58
72	60
72	61
72	62
72	63
72	64
72	65
72	66
72	67
72	68
72	69
72	70
72	71
72	72
72	73
72	74
72	75
72	76
72	77
72	78
72	79
72	80
72	81
72	82
72	83
72	84
72	87
72	88
72	96
72	97
72	98
72	99
72	100
72	101
72	107
72	113
72	114
72	123
72	126
72	127
73	0
73	1
73	2
73	3
73	4
73	5
73	6
73	7
73	8
73	9
73	10
73	11
73	12
73	13
73	14
73	15
73	16
73	17
73	18
73	22
73	25
73	26
73	27
73	29
73	30
73	31
73	32
73	33
73	34
73	35
73	38
73	46
73	47
73	51
73	52
73	53
73	55
73	56
73	57
73	58
73	59
73	61
73	62
73	63
73	64
73	65
73	66
73	67
73	68
73	69
73	70
73	71
73	72
73	73
73	74
73	75
73	76
73	77
73	78
73	79
73	80
73	81
73	82
73	83
73	84
73	87
73	88
73	96
73	97
73	98
73	99
73	100
73	101
73	119
73	125
73	126
73	127
74	0
74	1
74	2
74	3
74	7
74	8
74	9
74	10
74	11
74	12
74	13
74	14
74	15
74	16
74	17
74	18
74	26
74	27
74	28
74	29
74	30
74	31
74	32
74	33
74	34
74	44
74	45
74	46
74	47
74	48
74	51
74	52
74	53
74	54
74	55
74	56
74	57
74	58
74	60
74	61
74	62
74	63
74	64
74	65
74	66
74	67
74	68
74	69
74	70
74	71
74	72
74	73
74	74
74	75
74	76
74	77
74	78
74	79
74	80
74	81
74	82
74	83
74	84
74	86
74	88
74	89
74	96
74	97
74	98
74	99
74	100
74	101
74	105
74	107
74	119
74	124
74	125
74	126
74	127
75	0
75	1
75	2
75	3
75	7
75	8
75	9
75	10
75	11
75	12
75	15
75	16
75	17
75	18
75	19
75	25
75	26
75	27
75	29
75	30
75	31
75	32
75	33
75	34
75	39
75	45
75	46
75	47
75	48
75	49
75	50
75	51
75	52
75	53
75	54
75	55
75	56
75	57
75	58
75	59
75	61
75	62
75	63
75	65
75	66
75	67
75	68
75	69
75	70
75	71
75	72
75	73
75	74
75	75
75	76
75	77
75	78
75	79
75	80
75	81
75	82
75	83
75	86
75	87
75	88
75	89
75	96
75	97
75	98
75	99
75	100
75	103
75	104
75	105
75	106
75	107
75	108
75	109
75	110
75	111
75	124
75	127
76	0
76	7
76	8
76	10
76	11
76	12
76	15
76	16
76	17
76	18
76	19
76	24
76	26
76	27
76	28
76	29
76	30
76	31
76	32
76	33
76	34
76	36
76	37
76	38
76	39
76	40
76	43
76	44
76	45
76	46
76	47
76	48
76	49
76	52
76	53
76	54
76	55
76	56
76	57
76	58
76	60
76	61
76	62
76	63
76	67
76	68
76	69
76	70
76	71
76	72
76	73
76	74
76	75
76	76
76	77
76	78
76	79
76	80
76	81
76	82
76	83
76	84
76	85
76	86
76	87
76	88
76	89
76	93
76	94
76	95
76	96
76	97
76	98
76	99
76	100
76	101
76	102
76	103
76	104
76	105
76	106
76	107
76	108
76	110
76	111
76	119
76	120
77	0
77	7
77	8
77	9
77	10
77	15
77	16
77	17
77	18
77	19
77	20
77	21
77	24
77	28
77	29
77	30
77	31
77	32
77	33
77	34
77	35
77	36
77	39
77	40
77	43
77	44
77	45
77	46
77	47
77	49
77	52
77	53
77	54
77	55
77	56
77	57
77	58
77	59
77	60
77	61
77	62
77	63
77	68
77	69
77	70
77	71
77	72
77	73
77	74
77	76
77	77
77	78
77	79
77	80
77	81
77	82
77	83
77	84
77	85
77	86
77	87
77	88
77	89
77	92
77	94
77	95
77	97
77	98
77	99
77	100
77	101
77	102
77	103
77	104
77	105
77	106
77	107
77	108
77	109
77	110
77	115
77	119
77	120
77	127
78	6
78	7
78	9
78	10
78	11
78	15
78	16
78	17
78	18
78	19
78	24
78	25
78	27
78	28
78	29
78	30
78	31
78	32
78	33
78	34
78	35
78	36
78	40
78	41
78	44
78	45
78	46
78	47
78	48
78	49
78	52
78	54
78	55
78	56
78	57
78	58
78	59
78	62
78	63
78	72
78	73
78	74
78	75
78	76
78	77
78	78
78	79
78	80
78	81
78	82
78	83
78	85
78	86
78	87
78	88
78	92
78	93
78	94
78	95
78	96
78	97
78	98
78	99
78	100
78	101
78	103
78	104
78	105
78	106
78	107
78	108
78	109
78	110
78	115
78	116
78	117
78	118
78	119
78	120
79	2
79	6
79	7
79	9
79	10
79	11
79	15
79	16
79	17
79	28
79	29
79	30
79	31
79	32
79	41
79	45
79	47
79	48
79	49
79	54
79	55
79	56
79	57
79	60
79	66
79	70
79	71
79	72
79	73
79	74
79	75
79	76
79	77
79	78
79	79
79	80
79	81
79	82
79	83
79	84
79	85
79	86
79	87
79	88
79	92
79	93
79	94
79	95
79	96
79	97
79	98
79	99
79	100
79	101
79	102
79	103
79	104
79	105
79	106
79	107
79	108
79	109
79	110
79	116
79	118
79	119
79	120
80	0
80	1
80	2
80	6
80	7
80	9
80	10
80	15
80	16
80	24
80	25
80	26
80	28
80	29
80	30
80	31
80	32
80	33
80	38
80	39
80	45
80	46
80	47
80	48
80	49
80	53
80	54
80	55
80	56
80	57
80	61
80	70
80	71
80	72
80	73
80	74
80	75
80	76
80	77
80	78
80	79
80	80
80	81
80	82
80	83
80	84
80	85
80	86
80	87
80	88
80	89
80	92
80	93
80	94
80	95
80	96
80	97
80	98
80	99
80	100
80	103
80	104
80	105
80	106
80	107
80	108
80	114
80	116
80	117
80	118
80	120
80	121
80	122
80	123
80	124
81	0
81	3
81	9
81	10
81	13
81	24
81	25
81	29
81	31
81	32
81	33
81	45
81	46
81	47
81	48
81	49
81	50
81	51
81	54
81	56
81	57
81	61
81	62
81	63
81	65
81	69
81	70
81	71
81	72
81	73
81	74
81	75
81	76
81	77
81	78
81	79
81	80
81	81
81	82
81	83
81	84
81	85
81	87
81	88
81	90
81	94
81	95
81	96
81	99
81	100
81	101
81	102
81	103
81	104
81	107
81	108
81	111
81	121
81	122
82	0
82	2
82	9
82	10
82	17
82	23
82	24
82	25
82	28
82	29
82	30
82	32
82	33
82	34
82	35
82	46
82	47
82	49
82	50
82	51
82	54
82	55
82	56
82	57
82	58
82	60
82	67
82	68
82	69
82	70
82	71
82	73
82	74
82	75
82	76
82	77
82	78
82	79
82	80
82	81
82	84
82	85
82	88
82	90
82	94
82	100
82	101
82	102
82	103
82	104
82	111
82	112
82	113
82	120
82	121
82	122
83	0
83	15
83	25
83	28
83	30
83	31
83	32
83	33
83	34
83	35
83	39
83	46
83	47
83	48
83	49
83	50
83	51
83	53
83	54
83	55
83	56
83	57
83	58
83	59
83	60
83	66
83	67
83	68
83	69
83	70
83	71
83	72
83	73
83	74
83	75
83	76
83	77
83	78
83	79
83	80
83	81
83	83
83	88
83	89
83	90
83	91
83	92
83	100
83	101
83	102
83	103
83	104
83	105
83	107
83	120
83	121
83	122
84	10
84	15
84	20
84	28
84	30
84	31
84	32
84	33
84	34
84	35
84	38
84	39
84	40
84	41
84	42
84	46
84	47
84	48
84	49
84	50
84	51
84	52
84	53
84	54
84	55
84	66
84	67
84	68
84	69
84	70
84	71
84	72
84	73
84	74
84	75
84	76
84	77
84	78
84	79
84	80
84	81
84	86
84	87
84	88
84	89
84	91
84	92
84	101
84	102
84	103
84	104
84	105
84	109
84	110
84	127
85	15
85	24
85	30
85	31
85	32
85	33
85	34
85	35
85	37
85	38
85	39
85	40
85	47
85	48
85	49
85	50
85	51
85	53
85	54
85	55
85	56
85	66
85	67
85	68
85	69
85	70
85	71
85	72
85	74
85	75
85	77
85	78
85	79
85	80
85	81
85	82
85	85
85	86
85	87
85	88
85	89
85	92
85	97
85	102
85	103
85	104
85	105
85	115
86	6
86	14
86	20
86	21
86	30
86	31
86	32
86	33
86	34
86	35
86	36
86	37
86	38
86	39
86	40
86	47
86	48
86	50
86	54
86	55
86	57
86	58
86	69
86	70
86	71
86	72
86	73
86	74
86	75
86	76
86	77
86	78
86	79
86	80
86	81
86	82
86	85
86	86
86	87
86	88
86	89
86	90
86	102
86	103
86	104
86	105
86	114
86	115
87	21
87	25
87	26
87	29
87	30
87	31
87	33
87	34
87	35
87	36
87	37
87	38
87	39
87	40
87	45
87	46
87	47
87	48
87	49
87	50
87	51
87	54
87	55
87	56
87	69
87	70
87	71
87	72
87	73
87	74
87	75
87	76
87	77
87	78
87	79
87	80
87	81
87	82
87	85
87	86
87	87
87	89
87	90
87	95
87	100
87	101
87	102
87	104
87	105
87	106
87	109
87	114
87	115
87	116
88	16
88	26
88	27
88	29
88	30
88	31
88	34
88	35
88	36
88	37
88	38
88	39
88	40
88	46
88	47
88	48
88	49
88	50
88	68
88	69
88	70
88	71
88	72
88	73
88	74
88	75
88	76
88	77
88	79
88	82
88	85
88	86
88	87
88	88
88	89
88	90
88	100
88	101
88	102
88	103
88	104
88	105
88	109
88	113
88	114
88	115
88	116
89	3
89	7
89	10
89	16
89	22
89	27
89	28
89	29
89	30
89	31
89	32
89	33
89	34
89	35
89	36
89	37
89	38
89	39
89	41
89	44
89	45
89	46
89	47
89	48
89	49
89	50
89	57
89	60
89	61
89	62
89	63
89	68
89	69
89	73
89	74
89	75
89	76
89	77
89	81
89	82
89	83
89	84
89	87
89	88
89	89
89	96
89	101
89	102
89	103
89	104
89	105
89	112
89	113
89	114
89	115
89	118
90	3
90	5
90	7
90	8
90	15
90	16
90	23
90	24
90	25
90	28
90	29
90	30
90	31
90	32
90	33
90	34
90	35
90	36
90	37
90	38
90	41
90	42
90	43
90	44
90	49
90	50
90	60
90	61
90	62
90	63
90	70
90	76
90	77
90	78
90	79
90	80
90	81
90	82
90	83
90	84
90	85
90	87
90	88
90	89
90	100
90	101
90	102
90	103
90	104
90	105
90	106
90	113
90	114
90	115
90	116
90	117
91	1
91	3
91	5
91	6
91	7
91	8
91	9
91	12
91	13
91	14
91	15
91	16
91	17
91	18
91	21
91	23
91	24
91	25
91	29
91	30
91	31
91	35
91	36
91	37
91	38
91	39
91	41
91	42
91	43
91	44
91	45
91	46
91	60
91	61
91	62
91	63
91	65
91	66
91	70
91	76
91	77
91	82
91	83
91	85
91	86
91	87
91	88
91	89
91	92
91	93
91	96
91	101
91	102
91	103
91	104
91	105
91	106
91	113
91	114
91	115
91	116
91	117
92	6
92	7
92	8
92	9
92	19
92	23
92	24
92	25
92	26
92	27
92	30
92	31
92	32
92	35
92	36
92	37
92	38
92	39
92	40
92	41
92	42
92	43
92	44
92	45
92	46
92	47
92	49
92	50
92	60
92	61
92	62
92	63
92	65
92	66
92	77
92	89
92	91
92	96
92	102
92	103
92	104
92	106
92	107
92	108
92	110
92	113
92	114
92	115
92	116
92	117
92	120
92	121
92	123
93	6
93	7
93	8
93	9
93	15
93	16
93	17
93	19
93	20
93	23
93	24
93	25
93	26
93	27
93	28
93	29
93	30
93	31
93	32
93	33
93	34
93	35
93	36
93	37
93	38
93	39
93	40
93	41
93	42
93	43
93	44
93	45
93	46
93	47
93	48
93	49
93	50
93	60
93	61
93	62
93	63
93	64
93	65
93	66
93	69
93	71
93	73
93	89
93	90
93	91
93	97
93	102
93	103
93	104
93	106
93	107
93	110
93	111
93	113
93	114
93	115
93	116
93	117
93	122
93	123
93	124
93	125
93	126
93	127
94	0
94	1
94	6
94	7
94	8
94	9
94	10
94	11
94	15
94	16
94	17
94	18
94	19
94	20
94	22
94	23
94	24
94	25
94	26
94	27
94	28
94	29
94	30
94	31
94	32
94	33
94	36
94	37
94	38
94	39
94	41
94	42
94	43
94	44
94	45
94	46
94	47
94	49
94	50
94	52
94	62
94	64
94	65
94	66
94	68
94	69
94	70
94	71
94	72
94	73
94	74
94	77
94	97
94	103
94	104
94	105
94	106
94	107
94	109
94	114
94	115
94	116
94	117
94	121
94	122
94	123
94	127
95	0
95	2
95	8
95	9
95	13
95	14
95	15
95	17
95	18
95	19
95	20
95	21
95	22
95	23
95	24
95	25
95	26
95	28
95	29
95	30
95	31
95	32
95	33
95	37
95	38
95	39
95	42
95	43
95	44
95	45
95	46
95	49
95	61
95	62
95	63
95	64
95	65
95	66
95	67
95	68
95	69
95	70
95	71
95	72
95	73
95	74
95	75
95	76
95	77
95	83
95	84
95	97
95	98
95	100
95	101
95	103
95	104
95	105
95	106
95	107
95	110
95	111
95	112
95	113
95	114
95	115
95	116
95	117
95	122
96	1
96	2
96	8
96	9
96	13
96	14
96	15
96	16
96	17
96	18
96	19
96	21
96	22
96	24
96	25
96	29
96	30
96	32
96	33
96	37
96	38
96	39
96	42
96	43
96	44
96	45
96	56
96	60
96	61
96	62
96	63
96	64
96	65
96	66
96	67
96	68
96	69
96	70
96	71
96	72
96	73
96	74
96	75
96	83
96	84
96	86
96	87
96	88
96	89
96	90
96	97
96	98
96	99
96	100
96	101
96	102
96	103
96	104
96	105
96	106
96	110
96	111
96	112
96	113
96	114
96	115
96	116
96	117
96	118
96	122
97	1
97	2
97	13
97	14
97	15
97	16
97	18
97	19
97	21
97	22
97	23
97	24
97	25
97	37
97	38
97	39
97	41
97	42
97	49
97	53
97	56
97	57
97	59
97	60
97	61
97	62
97	65
97	66
97	67
97	68
97	69
97	70
97	71
97	72
97	73
97	74
97	78
97	83
97	84
97	85
97	86
97	87
97	89
97	90
97	97
97	98
97	99
97	100
97	101
97	102
97	103
97	104
97	105
97	112
97	114
97	116
97	117
97	118
97	122
98	8
98	13
98	14
98	15
98	16
98	17
98	18
98	19
98	20
98	21
98	22
98	23
98	24
98	25
98	33
98	36
98	37
98	38
98	39
98	40
98	41
98	42
98	49
98	50
98	53
98	54
98	55
98	56
98	57
98	59
98	60
98	61
98	65
98	66
98	67
98	68
98	69
98	70
98	71
98	72
98	73
98	74
98	76
98	77
98	82
98	83
98	84
98	85
98	86
98	90
98	91
98	92
98	95
98	96
98	97
98	98
98	99
98	100
98	101
98	102
98	103
98	104
98	105
98	106
98	107
98	112
98	113
98	114
98	115
98	116
98	118
98	122
99	4
99	12
99	13
99	14
99	15
99	16
99	17
99	18
99	19
99	20
99	21
99	22
99	23
99	24
99	25
99	26
99	29
99	30
99	33
99	35
99	36
99	37
99	38
99	39
99	40
99	41
99	42
99	43
99	44
99	45
99	48
99	49
99	50
99	51
99	52
99	53
99	55
99	56
99	57
99	59
99	60
99	61
99	62
99	63
99	64
99	65
99	66
99	67
99	68
99	69
99	70
99	71
99	72
99	73
99	74
99	85
99	86
99	90
99	91
99	92
99	93
99	96
99	97
99	98
99	99
99	100
99	101
99	102
99	103
99	104
99	105
99	106
99	113
99	114
99	115
99	116
99	117
99	118
99	120
100	10
100	13
100	14
100	15
100	16
100	17
100	18
100	19
100	21
100	22
100	23
100	24
100	25
100	31
100	32
100	35
100	36
100	37
100	39
100	41
100	43
100	44
100	45
100	49
100	50
100	51
100	52
100	53
100	55
100	56
100	57
100	59
100	60
100	61
100	62
100	63
100	64
100	65
100	66
100	68
100	69
100	70
100	72
100	73
100	91
100	92
100	93
100	96
100	97
100	98
100	100
100	101
100	102
100	103
100	104
100	105
100	106
100	115
100	116
100	117
100	118
100	119
100	120
100	122
100	123
101	8
101	12
101	14
101	15
101	16
101	17
101	18
101	19
101	22
101	23
101	24
101	25
101	26
101	27
101	28
101	31
101	32
101	33
101	35
101	36
101	37
101	38
101	44
101	45
101	46
101	47
101	48
101	49
101	50
101	51
101	52
101	53
101	54
101	55
101	56
101	57
101	59
101	60
101	61
101	62
101	63
101	64
101	65
101	66
101	68
101	69
101	70
101	71
101	91
101	92
101	93
101	94
101	100
101	101
101	102
101	103
101	104
101	105
101	106
101	107
101	110
101	114
101	115
101	116
101	117
101	118
101	119
101	120
101	122
102	10
102	11
102	12
102	13
102	14
102	15
102	16
102	17
102	18
102	19
102	20
102	21
102	22
102	23
102	24
102	25
102	32
102	33
102	34
102	37
102	38
102	45
102	46
102	47
102	48
102	49
102	56
102	59
102	60
102	61
102	62
102	63
102	64
102	65
102	66
102	67
102	68
102	69
102	70
102	82
102	89
102	90
102	91
102	92
102	93
102	98
102	99
102	100
102	101
102	103
102	104
102	105
102	106
102	107
102	109
102	110
102	114
102	115
102	116
102	117
102	122
102	123
102	124
102	125
102	126
103	2
103	3
103	4
103	5
103	10
103	11
103	12
103	15
103	19
103	20
103	21
103	22
103	23
103	24
103	25
103	26
103	27
103	31
103	32
103	33
103	34
103	35
103	36
103	37
103	45
103	46
103	47
103	48
103	57
103	59
103	60
103	61
103	62
103	63
103	64
103	66
103	67
103	68
103	69
103	70
103	74
103	75
103	89
103	90
103	91
103	92
103	94
103	98
103	99
103	100
103	101
103	102
103	103
103	104
103	105
103	106
103	108
103	109
103	113
103	114
103	115
103	116
103	117
103	118
103	119
103	120
103	122
103	123
103	124
103	125
103	126
104	3
104	4
104	10
104	11
104	12
104	13
104	15
104	16
104	19
104	20
104	21
104	22
104	23
104	24
104	25
104	26
104	27
104	40
104	45
104	46
104	47
104	59
104	60
104	61
104	62
104	63
104	64
104	67
104	68
104	69
104	85
104	87
104	88
104	91
104	94
104	95
104	98
104	99
104	100
104	101
104	102
104	103
104	104
104	105
104	106
104	111
104	112
104	113
104	114
104	115
104	116
104	117
104	118
104	119
104	120
104	121
104	122
104	123
104	124
104	125
104	126
105	3
105	10
105	11
105	15
105	16
105	20
105	21
105	27
105	37
105	38
105	58
105	59
105	60
105	61
105	65
105	69
105	70
105	74
105	75
105	84
105	85
105	86
105	97
105	98
105	99
105	103
105	104
105	105
105	106
105	107
105	113
105	114
105	115
105	116
105	117
105	118
105	119
105	120
105	121
105	122
105	123
106	7
106	8
106	10
106	11
106	15
106	16
106	20
106	21
106	23
106	27
106	28
106	29
106	30
106	31
106	34
106	40
106	41
106	42
106	43
106	44
106	45
106	57
106	58
106	59
106	60
106	64
106	65
106	75
106	82
106	83
106	84
106	85
106	86
106	87
106	95
106	96
106	97
106	103
106	104
106	105
106	106
106	107
106	113
106	114
106	115
106	117
106	118
106	119
106	120
106	121
106	122
106	123
106	124
106	126
107	1
107	7
107	8
107	9
107	10
107	11
107	12
107	15
107	17
107	22
107	23
107	24
107	25
107	26
107	28
107	29
107	30
107	40
107	42
107	43
107	44
107	45
107	54
107	56
107	57
107	58
107	59
107	61
107	74
107	82
107	83
107	84
107	85
107	95
107	101
107	102
107	104
107	105
107	106
107	107
107	108
107	109
107	110
107	111
107	112
107	113
107	118
107	119
107	121
107	122
107	123
107	124
107	125
107	126
108	0
108	1
108	4
108	9
108	10
108	11
108	12
108	22
108	23
108	24
108	28
108	29
108	37
108	38
108	40
108	41
108	42
108	44
108	45
108	52
108	53
108	56
108	57
108	62
108	75
108	86
108	87
108	101
108	102
108	104
108	105
108	106
108	107
108	108
108	109
108	110
108	112
108	113
108	118
108	119
108	120
108	122
108	123
108	124
108	125
108	126
109	0
109	4
109	10
109	11
109	12
109	20
109	21
109	22
109	23
109	24
109	25
109	28
109	29
109	37
109	38
109	40
109	41
109	42
109	44
109	52
109	58
109	75
109	78
109	87
109	93
109	106
109	107
109	109
109	110
109	113
109	115
109	116
109	117
109	118
109	119
109	120
109	121
109	122
109	123
109	124
109	125
109	126
110	7
110	12
110	13
110	19
110	21
110	22
110	23
110	28
110	29
110	30
110	31
110	32
110	33
110	35
110	40
110	41
110	52
110	58
110	62
110	65
110	68
110	69
110	75
110	91
110	92
110	105
110	106
110	107
110	108
110	110
110	115
110	117
110	119
110	121
110	122
110	123
110	124
111	10
111	11
111	12
111	13
111	21
111	22
111	23
111	24
111	25
111	26
111	27
111	28
111	29
111	30
111	31
111	32
111	33
111	49
111	52
111	53
111	54
111	55
111	56
111	61
111	62
111	65
111	66
111	68
111	69
111	70
111	71
111	72
111	84
111	88
111	107
111	108
111	109
111	110
111	111
111	117
111	123
111	124
112	4
112	10
112	11
112	12
112	13
112	22
112	23
112	24
112	25
112	26
112	27
112	28
112	29
112	30
112	31
112	32
112	33
112	34
112	52
112	53
112	54
112	55
112	56
112	57
112	58
112	61
112	62
112	63
112	64
112	65
112	68
112	69
112	70
112	71
112	72
112	73
112	90
112	93
112	97
112	107
112	110
112	111
112	112
112	124
112	125
113	9
113	10
113	11
113	12
113	13
113	23
113	24
113	25
113	26
113	27
113	28
113	29
113	30
113	31
113	32
113	33
113	34
113	35
113	36
113	37
113	38
113	39
113	52
113	53
113	54
113	55
113	56
113	57
113	58
113	59
113	60
113	62
113	63
113	64
113	65
113	66
113	69
113	70
113	71
113	72
113	73
113	86
113	88
113	89
113	111
113	112
114	2
114	3
114	9
114	10
114	11
114	13
114	21
114	26
114	27
114	28
114	29
114	32
114	33
114	34
114	35
114	36
114	37
114	38
114	39
114	51
114	52
114	53
114	54
114	55
114	56
114	57
114	58
114	59
114	60
114	62
114	63
114	64
114	66
114	67
114	68
114	69
114	70
114	71
114	72
114	77
114	86
114	87
114	90
114	109
114	110
114	117
115	1
115	3
115	8
115	31
115	32
115	33
115	34
115	37
115	38
115	39
115	40
115	41
115	53
115	54
115	55
115	57
115	58
115	59
115	60
115	61
115	62
115	63
115	64
115	65
115	66
115	67
115	69
115	70
115	71
115	72
115	76
115	77
115	78
115	79
115	94
115	95
115	99
115	127
116	20
116	31
116	32
116	33
116	34
116	37
116	38
116	40
116	53
116	54
116	59
116	60
116	61
116	65
116	67
116	68
116	69
116	70
116	71
116	76
116	78
116	94
116	95
116	100
116	101
116	102
116	103
116	104
116	127
117	18
117	24
117	26
117	29
117	30
117	34
117	35
117	47
117	53
117	54
117	58
117	59
117	60
117	61
117	62
117	67
117	68
117	69
117	70
117	71
117	72
117	73
117	78
117	79
117	80
117	81
117	93
117	98
117	99
117	100
117	103
117	104
117	106
117	108
117	116
117	124
118	14
118	17
118	22
118	26
118	29
118	33
118	46
118	47
118	58
118	59
118	60
118	61
118	62
118	63
118	67
118	68
118	69
118	70
118	71
118	72
118	73
118	78
118	79
118	80
118	81
118	82
118	83
118	84
118	85
118	86
118	96
118	97
118	98
118	100
118	101
118	102
118	103
118	104
118	109
118	115
118	116
118	117
118	118
118	119
118	122
118	123
118	124
119	0
119	9
119	10
119	29
119	30
119	44
119	45
119	46
119	47
119	51
119	52
119	61
119	62
119	63
119	64
119	65
119	67
119	68
119	69
119	70
119	71
119	73
119	76
119	79
119	80
119	81
119	82
119	83
119	84
119	85
119	86
119	87
119	88
119	89
119	90
119	91
119	92
119	95
119	96
119	97
119	98
119	107
119	108
119	109
119	115
119	116
119	117
119	118
119	119
119	120
119	122
119	123
119	124
120	8
120	9
120	10
120	17
120	43
120	44
120	45
120	47
120	51
120	52
120	62
120	63
120	64
120	65
120	66
120	69
120	70
120	79
120	80
120	81
120	82
120	83
120	84
120	85
120	86
120	87
120	89
120	90
120	92
120	97
120	98
120	107
120	108
120	109
120	113
120	114
120	115
120	116
120	117
120	119
120	120
120	122
120	123
120	124
120	125
121	1
121	8
121	27
121	28
121	32
121	40
121	41
121	42
121	43
121	44
121	45
121	46
121	47
121	52
121	62
121	63
121	64
121	65
121	66
121	67
121	68
121	69
121	70
121	75
121	80
121	81
121	82
121	83
121	84
121	85
121	86
121	87
121	88
121	89
121	90
121	98
121	103
121	112
121	113
121	114
121	115
121	116
121	117
121	119
121	120
121	122
121	124
122	0
122	1
122	8
122	27
122	28
122	31
122	32
122	33
122	34
122	40
122	41
122	42
122	43
122	44
122	45
122	46
122	47
122	48
122	49
122	50
122	52
122	60
122	62
122	63
122	64
122	65
122	66
122	70
122	73
122	80
122	81
122	82
122	83
122	84
122	85
122	86
122	87
122	88
122	98
122	99
122	108
122	110
122	111
122	112
122	113
122	114
122	115
122	116
122	117
122	118
122	119
122	120
123	16
123	17
123	18
123	19
123	26
123	27
123	28
123	31
123	32
123	33
123	34
123	40
123	41
123	42
123	43
123	44
123	45
123	46
123	47
123	48
123	49
123	50
123	51
123	52
123	53
123	58
123	59
123	61
123	62
123	64
123	65
123	66
123	67
123	68
123	70
123	71
123	72
123	80
123	81
123	82
123	86
123	87
123	88
123	99
123	110
123	112
123	113
123	114
123	115
123	116
123	117
123	118
123	120
123	126
124	11
124	16
124	25
124	26
124	27
124	28
124	32
124	33
124	34
124	41
124	43
124	44
124	46
124	47
124	48
124	49
124	50
124	51
124	52
124	53
124	59
124	60
124	61
124	62
124	64
124	65
124	66
124	67
124	68
124	70
124	77
124	79
124	80
124	81
124	82
124	83
124	87
124	88
124	89
124	90
124	99
124	105
124	107
124	108
124	109
124	110
124	111
124	112
124	113
124	114
124	115
124	116
124	117
124	118
124	119
124	120
125	12
125	26
125	27
125	28
125	33
125	43
125	48
125	49
125	50
125	51
125	52
125	53
125	54
125	61
125	62
125	64
125	65
125	66
125	72
125	73
125	74
125	77
125	80
125	81
125	82
125	86
125	87
125	88
125	89
125	90
125	93
125	94
125	95
125	100
125	101
125	105
125	106
125	107
125	108
125	109
125	110
125	111
125	112
125	113
125	114
125	115
125	116
125	117
125	118
125	119
125	120
125	121
125	122
126	9
126	10
126	18
126	22
126	24
126	25
126	27
126	28
126	32
126	33
126	34
126	35
126	36
126	49
126	50
126	51
126	52
126	53
126	54
126	62
126	63
126	64
126	65
126	66
126	67
126	68
126	70
126	71
126	72
126	73
126	74
126	85
126	86
126	87
126	89
126	90
126	91
126	92
126	93
126	94
126	95
126	101
126	103
126	105
126	108
126	109
126	110
126	111
126	112
126	113
126	114
126	115
126	116
126	117
126	123
127	9
127	10
127	16
127	17
127	22
127	23
127	26
127	27
127	28
127	32
127	33
127	34
127	35
127	36
127	37
127	48
127	49
127	52
127	53
127	54
127	63
127	65
127	67
127	68
127	69
127	70
127	71
127	72
127	73
127	74
127	77
127	78
127	79
127	84
127	85
127	86
127	87
127	88
127	89
127	90
127	91
127	92
127	93
127	94
127	101
127	102
127	103
127	104
127	107
127	108
127	109
127	110
127	111
127	112
127	113
127	114
127	115
127	116
127	117
127	118
127	123
127	125
127	127
