size	128
T	4
J	1
H	0
x	y
0	0
0	1
0	2
0	3
0	4
0	5
0	7
0	8
0	9
0	10
0	11
0	13
0	14
0	17
0	18
0	19
0	20
0	22
0	23
0	26
0	27
0	28
0	29
0	33
0	34
0	35
0	36
0	40
0	41
0	42
0	44
0	45
0	47
0	48
0	49
0	50
0	55
0	56
0	61
0	62
0	64
0	68
0	69
0	70
0	71
0	75
0	76
0	77
0	78
0	79
0	81
0	85
0	86
0	87
0	88
0	89
0	90
0	91
0	92
0	93
0	94
0	95
0	96
0	97
0	98
0	99
0	100
0	101
0	102
0	104
0	105
0	106
0	107
0	108
0	111
0	112
0	113
0	114
0	115
0	126
0	127
1	0
1	1
1	4
1	8
1	12
1	13
1	14
1	17
1	18
1	21
1	22
1	23
1	24
1	25
1	32
1	33
1	34
1	35
1	36
1	37
1	40
1	41
1	42
1	47
1	48
1	51
1	52
1	56
1	57
1	58
1	59
1	61
1	62
1	65
1	66
1	67
1	68
1	69
1	70
1	71
1	75
1	76
1	77
1	78
1	81
1	86
1	88
1	90
1	91
1	92
1	93
1	94
1	95
1	96
1	97
1	99
1	100
1	101
1	104
1	106
1	108
1	109
1	111
1	112
1	113
1	114
1	115
1	120
1	121
1	126
1	127
2	1
2	2
2	4
2	8
2	9
2	12
2	14
2	16
2	17
2	18
2	19
2	21
2	22
2	23
2	25
2	26
2	28
2	29
2	30
2	31
2	32
2	33
2	35
2	36
2	38
2	48
2	49
2	50
2	51
2	52
2	53
2	54
2	55
2	56
2	57
2	58
2	59
2	61
2	63
2	65
2	66
2	71
2	74
2	75
2	77
2	78
2	79
2	84
2	85
2	86
2	89
2	90
2	91
2	92
2	93
2	96
2	97
2	98
2	99
2	104
2	105
2	106
2	107
2	111
2	112
2	113
2	114
2	115
2	116
2	120
2	121
2	124
2	125
3	1
3	2
3	3
3	4
3	7
3	8
3	13
3	14
3	18
3	19
3	20
3	21
3	22
3	23
3	24
3	25
3	28
3	30
3	31
3	32
3	36
3	37
3	38
3	39
3	41
3	42
3	49
3	50
3	51
3	52
3	53
3	54
3	56
3	57
3	58
3	59
3	62
3	63
3	64
3	65
3	66
3	71
3	72
3	73
3	75
3	76
3	77
3	78
3	80
3	84
3	85
3	86
3	89
3	90
3	91
3	94
3	95
3	96
3	97
3	98
3	99
3	101
3	103
3	105
3	107
3	108
3	111
3	112
3	113
3	114
3	118
3	119
3	120
3	121
3	122
3	123
3	124
3	125
3	126
4	0
4	1
4	3
4	4
4	5
4	6
4	7
4	8
4	13
4	14
4	17
4	18
4	19
4	20
4	21
4	22
4	25
4	27
4	28
4	34
4	35
4	37
4	39
4	41
4	42
4	43
4	47
4	48
4	49
4	50
4	58
4	59
4	63
4	65
4	71
4	72
4	73
4	74
4	77
4	78
4	83
4	84
4	85
4	89
4	90
4	99
4	100
4	103
4	104
4	105
4	106
4	107
4	111
4	112
4	113
4	122
4	123
4	124
5	1
5	3
5	4
5	5
5	6
5	11
5	12
5	13
5	14
5	16
5	17
5	19
5	20
5	21
5	24
5	25
5	26
5	27
5	28
5	30
5	31
5	33
5	34
5	36
5	37
5	38
5	39
5	43
5	46
5	47
5	48
5	49
5	57
5	58
5	59
5	60
5	63
5	64
5	65
5	66
5	73
5	74
5	78
5	80
5	81
5	82
5	83
5	85
5	90
5	94
5	95
5	97
5	99
5	100
5	101
5	102
5	103
5	104
5	106
5	110
5	112
5	113
5	122
5	123
6	0
6	1
6	3
6	5
6	7
6	11
6	12
6	13
6	14
6	16
6	17
6	18
6	19
6	24
6	26
6	27
6	28
6	30
6	31
6	32
6	34
6	35
6	36
6	37
6	38
6	39
6	44
6	45
6	49
6	52
6	55
6	56
6	57
6	58
6	63
6	64
6	67
6	72
6	73
6	74
6	76
6	79
6	82
6	83
6	84
6	90
6	91
6	92
6	95
6	97
6	100
6	101
6	102
6	104
6	105
6	109
6	111
6	112
6	113
6	115
6	117
6	121
6	122
6	123
7	0
7	1
7	8
7	10
7	11
7	12
7	13
7	15
7	16
7	17
7	18
7	19
7	20
7	21
7	24
7	25
7	27
7	28
7	33
7	34
7	35
7	42
7	55
7	56
7	59
7	61
7	62
7	65
7	66
7	67
7	68
7	69
7	70
7	71
7	72
7	73
7	77
7	82
7	83
7	88
7	89
7	90
7	91
7	95
7	97
7	98
7	100
7	101
7	104
7	105
7	109
7	110
7	111
7	121
7	123
7	127
8	0
8	4
8	5
8	6
8	8
8	9
8	10
8	12
8	13
8	15
8	16
8	17
8	18
8	24
8	25
8	26
8	27
8	28
8	29
8	32
8	33
8	34
8	38
8	39
8	40
8	41
8	43
8	44
8	49
8	50
8	51
8	53
8	54
8	60
8	61
8	62
8	63
8	66
8	67
8	68
8	70
8	72
8	73
8	74
8	75
8	76
8	77
8	80
8	83
8	87
8	88
8	89
8	90
8	93
8	95
8	96
8	103
8	105
8	106
8	109
8	111
8	112
8	117
8	118
8	119
8	121
8	122
8	123
8	126
8	127
9	4
9	5
9	6
9	10
9	11
9	12
9	13
9	15
9	19
9	20
9	25
9	26
9	28
9	29
9	30
9	32
9	33
9	34
9	37
9	38
9	39
9	40
9	41
9	45
9	48
9	49
9	50
9	51
9	53
9	54
9	55
9	56
9	57
9	58
9	63
9	66
9	68
9	70
9	73
9	74
9	75
9	76
9	77
9	80
9	83
9	84
9	85
9	88
9	89
9	90
9	91
9	96
9	97
9	98
9	99
9	106
9	107
9	111
9	112
9	115
9	116
9	117
9	118
9	120
9	123
9	124
10	2
10	4
10	5
10	6
10	10
10	11
10	12
10	16
10	17
10	19
10	20
10	22
10	27
10	28
10	32
10	34
10	35
10	37
10	38
10	39
10	40
10	41
10	42
10	43
10	45
10	46
10	52
10	56
10	58
10	59
10	60
10	64
10	67
10	68
10	69
10	70
10	74
10	76
10	77
10	79
10	80
10	82
10	83
10	87
10	88
10	89
10	94
10	96
10	97
10	98
10	99
10	106
10	107
10	112
10	113
10	114
10	115
10	116
10	117
10	118
10	120
10	124
10	125
11	1
11	2
11	5
11	6
11	13
11	14
11	16
11	17
11	18
11	19
11	35
11	36
11	40
11	41
11	42
11	43
11	48
11	49
11	50
11	51
11	54
11	56
11	58
11	60
11	64
11	65
11	66
11	70
11	72
11	74
11	75
11	76
11	77
11	79
11	80
11	82
11	83
11	85
11	86
11	87
11	88
11	89
11	93
11	95
11	96
11	97
11	98
11	104
11	105
11	106
11	107
11	108
11	109
11	110
11	113
11	120
11	124
12	0
12	2
12	3
12	4
12	5
12	6
12	13
12	14
12	16
12	17
12	18
12	20
12	26
12	42
12	43
12	47
12	48
12	49
12	50
12	52
12	53
12	54
12	55
12	56
12	58
12	59
12	60
12	61
12	65
12	70
12	71
12	72
12	75
12	79
12	80
12	81
12	82
12	83
12	86
12	87
12	88
12	89
12	90
12	91
12	92
12	93
12	95
12	96
12	98
12	99
12	100
12	101
12	102
12	104
12	105
12	106
12	108
12	109
12	110
12	111
12	113
12	114
12	119
12	127
13	0
13	3
13	14
13	16
13	17
13	18
13	19
13	25
13	31
13	32
13	34
13	35
13	38
13	41
13	42
13	43
13	44
13	45
13	46
13	47
13	48
13	50
13	51
13	52
13	53
13	54
13	55
13	56
13	58
13	60
13	61
13	64
13	65
13	70
13	71
13	72
13	73
13	74
13	75
13	78
13	79
13	80
13	81
13	86
13	87
13	88
13	89
13	90
13	91
13	93
13	94
13	97
13	98
13	99
13	100
13	101
13	102
13	104
13	105
13	108
13	110
13	111
13	112
13	113
13	114
13	115
13	124
13	125
13	126
13	127
14	7
14	8
14	9
14	11
14	16
14	18
14	19
14	21
14	24
14	26
14	29
14	31
14	32
14	33
14	40
14	41
14	49
14	50
14	52
14	53
14	54
14	56
14	57
14	58
14	59
14	60
14	61
14	64
14	70
14	71
14	72
14	73
14	74
14	75
14	76
14	77
14	79
14	80
14	81
14	87
14	88
14	90
14	92
14	93
14	94
14	96
14	98
14	99
14	100
14	101
14	102
14	103
14	104
14	105
14	106
14	107
14	108
14	109
14	110
14	111
14	115
14	120
14	121
14	122
14	123
15	2
15	7
15	8
15	9
15	12
15	15
15	16
15	19
15	23
15	24
15	25
15	29
15	30
15	33
15	35
15	37
15	38
15	40
15	41
15	49
15	50
15	51
15	52
15	53
15	55
15	58
15	59
15	60
15	61
15	62
15	63
15	64
15	66
15	75
15	76
15	78
15	79
15	80
15	81
15	82
15	84
15	85
15	87
15	88
15	89
15	90
15	95
15	96
15	98
15	99
15	102
15	104
15	105
15	106
15	107
15	110
15	111
15	113
15	117
15	118
15	119
15	120
15	121
15	122
15	123
15	124
16	1
16	2
16	4
16	6
16	7
16	8
16	9
16	10
16	11
16	12
16	14
16	15
16	16
16	22
16	23
16	24
16	25
16	27
16	36
16	41
16	42
16	43
16	45
16	49
16	50
16	51
16	52
16	58
16	59
16	60
16	61
16	62
16	63
16	64
16	65
16	66
16	70
16	71
16	72
16	74
16	76
16	79
16	80
16	81
16	82
16	83
16	84
16	85
16	86
16	87
16	88
16	89
16	90
16	91
16	92
16	95
16	97
16	98
16	99
16	104
16	105
16	106
16	109
16	110
16	111
16	112
16	113
16	114
16	115
16	116
16	117
16	120
16	121
16	122
16	123
17	4
17	6
17	7
17	8
17	10
17	11
17	14
17	15
17	16
17	17
17	22
17	24
17	25
17	26
17	27
17	28
17	33
17	37
17	41
17	43
17	44
17	45
17	46
17	47
17	48
17	51
17	52
17	53
17	54
17	57
17	58
17	59
17	60
17	61
17	62
17	65
17	73
17	74
17	75
17	79
17	80
17	82
17	83
17	85
17	86
17	87
17	89
17	91
17	93
17	94
17	95
17	97
17	98
17	99
17	105
17	110
17	111
17	112
17	113
17	114
17	115
17	116
17	118
17	119
17	121
17	122
18	0
18	1
18	4
18	7
18	10
18	11
18	14
18	16
18	17
18	18
18	21
18	22
18	23
18	24
18	25
18	28
18	33
18	35
18	37
18	38
18	41
18	45
18	47
18	51
18	52
18	53
18	54
18	55
18	57
18	58
18	59
18	60
18	61
18	66
18	70
18	73
18	74
18	81
18	82
18	87
18	88
18	89
18	91
18	92
18	94
18	95
18	97
18	98
18	103
18	108
18	110
18	111
18	112
18	114
18	115
18	116
18	119
18	125
18	126
18	127
19	4
19	5
19	6
19	7
19	10
19	11
19	14
19	15
19	16
19	17
19	18
19	21
19	22
19	23
19	24
19	25
19	28
19	29
19	35
19	36
19	37
19	45
19	52
19	54
19	55
19	57
19	61
19	65
19	66
19	67
19	70
19	71
19	74
19	80
19	81
19	82
19	84
19	85
19	87
19	88
19	89
19	90
19	91
19	92
19	96
19	97
19	98
19	99
19	104
19	110
19	111
19	112
19	113
19	114
19	115
19	116
19	122
19	123
19	126
19	127
20	0
20	1
20	2
20	3
20	4
20	5
20	6
20	7
20	8
20	9
20	10
20	12
20	14
20	15
20	16
20	17
20	18
20	20
20	21
20	22
20	23
20	28
20	29
20	33
20	36
20	40
20	41
20	42
20	45
20	47
20	48
20	51
20	52
20	56
20	62
20	64
20	65
20	66
20	67
20	71
20	73
20	75
20	76
20	83
20	84
20	85
20	86
20	87
20	90
20	91
20	92
20	93
20	94
20	98
20	99
20	100
20	104
20	108
20	109
20	110
20	111
20	112
20	115
20	116
20	118
20	121
20	125
20	126
20	127
21	3
21	4
21	5
21	8
21	9
21	10
21	13
21	14
21	15
21	16
21	17
21	18
21	19
21	20
21	21
21	22
21	23
21	25
21	26
21	27
21	28
21	29
21	30
21	31
21	32
21	33
21	36
21	40
21	41
21	44
21	45
21	47
21	51
21	52
21	54
21	56
21	57
21	58
21	60
21	62
21	64
21	65
21	66
21	68
21	71
21	72
21	73
21	76
21	80
21	83
21	84
21	86
21	88
21	90
21	96
21	99
21	100
21	104
21	105
21	106
21	107
21	109
21	110
21	111
21	116
21	117
21	118
21	125
21	126
21	127
22	0
22	4
22	5
22	10
22	13
22	14
22	15
22	17
22	18
22	22
22	23
22	25
22	26
22	27
22	28
22	29
22	30
22	31
22	34
22	36
22	40
22	43
22	44
22	45
22	50
22	51
22	52
22	54
22	55
22	57
22	58
22	60
22	64
22	65
22	66
22	67
22	68
22	70
22	72
22	73
22	75
22	76
22	77
22	82
22	83
22	84
22	90
22	91
22	93
22	96
22	100
22	103
22	104
22	105
22	106
22	108
22	118
22	124
22	125
22	126
22	127
23	1
23	4
23	5
23	9
23	10
23	11
23	12
23	14
23	15
23	21
23	22
23	26
23	27
23	28
23	29
23	30
23	31
23	32
23	33
23	34
23	35
23	36
23	37
23	38
23	39
23	42
23	43
23	45
23	48
23	49
23	50
23	51
23	53
23	56
23	57
23	58
23	59
23	66
23	71
23	72
23	73
23	74
23	75
23	76
23	77
23	78
23	81
23	82
23	83
23	84
23	85
23	86
23	87
23	90
23	93
23	96
23	100
23	101
23	106
23	117
23	118
23	126
24	0
24	1
24	7
24	10
24	11
24	12
24	13
24	14
24	15
24	21
24	25
24	26
24	27
24	28
24	29
24	30
24	31
24	32
24	33
24	34
24	35
24	36
24	37
24	38
24	39
24	40
24	43
24	48
24	49
24	50
24	52
24	53
24	54
24	56
24	58
24	59
24	60
24	67
24	74
24	76
24	77
24	78
24	81
24	83
24	84
24	85
24	86
24	87
24	91
24	93
24	100
24	101
24	103
24	104
24	105
24	106
24	116
24	117
24	118
24	125
24	126
24	127
25	0
25	1
25	11
25	16
25	19
25	20
25	21
25	22
25	23
25	24
25	25
25	26
25	27
25	28
25	29
25	30
25	31
25	32
25	33
25	34
25	35
25	36
25	37
25	39
25	40
25	43
25	44
25	47
25	48
25	49
25	50
25	51
25	53
25	55
25	58
25	62
25	63
25	64
25	67
25	73
25	74
25	76
25	77
25	78
25	81
25	82
25	83
25	84
25	85
25	86
25	93
25	94
25	95
25	98
25	99
25	100
25	102
25	103
25	104
25	105
25	106
25	107
25	114
25	117
25	118
25	120
25	121
25	127
26	1
26	2
26	4
26	7
26	8
26	11
26	18
26	19
26	20
26	23
26	24
26	25
26	26
26	28
26	30
26	32
26	33
26	35
26	36
26	38
26	39
26	47
26	48
26	51
26	52
26	53
26	54
26	55
26	60
26	62
26	63
26	64
26	65
26	66
26	67
26	68
26	76
26	77
26	78
26	79
26	80
26	81
26	91
26	92
26	93
26	94
26	95
26	96
26	97
26	100
26	101
26	102
26	105
26	106
26	107
26	109
26	110
26	114
26	117
26	120
26	121
26	123
26	124
26	127
27	0
27	1
27	2
27	3
27	4
27	18
27	19
27	20
27	21
27	23
27	24
27	27
27	29
27	30
27	31
27	32
27	33
27	34
27	35
27	36
27	38
27	39
27	40
27	41
27	44
27	45
27	47
27	51
27	52
27	54
27	58
27	59
27	65
27	66
27	67
27	68
27	72
27	76
27	77
27	78
27	79
27	80
27	82
27	83
27	84
27	85
27	86
27	87
27	88
27	90
27	91
27	92
27	93
27	94
27	95
27	96
27	97
27	100
27	101
27	105
27	111
27	113
27	114
27	116
27	117
27	118
27	120
27	121
27	122
27	123
27	124
27	127
28	1
28	2
28	3
28	4
28	5
28	6
28	10
28	17
28	18
28	19
28	21
28	22
28	23
28	24
28	26
28	28
28	33
28	34
28	35
28	36
28	37
28	38
28	40
28	41
28	42
28	46
28	47
28	48
28	49
28	52
28	53
28	56
28	61
28	62
28	63
28	70
28	72
28	75
28	76
28	77
28	78
28	79
28	80
28	81
28	82
28	83
28	84
28	86
28	87
28	88
28	89
28	90
28	91
28	92
28	93
28	95
28	96
28	99
28	101
28	116
28	117
28	118
28	122
28	123
28	124
28	127
29	1
29	2
29	3
29	6
29	9
29	10
29	14
29	15
29	16
29	17
29	18
29	19
29	20
29	22
29	23
29	24
29	30
29	31
29	38
29	40
29	41
29	44
29	48
29	49
29	52
29	53
29	56
29	57
29	61
29	63
29	64
29	67
29	68
29	70
29	71
29	72
29	77
29	83
29	84
29	85
29	86
29	87
29	88
29	90
29	91
29	92
29	93
29	96
29	99
29	102
29	104
29	105
29	112
29	113
29	114
29	115
29	117
29	120
29	121
29	122
29	123
29	125
29	126
29	127
30	4
30	5
30	6
30	9
30	10
30	11
30	12
30	16
30	17
30	18
30	19
30	20
30	21
30	22
30	23
30	24
30	38
30	40
30	41
30	44
30	45
30	46
30	49
30	50
30	59
30	60
30	61
30	63
30	66
30	67
30	71
30	72
30	73
30	74
30	75
30	76
30	77
30	79
30	80
30	81
30	83
30	84
30	85
30	87
30	88
30	89
30	90
30	91
30	104
30	105
30	107
30	108
30	111
30	117
30	119
30	120
30	121
30	122
30	123
30	124
30	125
30	126
31	1
31	2
31	6
31	7
31	8
31	10
31	12
31	16
31	17
31	18
31	19
31	20
31	21
31	22
31	24
31	46
31	47
31	48
31	49
31	50
31	54
31	59
31	62
31	64
31	65
31	67
31	71
31	72
31	73
31	75
31	76
31	77
31	79
31	81
31	82
31	83
31	84
31	85
31	88
31	89
31	91
31	92
31	93
31	97
31	98
31	101
31	111
31	113
31	114
31	115
31	119
31	120
31	121
31	122
31	123
31	124
31	125
32	2
32	6
32	8
32	12
32	14
32	15
32	16
32	17
32	21
32	22
32	23
32	24
32	28
32	31
32	32
32	33
32	34
32	41
32	42
32	43
32	45
32	46
32	47
32	54
32	55
32	57
32	58
32	59
32	63
32	64
32	65
32	71
32	72
32	73
32	75
32	76
32	81
32	82
32	88
32	89
32	90
32	92
32	98
32	100
32	104
32	105
32	113
32	114
32	115
32	117
32	123
32	124
32	127
33	4
33	5
33	11
33	12
33	14
33	21
33	22
33	23
33	24
33	25
33	27
33	32
33	33
33	34
33	36
33	42
33	43
33	44
33	45
33	47
33	51
33	53
33	54
33	55
33	60
33	61
33	63
33	64
33	67
33	68
33	71
33	72
33	73
33	75
33	81
33	82
33	88
33	90
33	92
33	94
33	104
33	105
33	106
33	108
33	118
33	120
33	122
33	123
33	126
33	127
34	0
34	2
34	4
34	7
34	10
34	11
34	12
34	13
34	18
34	21
34	22
34	23
34	24
34	26
34	28
34	35
34	36
34	37
34	38
34	39
34	40
34	42
34	43
34	44
34	45
34	50
34	51
34	52
34	54
34	55
34	59
34	61
34	62
34	63
34	64
34	68
34	73
34	74
34	75
34	81
34	88
34	90
34	92
34	95
34	97
34	103
34	106
34	111
34	113
34	115
34	116
34	121
34	122
34	126
34	127
35	0
35	1
35	2
35	7
35	12
35	13
35	15
35	16
35	17
35	18
35	19
35	20
35	21
35	22
35	25
35	26
35	27
35	28
35	34
35	35
35	36
35	37
35	38
35	40
35	42
35	43
35	44
35	45
35	49
35	54
35	55
35	56
35	61
35	62
35	63
35	64
35	65
35	71
35	72
35	73
35	74
35	75
35	79
35	86
35	91
35	92
35	93
35	94
35	95
35	96
35	97
35	103
35	104
35	106
35	110
35	111
35	112
35	113
35	114
35	115
35	116
35	117
35	118
35	123
35	124
35	125
35	126
35	127
36	0
36	1
36	2
36	5
36	6
36	7
36	11
36	12
36	13
36	14
36	15
36	16
36	19
36	20
36	21
36	25
36	27
36	29
36	30
36	31
36	32
36	33
36	34
36	35
36	36
36	37
36	38
36	39
36	40
36	41
36	43
36	44
36	46
36	47
36	48
36	49
36	53
36	54
36	55
36	56
36	58
36	59
36	60
36	61
36	62
36	63
36	64
36	71
36	74
36	75
36	76
36	77
36	78
36	79
36	81
36	82
36	84
36	85
36	89
36	91
36	94
36	96
36	97
36	98
36	100
36	104
36	105
36	109
36	110
36	112
36	114
36	115
36	119
36	120
36	121
36	123
36	127
37	6
37	7
37	8
37	9
37	11
37	13
37	14
37	15
37	16
37	20
37	21
37	24
37	25
37	26
37	27
37	33
37	35
37	38
37	39
37	40
37	41
37	43
37	44
37	45
37	46
37	48
37	49
37	53
37	54
37	55
37	56
37	57
37	59
37	60
37	61
37	62
37	63
37	66
37	67
37	68
37	70
37	71
37	72
37	73
37	76
37	77
37	78
37	79
37	80
37	84
37	85
37	88
37	91
37	94
37	95
37	96
37	97
37	98
37	99
37	108
37	110
37	113
37	117
37	120
37	121
37	122
37	127
38	3
38	4
38	6
38	7
38	8
38	9
38	10
38	11
38	13
38	14
38	15
38	16
38	17
38	20
38	21
38	24
38	25
38	26
38	29
38	30
38	31
38	32
38	33
38	35
38	39
38	41
38	43
38	44
38	49
38	50
38	56
38	58
38	60
38	61
38	62
38	63
38	66
38	67
38	68
38	69
38	70
38	71
38	72
38	73
38	74
38	75
38	77
38	79
38	84
38	85
38	86
38	88
38	93
38	95
38	96
38	98
38	99
38	100
38	101
38	102
38	105
38	108
38	109
38	113
38	116
38	117
38	118
38	120
38	122
38	124
38	126
38	127
39	2
39	4
39	5
39	6
39	7
39	8
39	9
39	10
39	14
39	15
39	18
39	19
39	22
39	29
39	34
39	35
39	39
39	40
39	41
39	43
39	44
39	45
39	49
39	50
39	56
39	58
39	59
39	61
39	62
39	63
39	66
39	67
39	68
39	72
39	73
39	74
39	79
39	80
39	84
39	85
39	86
39	89
39	90
39	95
39	96
39	97
39	98
39	99
39	100
39	113
39	122
39	123
39	126
39	127
40	4
40	10
40	11
40	12
40	13
40	18
40	19
40	24
40	25
40	28
40	29
40	31
40	34
40	35
40	36
40	37
40	39
40	40
40	41
40	53
40	55
40	56
40	58
40	59
40	60
40	61
40	62
40	64
40	65
40	66
40	68
40	71
40	72
40	73
40	75
40	76
40	80
40	82
40	84
40	86
40	90
40	96
40	98
40	102
40	103
40	107
40	113
40	115
40	116
40	120
40	127
41	4
41	5
41	6
41	7
41	11
41	12
41	17
41	19
41	20
41	28
41	29
41	37
41	41
41	48
41	55
41	56
41	60
41	61
41	72
41	74
41	75
41	82
41	83
41	84
41	85
41	90
41	91
41	92
41	93
41	96
41	98
41	99
41	101
41	105
41	106
41	107
41	110
41	111
41	112
41	113
41	114
41	115
41	116
41	121
41	127
42	1
42	4
42	5
42	8
42	14
42	18
42	19
42	20
42	22
42	23
42	25
42	26
42	27
42	28
42	29
42	30
42	33
42	34
42	35
42	37
42	38
42	46
42	47
42	48
42	49
42	61
42	62
42	63
42	64
42	68
42	71
42	72
42	74
42	75
42	77
42	80
42	82
42	83
42	84
42	90
42	91
42	92
42	93
42	95
42	97
42	98
42	105
42	106
42	107
42	108
42	109
42	110
42	115
42	116
42	117
42	119
42	120
42	121
42	122
42	125
43	0
43	1
43	4
43	5
43	6
43	8
43	9
43	15
43	16
43	17
43	18
43	19
43	20
43	21
43	23
43	24
43	25
43	26
43	27
43	29
43	30
43	31
43	32
43	35
43	37
43	38
43	39
43	44
43	45
43	46
43	47
43	48
43	54
43	57
43	59
43	60
43	61
43	64
43	66
43	71
43	72
43	73
43	74
43	75
43	78
43	79
43	80
43	81
43	82
43	83
43	94
43	95
43	98
43	99
43	106
43	107
43	108
43	109
43	110
43	114
43	117
43	118
43	119
43	120
43	124
43	126
43	127
44	0
44	1
44	5
44	6
44	7
44	8
44	9
44	15
44	16
44	17
44	18
44	24
44	26
44	27
44	31
44	32
44	35
44	36
44	37
44	38
44	39
44	40
44	41
44	43
44	44
44	45
44	46
44	50
44	51
44	54
44	55
44	57
44	59
44	60
44	61
44	65
44	66
44	67
44	72
44	73
44	74
44	76
44	77
44	88
44	90
44	91
44	94
44	95
44	96
44	97
44	98
44	103
44	106
44	107
44	108
44	109
44	110
44	111
44	116
44	117
44	118
44	126
44	127
45	0
45	1
45	4
45	5
45	6
45	7
45	9
45	10
45	14
45	15
45	16
45	20
45	24
45	25
45	32
45	34
45	35
45	36
45	37
45	38
45	39
45	41
45	42
45	43
45	49
45	50
45	51
45	57
45	59
45	60
45	61
45	62
45	72
45	75
45	76
45	85
45	88
45	89
45	90
45	96
45	97
45	98
45	99
45	100
45	101
45	102
45	104
45	105
45	106
45	107
45	110
45	111
45	116
45	117
45	118
45	121
45	126
45	127
46	0
46	2
46	4
46	5
46	7
46	8
46	9
46	10
46	16
46	17
46	19
46	20
46	22
46	26
46	27
46	31
46	35
46	36
46	37
46	38
46	39
46	40
46	42
46	43
46	49
46	50
46	51
46	52
46	53
46	54
46	56
46	59
46	60
46	61
46	70
46	71
46	72
46	73
46	76
46	77
46	78
46	80
46	88
46	89
46	90
46	91
46	98
46	101
46	102
46	104
46	108
46	109
46	110
46	111
46	118
46	119
46	120
46	121
46	126
46	127
47	0
47	1
47	2
47	4
47	7
47	8
47	9
47	15
47	16
47	17
47	18
47	19
47	20
47	21
47	22
47	23
47	24
47	25
47	34
47	37
47	38
47	39
47	40
47	49
47	51
47	52
47	53
47	54
47	55
47	56
47	57
47	58
47	61
47	62
47	63
47	64
47	65
47	70
47	71
47	72
47	74
47	75
47	77
47	78
47	79
47	80
47	81
47	84
47	85
47	88
47	89
47	90
47	91
47	95
47	96
47	97
47	98
47	99
47	104
47	105
47	107
47	108
47	109
47	113
47	118
47	119
47	122
47	125
47	126
47	127
48	0
48	1
48	4
48	6
48	7
48	8
48	9
48	10
48	15
48	16
48	17
48	18
48	19
48	20
48	21
48	22
48	23
48	24
48	25
48	27
48	29
48	31
48	32
48	34
48	36
48	37
48	53
48	54
48	55
48	63
48	64
48	68
48	70
48	71
48	72
48	73
48	74
48	75
48	76
48	77
48	80
48	84
48	85
48	88
48	89
48	90
48	91
48	92
48	94
48	96
48	97
48	98
48	99
48	100
48	105
48	116
48	117
48	118
48	119
48	120
49	0
49	2
49	5
49	6
49	7
49	8
49	9
49	10
49	15
49	16
49	19
49	21
49	22
49	23
49	24
49	25
49	26
49	27
49	33
49	34
49	35
49	36
49	49
49	50
49	51
49	52
49	53
49	54
49	55
49	56
49	63
49	64
49	66
49	68
49	69
49	73
49	74
49	75
49	76
49	77
49	80
49	81
49	82
49	83
49	84
49	85
49	88
49	90
49	91
49	92
49	93
49	94
49	96
49	97
49	98
49	99
49	102
49	111
49	112
49	113
49	116
49	117
49	120
49	121
49	127
50	1
50	3
50	6
50	7
50	12
50	17
50	18
50	21
50	22
50	23
50	25
50	26
50	27
50	30
50	31
50	33
50	34
50	39
50	41
50	50
50	53
50	54
50	57
50	59
50	66
50	68
50	69
50	70
50	71
50	73
50	76
50	77
50	80
50	81
50	85
50	91
50	92
50	93
50	94
50	95
50	96
50	105
50	110
50	111
50	112
50	115
50	116
50	117
50	119
50	120
50	121
50	123
50	124
50	125
50	126
51	0
51	1
51	7
51	16
51	17
51	18
51	19
51	22
51	23
51	24
51	26
51	27
51	31
51	34
51	43
51	47
51	48
51	49
51	51
51	53
51	54
51	56
51	57
51	58
51	59
51	60
51	61
51	64
51	65
51	66
51	67
51	68
51	71
51	74
51	75
51	76
51	78
51	88
51	89
51	92
51	94
51	95
51	96
51	110
51	121
51	122
51	123
51	124
51	125
52	0
52	1
52	2
52	5
52	6
52	7
52	8
52	9
52	10
52	12
52	14
52	15
52	16
52	17
52	18
52	19
52	20
52	21
52	22
52	23
52	24
52	27
52	30
52	42
52	43
52	44
52	45
52	46
52	47
52	48
52	49
52	53
52	56
52	60
52	61
52	62
52	64
52	65
52	66
52	67
52	68
52	71
52	74
52	76
52	77
52	78
52	79
52	89
52	92
52	94
52	95
52	96
52	97
52	105
52	106
52	107
52	110
52	114
52	122
52	123
52	126
52	127
53	0
53	1
53	5
53	6
53	9
53	10
53	14
53	15
53	16
53	17
53	18
53	20
53	22
53	23
53	26
53	27
53	28
53	30
53	34
53	35
53	37
53	43
53	44
53	45
53	46
53	48
53	56
53	65
53	66
53	67
53	72
53	73
53	77
53	78
53	79
53	81
53	82
53	84
53	88
53	89
53	93
53	96
53	97
53	98
53	99
53	102
53	103
53	107
53	110
53	112
53	116
53	117
53	118
53	121
53	123
53	124
53	126
54	0
54	1
54	2
54	4
54	5
54	9
54	10
54	13
54	14
54	15
54	16
54	17
54	19
54	20
54	21
54	22
54	24
54	25
54	26
54	27
54	28
54	29
54	30
54	31
54	32
54	35
54	37
54	44
54	45
54	46
54	47
54	49
54	56
54	57
54	58
54	59
54	60
54	61
54	64
54	65
54	66
54	67
54	68
54	78
54	79
54	83
54	84
54	85
54	86
54	88
54	89
54	93
54	99
54	100
54	101
54	102
54	103
54	104
54	105
54	108
54	110
54	117
54	118
54	119
54	120
54	123
54	124
54	125
54	126
54	127
55	4
55	5
55	9
55	10
55	14
55	15
55	16
55	17
55	18
55	19
55	20
55	21
55	22
55	23
55	25
55	26
55	27
55	28
55	29
55	31
55	35
55	40
55	42
55	44
55	45
55	46
55	47
55	48
55	49
55	51
55	52
55	53
55	56
55	57
55	58
55	59
55	65
55	66
55	71
55	83
55	84
55	85
55	86
55	87
55	93
55	103
55	105
55	106
55	107
55	108
55	117
55	119
55	120
55	125
55	126
55	127
56	2
56	3
56	4
56	5
56	8
56	9
56	13
56	14
56	15
56	16
56	17
56	18
56	21
56	22
56	23
56	28
56	29
56	30
56	31
56	35
56	36
56	37
56	45
56	48
56	52
56	53
56	54
56	55
56	56
56	57
56	59
56	63
56	70
56	71
56	72
56	75
56	76
56	78
56	79
56	80
56	81
56	82
56	83
56	85
56	86
56	88
56	104
56	106
56	107
56	108
56	109
56	110
56	116
56	117
56	120
56	123
56	124
56	126
57	0
57	1
57	2
57	3
57	4
57	5
57	6
57	7
57	8
57	9
57	13
57	14
57	15
57	16
57	17
57	21
57	22
57	23
57	24
57	25
57	26
57	27
57	28
57	29
57	40
57	41
57	46
57	48
57	50
57	53
57	54
57	55
57	58
57	61
57	62
57	64
57	65
57	70
57	71
57	72
57	73
57	74
57	78
57	79
57	80
57	81
57	82
57	83
57	84
57	85
57	86
57	91
57	93
57	95
57	100
57	102
57	103
57	104
57	105
57	106
57	107
57	108
57	109
57	113
57	116
57	122
57	123
57	125
57	126
57	127
58	0
58	1
58	2
58	3
58	4
58	7
58	8
58	10
58	11
58	12
58	13
58	14
58	15
58	17
58	25
58	26
58	27
58	28
58	29
58	30
58	35
58	37
58	38
58	39
58	40
58	41
58	45
58	46
58	49
58	50
58	54
58	58
58	59
58	62
58	76
58	77
58	79
58	81
58	83
58	84
58	85
58	86
58	91
58	92
58	93
58	103
58	104
58	106
58	107
58	116
58	122
58	123
59	0
59	1
59	2
59	3
59	4
59	5
59	7
59	10
59	11
59	12
59	14
59	17
59	18
59	20
59	21
59	22
59	23
59	24
59	25
59	26
59	27
59	28
59	29
59	31
59	33
59	34
59	35
59	36
59	37
59	38
59	41
59	42
59	45
59	46
59	47
59	48
59	49
59	50
59	61
59	62
59	64
59	65
59	71
59	72
59	77
59	82
59	83
59	87
59	89
59	90
59	91
59	92
59	95
59	96
59	98
59	99
59	100
59	103
59	105
59	106
59	107
59	108
59	111
59	112
59	113
59	114
59	115
59	116
59	117
59	122
60	0
60	1
60	2
60	3
60	4
60	7
60	9
60	10
60	11
60	12
60	13
60	14
60	18
60	19
60	20
60	21
60	22
60	23
60	24
60	25
60	26
60	27
60	28
60	29
60	30
60	34
60	35
60	36
60	37
60	38
60	39
60	40
60	41
60	42
60	45
60	46
60	47
60	48
60	51
60	54
60	56
60	57
60	61
60	63
60	64
60	65
60	69
60	71
60	72
60	75
60	76
60	77
60	80
60	81
60	82
60	83
60	84
60	85
60	89
60	93
60	94
60	95
60	99
60	105
60	110
60	111
60	113
60	114
60	115
60	116
60	117
60	120
60	121
60	122
60	123
60	124
60	125
61	2
61	3
61	4
61	7
61	8
61	9
61	10
61	11
61	12
61	13
61	14
61	16
61	17
61	18
61	19
61	20
61	22
61	23
61	24
61	25
61	26
61	29
61	30
61	36
61	37
61	38
61	39
61	40
61	41
61	42
61	43
61	46
61	47
61	48
61	54
61	55
61	56
61	57
61	58
61	59
61	61
61	64
61	65
61	66
61	69
61	70
61	71
61	74
61	75
61	76
61	77
61	80
61	84
61	85
61	86
61	87
61	88
61	89
61	97
61	98
61	99
61	103
61	113
61	117
61	118
61	119
61	120
61	121
61	122
61	124
61	127
62	1
62	2
62	3
62	4
62	6
62	7
62	8
62	10
62	12
62	17
62	18
62	19
62	26
62	36
62	37
62	42
62	43
62	44
62	45
62	46
62	47
62	56
62	57
62	58
62	59
62	60
62	64
62	65
62	66
62	71
62	72
62	73
62	75
62	77
62	80
62	82
62	83
62	91
62	92
62	93
62	106
62	116
62	119
62	120
62	121
62	122
62	123
62	125
62	127
63	0
63	2
63	3
63	4
63	5
63	6
63	7
63	8
63	9
63	10
63	12
63	13
63	17
63	18
63	19
63	31
63	35
63	36
63	40
63	46
63	47
63	48
63	52
63	56
63	57
63	58
63	59
63	63
63	64
63	65
63	66
63	72
63	73
63	75
63	76
63	82
63	83
63	89
63	92
63	97
63	99
63	103
63	106
63	111
63	112
63	115
63	116
63	117
63	119
63	121
63	123
63	125
63	126
63	127
64	3
64	4
64	5
64	8
64	13
64	14
64	15
64	16
64	18
64	19
64	23
64	24
64	31
64	35
64	36
64	42
64	43
64	45
64	46
64	47
64	48
64	49
64	50
64	51
64	52
64	53
64	56
64	57
64	58
64	59
64	63
64	66
64	67
64	69
64	70
64	73
64	74
64	75
64	76
64	77
64	78
64	81
64	82
64	85
64	86
64	88
64	93
64	94
64	99
64	101
64	102
64	106
64	109
64	110
64	113
64	114
64	116
64	120
64	121
64	123
64	124
64	125
64	126
65	3
65	4
65	6
65	9
65	11
65	13
65	14
65	15
65	18
65	19
65	22
65	23
65	24
65	25
65	26
65	27
65	31
65	32
65	35
65	36
65	39
65	42
65	45
65	46
65	50
65	52
65	53
65	54
65	55
65	56
65	57
65	61
65	62
65	65
65	66
65	68
65	72
65	73
65	74
65	75
65	76
65	77
65	81
65	83
65	84
65	85
65	86
65	94
65	101
65	102
65	105
65	108
65	109
65	110
65	111
65	114
65	115
65	116
65	117
65	118
65	120
65	126
66	0
66	2
66	3
66	4
66	12
66	13
66	14
66	15
66	21
66	23
66	24
66	25
66	26
66	27
66	28
66	30
66	31
66	32
66	33
66	35
66	38
66	39
66	40
66	45
66	48
66	49
66	50
66	55
66	57
66	62
66	65
66	66
66	68
66	74
66	75
66	76
66	77
66	81
66	83
66	85
66	90
66	91
66	101
66	105
66	107
66	108
66	109
66	110
66	111
66	112
66	113
66	114
66	115
66	116
66	117
66	118
66	121
66	124
66	125
66	127
67	0
67	1
67	8
67	9
67	10
67	11
67	12
67	13
67	14
67	15
67	16
67	17
67	21
67	26
67	27
67	28
67	32
67	33
67	35
67	36
67	37
67	38
67	39
67	40
67	44
67	48
67	49
67	50
67	53
67	55
67	57
67	60
67	61
67	62
67	67
67	68
67	69
67	70
67	71
67	74
67	75
67	77
67	80
67	82
67	83
67	85
67	86
67	87
67	88
67	89
67	90
67	91
67	95
67	96
67	97
67	98
67	100
67	101
67	102
67	103
67	106
67	107
67	108
67	109
67	110
67	111
67	112
67	114
67	116
67	119
67	121
67	125
68	2
68	3
68	4
68	5
68	9
68	11
68	12
68	13
68	15
68	16
68	17
68	18
68	26
68	28
68	29
68	30
68	31
68	32
68	34
68	35
68	36
68	37
68	40
68	43
68	44
68	45
68	50
68	59
68	60
68	61
68	66
68	67
68	68
68	69
68	70
68	75
68	80
68	82
68	83
68	84
68	85
68	86
68	89
68	90
68	91
68	94
68	99
68	100
68	101
68	102
68	107
68	108
68	109
68	110
68	111
68	114
68	116
68	117
68	118
68	119
68	126
69	0
69	2
69	5
69	6
69	9
69	13
69	15
69	16
69	17
69	18
69	25
69	26
69	27
69	30
69	31
69	32
69	34
69	35
69	36
69	37
69	38
69	39
69	40
69	41
69	43
69	44
69	50
69	57
69	58
69	59
69	60
69	61
69	65
69	66
69	68
69	69
69	70
69	71
69	76
69	77
69	82
69	83
69	84
69	85
69	86
69	89
69	90
69	92
69	93
69	94
69	95
69	98
69	99
69	107
69	108
69	109
69	110
69	111
69	112
69	113
69	114
69	116
69	118
69	120
69	121
69	122
69	123
69	126
70	1
70	2
70	5
70	8
70	14
70	15
70	16
70	18
70	19
70	20
70	22
70	30
70	31
70	32
70	37
70	38
70	39
70	40
70	41
70	43
70	44
70	45
70	50
70	53
70	54
70	57
70	58
70	59
70	60
70	61
70	65
70	66
70	69
70	70
70	71
70	74
70	75
70	76
70	77
70	78
70	79
70	83
70	84
70	85
70	86
70	87
70	88
70	89
70	91
70	92
70	93
70	95
70	96
70	97
70	98
70	99
70	100
70	104
70	107
70	108
70	115
70	116
70	118
70	119
70	121
70	122
70	123
70	126
70	127
71	0
71	1
71	2
71	5
71	8
71	9
71	12
71	14
71	15
71	16
71	25
71	30
71	31
71	32
71	33
71	36
71	43
71	44
71	51
71	53
71	54
71	55
71	56
71	59
71	60
71	61
71	62
71	64
71	66
71	69
71	70
71	74
71	75
71	76
71	77
71	78
71	80
71	81
71	82
71	84
71	85
71	86
71	87
71	88
71	89
71	91
71	92
71	93
71	104
71	108
71	115
71	116
71	117
71	118
71	119
71	120
71	122
71	123
71	126
71	127
72	0
72	1
72	4
72	5
72	6
72	7
72	8
72	11
72	15
72	16
72	21
72	24
72	27
72	28
72	29
72	30
72	31
72	32
72	33
72	34
72	35
72	36
72	39
72	40
72	43
72	44
72	45
72	46
72	47
72	51
72	52
72	53
72	54
72	55
72	56
72	58
72	59
72	60
72	61
72	62
72	63
72	64
72	65
72	66
72	69
72	70
72	71
72	75
72	76
72	77
72	81
72	82
72	83
72	84
72	85
72	88
72	89
72	91
72	92
72	93
72	94
72	95
72	96
72	101
72	103
72	107
72	108
72	116
72	119
72	120
72	121
72	122
72	123
72	124
72	127
73	4
73	5
73	10
73	11
73	21
73	25
73	26
73	27
73	28
73	29
73	30
73	33
73	45
73	46
73	47
73	50
73	51
73	52
73	53
73	54
73	55
73	58
73	60
73	62
73	63
73	64
73	65
73	68
73	69
73	70
73	71
73	73
73	74
73	75
73	76
73	77
73	83
73	84
73	85
73	87
73	88
73	89
73	90
73	91
73	92
73	94
73	96
73	101
73	103
73	106
73	107
73	108
73	109
73	111
73	112
73	115
73	116
73	117
73	120
73	121
73	122
73	123
73	124
73	125
74	4
74	9
74	10
74	11
74	12
74	13
74	15
74	16
74	17
74	25
74	26
74	27
74	28
74	29
74	30
74	31
74	33
74	38
74	39
74	41
74	45
74	46
74	50
74	51
74	52
74	54
74	56
74	57
74	58
74	59
74	60
74	62
74	63
74	64
74	65
74	67
74	68
74	72
74	75
74	76
74	78
74	80
74	83
74	84
74	87
74	88
74	89
74	90
74	91
74	92
74	93
74	94
74	95
74	103
74	105
74	107
74	108
74	109
74	110
74	111
74	112
74	115
74	117
74	118
74	119
74	120
74	121
74	122
74	123
74	124
74	125
75	0
75	3
75	4
75	9
75	10
75	11
75	15
75	16
75	18
75	22
75	23
75	27
75	28
75	29
75	30
75	31
75	32
75	34
75	36
75	38
75	39
75	40
75	41
75	42
75	45
75	49
75	50
75	51
75	52
75	53
75	54
75	55
75	57
75	58
75	62
75	63
75	65
75	66
75	67
75	68
75	71
75	72
75	73
75	76
75	78
75	79
75	80
75	81
75	82
75	90
75	92
75	93
75	94
75	95
75	96
75	104
75	105
75	106
75	107
75	108
75	109
75	110
75	111
75	112
75	113
75	114
75	115
75	116
75	117
75	118
75	120
75	121
75	123
75	124
76	3
76	4
76	5
76	10
76	13
76	14
76	22
76	23
76	24
76	25
76	26
76	27
76	28
76	29
76	34
76	35
76	37
76	38
76	39
76	40
76	41
76	45
76	46
76	47
76	48
76	49
76	50
76	52
76	53
76	54
76	57
76	58
76	59
76	61
76	64
76	65
76	66
76	67
76	68
76	71
76	72
76	73
76	75
76	76
76	77
76	78
76	79
76	80
76	81
76	82
76	83
76	84
76	85
76	87
76	88
76	89
76	94
76	103
76	105
76	106
76	107
76	110
76	111
76	112
76	113
76	114
76	117
76	118
76	119
76	120
76	124
77	0
77	3
77	4
77	5
77	9
77	10
77	12
77	14
77	15
77	19
77	20
77	22
77	23
77	24
77	25
77	28
77	32
77	33
77	34
77	35
77	36
77	37
77	41
77	42
77	46
77	47
77	48
77	49
77	50
77	51
77	52
77	53
77	54
77	55
77	56
77	58
77	59
77	60
77	62
77	63
77	64
77	65
77	66
77	67
77	68
77	69
77	70
77	73
77	74
77	76
77	77
77	78
77	80
77	81
77	83
77	84
77	85
77	87
77	91
77	93
77	94
77	96
77	97
77	103
77	106
77	107
77	112
77	113
77	114
77	115
77	116
77	117
77	118
77	119
77	121
77	122
77	123
78	0
78	1
78	2
78	3
78	4
78	5
78	6
78	9
78	10
78	13
78	19
78	20
78	22
78	23
78	24
78	28
78	31
78	32
78	34
78	35
78	36
78	37
78	41
78	42
78	46
78	47
78	48
78	49
78	51
78	52
78	53
78	54
78	58
78	59
78	60
78	63
78	64
78	67
78	69
78	70
78	71
78	72
78	73
78	74
78	76
78	77
78	78
78	86
78	87
78	88
78	93
78	94
78	96
78	112
78	115
78	116
78	117
78	120
78	121
78	126
79	0
79	1
79	2
79	3
79	4
79	5
79	6
79	8
79	9
79	21
79	24
79	26
79	28
79	29
79	31
79	32
79	33
79	36
79	40
79	41
79	42
79	48
79	49
79	51
79	52
79	53
79	54
79	55
79	56
79	57
79	60
79	63
79	64
79	65
79	66
79	67
79	69
79	70
79	72
79	73
79	74
79	76
79	86
79	87
79	88
79	91
79	92
79	93
79	112
79	115
79	116
79	117
79	121
79	124
79	125
79	127
80	0
80	1
80	2
80	3
80	4
80	11
80	13
80	14
80	15
80	16
80	17
80	24
80	26
80	27
80	28
80	29
80	30
80	31
80	32
80	33
80	34
80	39
80	41
80	42
80	47
80	48
80	49
80	50
80	51
80	52
80	59
80	60
80	63
80	64
80	65
80	66
80	69
80	70
80	71
80	72
80	77
80	78
80	79
80	80
80	82
80	85
80	86
80	87
80	88
80	97
80	98
80	99
80	100
80	106
80	107
80	115
80	116
80	117
80	121
80	122
80	127
81	2
81	3
81	7
81	10
81	12
81	13
81	14
81	15
81	18
81	21
81	27
81	28
81	29
81	30
81	32
81	33
81	35
81	37
81	41
81	42
81	43
81	45
81	47
81	48
81	49
81	50
81	51
81	52
81	53
81	54
81	59
81	61
81	62
81	63
81	64
81	65
81	66
81	67
81	68
81	69
81	70
81	71
81	75
81	77
81	80
81	81
81	82
81	83
81	85
81	87
81	95
81	96
81	98
81	99
81	100
81	110
81	111
81	113
81	115
81	116
81	117
82	2
82	3
82	4
82	13
82	14
82	17
82	18
82	19
82	21
82	38
82	41
82	42
82	43
82	44
82	49
82	50
82	52
82	53
82	54
82	59
82	61
82	62
82	63
82	64
82	65
82	66
82	67
82	68
82	69
82	70
82	71
82	74
82	75
82	77
82	78
82	80
82	81
82	82
82	83
82	88
82	89
82	90
82	93
82	95
82	100
82	104
82	110
82	111
82	114
82	115
82	116
82	117
82	118
82	119
82	126
82	127
83	3
83	4
83	6
83	7
83	11
83	19
83	20
83	24
83	25
83	26
83	27
83	35
83	36
83	41
83	43
83	51
83	52
83	54
83	60
83	61
83	62
83	63
83	65
83	66
83	67
83	68
83	69
83	70
83	71
83	78
83	79
83	83
83	88
83	89
83	90
83	93
83	94
83	109
83	110
83	111
83	113
83	114
83	117
83	118
83	119
83	120
83	121
83	122
83	124
84	0
84	1
84	3
84	4
84	9
84	10
84	11
84	12
84	14
84	15
84	18
84	20
84	21
84	26
84	32
84	33
84	34
84	36
84	39
84	43
84	46
84	50
84	51
84	53
84	54
84	57
84	58
84	59
84	60
84	63
84	65
84	66
84	68
84	69
84	70
84	75
84	79
84	81
84	84
84	88
84	89
84	90
84	92
84	93
84	94
84	95
84	96
84	97
84	99
84	112
84	113
84	114
84	115
84	116
84	119
84	122
84	123
84	124
84	126
85	0
85	1
85	3
85	4
85	8
85	11
85	12
85	13
85	14
85	18
85	19
85	20
85	27
85	28
85	35
85	36
85	37
85	38
85	39
85	40
85	43
85	44
85	45
85	48
85	49
85	53
85	58
85	62
85	63
85	64
85	65
85	66
85	68
85	71
85	75
85	76
85	77
85	79
85	80
85	81
85	82
85	89
85	93
85	97
85	102
85	110
85	112
85	113
85	114
85	115
85	116
85	121
85	122
85	123
85	127
86	0
86	1
86	3
86	4
86	5
86	6
86	7
86	8
86	9
86	15
86	16
86	17
86	18
86	19
86	20
86	21
86	22
86	23
86	24
86	32
86	33
86	34
86	35
86	36
86	37
86	39
86	40
86	44
86	45
86	48
86	60
86	62
86	64
86	67
86	68
86	71
86	75
86	76
86	77
86	80
86	81
86	83
86	85
86	87
86	88
86	90
86	93
86	95
86	96
86	97
86	98
86	99
86	102
86	105
86	106
86	109
86	110
86	111
86	112
86	113
86	114
86	116
86	120
86	121
86	122
86	123
86	124
86	125
86	126
86	127
87	3
87	6
87	7
87	8
87	15
87	16
87	17
87	18
87	30
87	33
87	34
87	35
87	36
87	37
87	47
87	48
87	51
87	60
87	63
87	64
87	67
87	68
87	70
87	71
87	72
87	77
87	78
87	80
87	81
87	83
87	84
87	86
87	87
87	88
87	93
87	94
87	95
87	96
87	97
87	98
87	99
87	105
87	106
87	107
87	108
87	111
87	113
87	120
87	122
87	123
87	126
87	127
88	5
88	8
88	9
88	16
88	21
88	22
88	28
88	30
88	31
88	32
88	33
88	36
88	37
88	38
88	42
88	43
88	49
88	54
88	55
88	56
88	57
88	62
88	63
88	65
88	66
88	67
88	68
88	72
88	73
88	74
88	77
88	79
88	80
88	81
88	83
88	86
88	87
88	88
88	89
88	93
88	94
88	95
88	96
88	97
88	98
88	99
88	108
88	110
88	113
88	117
88	118
88	119
88	121
89	3
89	4
89	5
89	6
89	9
89	18
89	19
89	20
89	22
89	23
89	24
89	28
89	29
89	30
89	32
89	33
89	37
89	39
89	41
89	43
89	45
89	46
89	47
89	48
89	49
89	52
89	55
89	56
89	57
89	62
89	66
89	67
89	73
89	74
89	75
89	76
89	79
89	80
89	81
89	82
89	83
89	86
89	87
89	88
89	89
89	94
89	95
89	96
89	97
89	98
89	99
89	102
89	103
89	106
89	107
89	108
89	113
89	115
89	117
89	118
89	119
89	122
89	123
90	3
90	4
90	7
90	8
90	13
90	17
90	18
90	19
90	20
90	22
90	23
90	30
90	31
90	32
90	33
90	34
90	35
90	43
90	44
90	46
90	47
90	48
90	51
90	52
90	53
90	54
90	55
90	57
90	58
90	62
90	63
90	67
90	69
90	73
90	75
90	77
90	81
90	82
90	83
90	87
90	88
90	89
90	91
90	97
90	101
90	102
90	105
90	110
90	111
90	114
90	115
90	116
90	117
90	118
90	125
91	3
91	4
91	5
91	9
91	12
91	13
91	16
91	17
91	18
91	19
91	20
91	21
91	22
91	23
91	28
91	29
91	30
91	31
91	32
91	34
91	35
91	38
91	44
91	45
91	46
91	47
91	48
91	49
91	50
91	51
91	52
91	53
91	57
91	58
91	59
91	61
91	62
91	63
91	64
91	65
91	68
91	69
91	74
91	75
91	82
91	86
91	87
91	88
91	89
91	90
91	91
91	92
91	93
91	96
91	97
91	98
91	99
91	100
91	101
91	102
91	105
91	108
91	109
91	110
91	111
91	112
91	114
91	115
91	116
91	117
91	122
91	126
92	2
92	3
92	10
92	12
92	14
92	15
92	16
92	18
92	21
92	27
92	28
92	29
92	30
92	31
92	34
92	35
92	44
92	49
92	50
92	55
92	56
92	57
92	58
92	59
92	61
92	62
92	67
92	68
92	72
92	73
92	74
92	75
92	80
92	87
92	88
92	89
92	98
92	99
92	100
92	101
92	102
92	105
92	108
92	109
92	110
92	116
92	117
92	118
92	120
92	122
92	123
92	124
92	125
93	0
93	1
93	2
93	5
93	6
93	11
93	15
93	16
93	17
93	19
93	20
93	21
93	23
93	26
93	27
93	28
93	29
93	30
93	31
93	32
93	34
93	35
93	44
93	47
93	49
93	50
93	55
93	56
93	57
93	59
93	60
93	61
93	62
93	64
93	65
93	70
93	71
93	72
93	73
93	80
93	85
93	86
93	87
93	88
93	89
93	90
93	91
93	96
93	97
93	98
93	105
93	114
93	115
93	116
93	117
93	118
93	119
93	121
93	122
93	123
94	1
94	2
94	3
94	4
94	5
94	11
94	13
94	14
94	15
94	16
94	17
94	19
94	20
94	21
94	22
94	27
94	28
94	32
94	33
94	44
94	46
94	47
94	48
94	50
94	51
94	52
94	60
94	62
94	63
94	64
94	65
94	66
94	67
94	68
94	69
94	71
94	72
94	73
94	74
94	78
94	80
94	81
94	85
94	86
94	87
94	88
94	90
94	91
94	92
94	93
94	94
94	102
94	103
94	115
94	116
94	118
94	119
94	121
94	122
94	123
94	127
95	1
95	6
95	7
95	8
95	11
95	12
95	14
95	15
95	17
95	20
95	21
95	27
95	28
95	31
95	32
95	33
95	34
95	37
95	38
95	39
95	44
95	45
95	46
95	47
95	48
95	49
95	50
95	51
95	61
95	62
95	65
95	66
95	72
95	78
95	80
95	81
95	83
95	84
95	85
95	87
95	90
95	91
95	92
95	93
95	100
95	105
95	106
95	110
95	111
95	112
95	113
95	114
95	115
95	117
95	118
95	120
95	121
95	122
95	127
96	1
96	4
96	5
96	6
96	7
96	8
96	9
96	11
96	17
96	19
96	20
96	22
96	23
96	24
96	25
96	26
96	30
96	31
96	32
96	33
96	34
96	35
96	38
96	39
96	44
96	45
96	46
96	48
96	50
96	60
96	72
96	73
96	74
96	75
96	76
96	78
96	79
96	82
96	84
96	87
96	90
96	92
96	93
96	96
96	97
96	98
96	100
96	101
96	106
96	109
96	110
96	111
96	114
96	115
96	117
96	118
96	119
96	120
96	121
96	122
96	123
96	126
96	127
97	0
97	6
97	7
97	8
97	9
97	10
97	11
97	15
97	17
97	18
97	22
97	23
97	24
97	25
97	27
97	28
97	30
97	31
97	32
97	33
97	34
97	35
97	37
97	38
97	39
97	42
97	44
97	47
97	48
97	49
97	50
97	56
97	57
97	59
97	60
97	65
97	66
97	67
97	74
97	75
97	76
97	82
97	83
97	92
97	94
97	96
97	97
97	98
97	99
97	100
97	101
97	109
97	110
97	113
97	114
97	120
97	121
97	124
97	126
98	2
98	3
98	6
98	8
98	9
98	10
98	17
98	18
98	19
98	20
98	21
98	22
98	23
98	24
98	25
98	27
98	28
98	37
98	40
98	46
98	47
98	48
98	49
98	50
98	51
98	53
98	54
98	56
98	57
98	58
98	59
98	60
98	61
98	64
98	65
98	66
98	74
98	75
98	76
98	77
98	80
98	82
98	83
98	87
98	88
98	93
98	94
98	98
98	99
98	100
98	101
98	104
98	109
98	111
98	113
98	118
98	119
98	120
98	121
98	122
98	124
98	125
98	126
99	1
99	2
99	3
99	4
99	5
99	6
99	7
99	8
99	9
99	13
99	14
99	15
99	16
99	17
99	18
99	19
99	20
99	21
99	22
99	23
99	24
99	25
99	26
99	27
99	28
99	31
99	37
99	38
99	41
99	42
99	47
99	48
99	56
99	58
99	61
99	62
99	63
99	64
99	65
99	66
99	67
99	68
99	73
99	74
99	78
99	79
99	80
99	81
99	83
99	84
99	88
99	89
99	93
99	97
99	100
99	101
99	102
99	103
99	104
99	112
99	113
99	114
99	115
99	116
99	117
99	118
99	119
99	120
99	121
99	123
99	126
99	127
100	0
100	1
100	2
100	3
100	4
100	5
100	6
100	12
100	13
100	14
100	16
100	17
100	19
100	20
100	24
100	25
100	26
100	27
100	30
100	33
100	34
100	35
100	37
100	38
100	41
100	42
100	48
100	49
100	51
100	53
100	54
100	58
100	63
100	64
100	65
100	71
100	73
100	81
100	82
100	83
100	84
100	85
100	88
100	89
100	90
100	95
100	96
100	98
100	101
100	102
100	112
100	113
100	114
100	115
100	116
100	117
100	118
100	119
100	120
100	123
100	125
100	126
100	127
101	0
101	3
101	4
101	12
101	16
101	19
101	20
101	21
101	24
101	25
101	26
101	27
101	29
101	30
101	31
101	32
101	35
101	37
101	38
101	40
101	41
101	42
101	48
101	50
101	52
101	53
101	54
101	55
101	56
101	58
101	59
101	61
101	62
101	63
101	69
101	70
101	71
101	72
101	73
101	74
101	75
101	83
101	85
101	86
101	88
101	93
101	95
101	96
101	97
101	110
101	111
101	112
101	113
101	116
101	117
101	118
101	119
101	120
101	121
101	122
101	123
101	124
101	125
101	127
102	0
102	1
102	9
102	10
102	11
102	12
102	13
102	14
102	15
102	21
102	26
102	27
102	28
102	32
102	34
102	37
102	38
102	40
102	41
102	42
102	49
102	50
102	51
102	55
102	57
102	58
102	59
102	61
102	64
102	67
102	68
102	69
102	70
102	71
102	72
102	75
102	80
102	85
102	86
102	88
102	92
102	100
102	106
102	107
102	111
102	112
102	113
102	118
102	119
102	120
102	121
102	122
102	125
102	127
103	0
103	5
103	7
103	10
103	12
103	13
103	18
103	19
103	24
103	26
103	27
103	32
103	33
103	34
103	37
103	38
103	40
103	41
103	42
103	48
103	50
103	51
103	52
103	53
103	57
103	58
103	59
103	62
103	63
103	64
103	65
103	67
103	80
103	81
103	82
103	83
103	84
103	85
103	86
103	87
103	91
103	92
103	95
103	100
103	104
103	106
103	113
103	117
103	118
103	119
103	120
103	121
103	122
103	125
104	0
104	1
104	2
104	3
104	4
104	8
104	19
104	23
104	24
104	25
104	28
104	29
104	30
104	31
104	32
104	33
104	34
104	36
104	41
104	42
104	44
104	45
104	48
104	49
104	50
104	51
104	53
104	63
104	64
104	65
104	71
104	73
104	74
104	82
104	83
104	84
104	85
104	86
104	87
104	88
104	92
104	93
104	95
104	100
104	101
104	103
104	104
104	105
104	106
104	112
104	116
104	117
104	118
104	119
104	120
104	121
104	122
104	123
104	124
104	125
104	126
105	0
105	1
105	2
105	3
105	4
105	5
105	8
105	9
105	10
105	11
105	14
105	15
105	18
105	19
105	20
105	23
105	27
105	28
105	29
105	30
105	31
105	32
105	33
105	34
105	35
105	36
105	39
105	40
105	47
105	49
105	50
105	51
105	52
105	53
105	55
105	57
105	59
105	60
105	61
105	62
105	63
105	64
105	71
105	73
105	74
105	75
105	76
105	80
105	81
105	82
105	83
105	85
105	86
105	87
105	89
105	90
105	92
105	96
105	97
105	99
105	100
105	101
105	102
105	103
105	104
105	107
105	111
105	112
105	119
105	120
105	121
105	122
105	123
105	125
105	126
106	0
106	3
106	4
106	7
106	8
106	9
106	14
106	15
106	18
106	19
106	20
106	21
106	23
106	27
106	28
106	29
106	30
106	32
106	33
106	36
106	39
106	40
106	46
106	47
106	52
106	55
106	56
106	72
106	73
106	74
106	75
106	78
106	79
106	80
106	81
106	82
106	83
106	84
106	85
106	87
106	88
106	89
106	90
106	91
106	92
106	96
106	97
106	98
106	100
106	101
106	102
106	103
106	104
106	112
106	117
106	120
106	121
106	122
106	123
106	124
106	127
107	0
107	6
107	7
107	14
107	15
107	16
107	17
107	18
107	19
107	20
107	23
107	27
107	28
107	33
107	34
107	36
107	37
107	44
107	45
107	46
107	47
107	51
107	52
107	54
107	55
107	66
107	67
107	72
107	74
107	78
107	79
107	80
107	81
107	82
107	83
107	84
107	85
107	86
107	87
107	88
107	90
107	91
107	92
107	94
107	97
107	98
107	100
107	102
107	103
107	104
107	116
107	117
107	118
107	122
107	123
107	125
107	126
107	127
108	3
108	4
108	8
108	9
108	14
108	15
108	16
108	17
108	18
108	19
108	20
108	23
108	26
108	27
108	31
108	34
108	35
108	36
108	37
108	38
108	43
108	44
108	45
108	46
108	54
108	55
108	56
108	57
108	58
108	59
108	64
108	65
108	66
108	67
108	72
108	74
108	76
108	77
108	78
108	79
108	80
108	81
108	82
108	83
108	85
108	86
108	87
108	88
108	90
108	91
108	92
108	94
108	96
108	98
108	99
108	100
108	103
108	104
108	105
108	106
108	108
108	109
108	115
108	118
108	121
108	126
108	127
109	8
109	15
109	16
109	17
109	18
109	19
109	20
109	23
109	25
109	27
109	28
109	31
109	32
109	33
109	34
109	36
109	37
109	40
109	41
109	42
109	43
109	45
109	49
109	50
109	51
109	54
109	55
109	56
109	57
109	58
109	61
109	67
109	68
109	69
109	70
109	71
109	72
109	73
109	74
109	75
109	76
109	77
109	78
109	79
109	80
109	82
109	83
109	84
109	85
109	86
109	87
109	90
109	91
109	93
109	94
109	95
109	96
109	97
109	98
109	99
109	100
109	101
109	104
109	105
109	106
109	127
110	0
110	1
110	3
110	8
110	14
110	15
110	16
110	18
110	19
110	21
110	22
110	23
110	24
110	25
110	27
110	29
110	30
110	31
110	32
110	33
110	40
110	41
110	42
110	43
110	44
110	45
110	46
110	49
110	53
110	56
110	57
110	58
110	64
110	65
110	67
110	68
110	69
110	70
110	71
110	72
110	76
110	78
110	81
110	82
110	83
110	86
110	87
110	90
110	91
110	92
110	97
110	99
110	100
110	105
110	106
110	108
110	112
110	113
110	119
110	121
110	123
110	124
110	125
110	126
111	1
111	4
111	10
111	14
111	15
111	16
111	17
111	18
111	19
111	20
111	23
111	24
111	25
111	28
111	30
111	31
111	32
111	33
111	34
111	38
111	41
111	42
111	43
111	50
111	51
111	52
111	53
111	56
111	57
111	58
111	59
111	63
111	65
111	68
111	69
111	71
111	72
111	74
111	79
111	82
111	86
111	87
111	88
111	89
111	90
111	91
111	94
111	96
111	97
111	98
111	100
111	101
111	102
111	104
111	105
111	106
111	108
111	109
111	113
111	118
111	121
111	122
111	123
111	124
111	125
111	127
112	1
112	4
112	5
112	9
112	10
112	11
112	14
112	15
112	18
112	19
112	20
112	25
112	26
112	28
112	29
112	31
112	33
112	34
112	35
112	36
112	38
112	42
112	43
112	44
112	45
112	50
112	51
112	53
112	57
112	58
112	59
112	60
112	64
112	65
112	72
112	73
112	74
112	76
112	77
112	78
112	79
112	80
112	81
112	82
112	85
112	86
112	87
112	89
112	90
112	93
112	97
112	98
112	104
112	108
112	109
112	110
112	112
112	113
112	118
112	122
112	123
113	1
113	6
113	8
113	9
113	16
113	17
113	18
113	19
113	23
113	24
113	25
113	26
113	30
113	31
113	32
113	33
113	34
113	36
113	37
113	38
113	39
113	40
113	42
113	43
113	50
113	51
113	52
113	53
113	54
113	55
113	58
113	59
113	60
113	62
113	65
113	66
113	68
113	73
113	74
113	78
113	79
113	80
113	81
113	82
113	99
113	104
113	109
113	112
113	113
113	118
113	120
113	121
113	123
114	0
114	3
114	6
114	7
114	8
114	9
114	16
114	17
114	18
114	19
114	24
114	25
114	26
114	29
114	30
114	31
114	32
114	33
114	35
114	37
114	38
114	39
114	40
114	41
114	42
114	49
114	50
114	51
114	52
114	54
114	56
114	60
114	62
114	63
114	66
114	67
114	68
114	69
114	73
114	74
114	75
114	80
114	81
114	82
114	84
114	86
114	87
114	89
114	90
114	91
114	92
114	93
114	94
114	95
114	107
114	118
114	119
114	121
114	123
114	124
114	125
115	8
115	9
115	18
115	22
115	27
115	28
115	29
115	30
115	31
115	32
115	34
115	35
115	37
115	49
115	50
115	55
115	59
115	60
115	61
115	63
115	66
115	67
115	69
115	79
115	80
115	81
115	82
115	83
115	92
115	93
115	94
115	95
115	107
115	108
115	109
115	110
115	111
115	115
115	118
115	119
115	120
115	121
115	123
115	124
115	125
115	126
116	0
116	1
116	6
116	7
116	8
116	9
116	15
116	16
116	17
116	18
116	19
116	20
116	21
116	27
116	28
116	29
116	30
116	31
116	34
116	37
116	48
116	52
116	53
116	57
116	58
116	59
116	61
116	62
116	69
116	70
116	78
116	79
116	82
116	83
116	92
116	95
116	100
116	109
116	110
116	111
116	112
116	113
116	114
116	115
116	116
116	117
116	118
116	119
116	120
116	121
116	123
116	124
116	125
116	126
116	127
117	0
117	1
117	2
117	5
117	8
117	9
117	14
117	15
117	16
117	18
117	19
117	20
117	28
117	29
117	30
117	31
117	32
117	33
117	34
117	37
117	38
117	44
117	45
117	46
117	47
117	50
117	51
117	52
117	57
117	60
117	61
117	62
117	63
117	64
117	65
117	69
117	70
117	73
117	74
117	78
117	79
117	80
117	81
117	82
117	83
117	92
117	95
117	97
117	99
117	100
117	101
117	103
117	104
117	105
117	106
117	111
117	112
117	113
117	114
117	115
117	116
117	117
117	119
117	120
117	124
117	125
117	126
118	0
118	1
118	2
118	9
118	12
118	13
118	14
118	15
118	16
118	18
118	19
118	24
118	26
118	28
118	29
118	30
118	31
118	32
118	33
118	34
118	36
118	37
118	38
118	39
118	40
118	41
118	42
118	46
118	47
118	48
118	50
118	51
118	52
118	53
118	54
118	55
118	56
118	61
118	62
118	63
118	64
118	65
118	66
118	69
118	71
118	75
118	76
118	77
118	78
118	79
118	80
118	81
118	85
118	86
118	87
118	92
118	93
118	94
118	95
118	96
118	97
118	100
118	101
118	102
118	104
118	105
118	106
118	107
118	113
118	114
118	115
118	116
118	119
118	120
118	121
118	123
118	124
118	126
118	127
119	5
119	6
119	7
119	8
119	9
119	12
119	14
119	17
119	18
119	19
119	22
119	23
119	26
119	27
119	28
119	29
119	30
119	31
119	32
119	33
119	35
119	36
119	37
119	38
119	39
119	40
119	42
119	44
119	46
119	47
119	48
119	49
119	50
119	51
119	53
119	54
119	56
119	57
119	60
119	63
119	64
119	65
119	66
119	67
119	69
119	70
119	73
119	75
119	76
119	77
119	78
119	79
119	80
119	81
119	86
119	87
119	89
119	94
119	95
119	96
119	97
119	98
119	100
119	101
119	102
119	104
119	106
119	107
119	112
119	113
119	114
119	115
119	120
119	121
119	122
119	123
119	124
119	126
119	127
120	0
120	3
120	5
120	9
120	16
120	19
120	20
120	22
120	23
120	24
120	26
120	28
120	32
120	33
120	34
120	35
120	39
120	40
120	41
120	43
120	46
120	48
120	50
120	51
120	53
120	54
120	57
120	60
120	65
120	73
120	75
120	76
120	77
120	79
120	80
120	86
120	87
120	88
120	93
120	94
120	95
120	96
120	97
120	98
120	102
120	103
120	105
120	106
120	108
120	110
120	111
120	112
120	118
120	123
120	124
120	126
120	127
121	2
121	3
121	4
121	9
121	10
121	11
121	12
121	14
121	18
121	20
121	22
121	26
121	27
121	28
121	29
121	30
121	32
121	35
121	36
121	40
121	42
121	43
121	48
121	51
121	53
121	55
121	56
121	57
121	62
121	63
121	64
121	70
121	71
121	73
121	74
121	75
121	77
121	78
121	85
121	87
121	91
121	94
121	96
121	97
121	98
121	103
121	105
121	106
121	109
121	110
121	111
121	114
121	115
121	118
121	119
121	121
121	124
121	126
122	0
122	1
122	2
122	3
122	4
122	6
122	10
122	11
122	12
122	13
122	16
122	17
122	20
122	22
122	24
122	25
122	27
122	28
122	29
122	30
122	31
122	33
122	34
122	41
122	42
122	44
122	45
122	49
122	51
122	52
122	53
122	55
122	56
122	57
122	58
122	59
122	60
122	61
122	62
122	63
122	64
122	69
122	70
122	71
122	74
122	75
122	76
122	80
122	81
122	82
122	85
122	88
122	89
122	90
122	91
122	93
122	94
122	96
122	97
122	98
122	99
122	105
122	107
122	108
122	109
122	116
122	117
122	118
122	119
123	5
123	6
123	7
123	9
123	10
123	11
123	14
123	17
123	18
123	19
123	20
123	21
123	22
123	23
123	24
123	25
123	27
123	28
123	29
123	30
123	31
123	32
123	33
123	34
123	38
123	42
123	44
123	45
123	46
123	49
123	50
123	51
123	53
123	54
123	55
123	56
123	58
123	59
123	60
123	61
123	64
123	67
123	69
123	73
123	74
123	75
123	78
123	80
123	81
123	85
123	87
123	88
123	89
123	90
123	91
123	93
123	98
123	99
123	100
123	104
123	105
123	106
123	107
123	108
123	109
123	110
123	116
123	117
123	118
123	119
123	120
124	5
124	6
124	7
124	9
124	10
124	11
124	12
124	14
124	15
124	17
124	18
124	19
124	20
124	21
124	22
124	27
124	28
124	29
124	31
124	32
124	33
124	34
124	35
124	36
124	37
124	38
124	44
124	53
124	54
124	55
124	56
124	60
124	61
124	63
124	64
124	65
124	67
124	71
124	72
124	73
124	74
124	75
124	80
124	81
124	87
124	88
124	89
124	90
124	93
124	94
124	95
124	96
124	97
124	99
124	100
124	101
124	102
124	103
124	104
124	105
124	107
124	108
124	109
124	110
124	117
124	118
124	119
125	5
125	6
125	7
125	8
125	9
125	10
125	11
125	12
125	13
125	14
125	16
125	17
125	18
125	19
125	20
125	21
125	22
125	23
125	28
125	29
125	30
125	32
125	33
125	34
125	35
125	36
125	38
125	42
125	43
125	44
125	45
125	47
125	53
125	58
125	59
125	64
125	65
125	69
125	73
125	74
125	75
125	76
125	79
125	80
125	85
125	86
125	87
125	88
125	89
125	90
125	91
125	92
125	93
125	94
125	95
125	96
125	97
125	99
125	100
125	102
125	103
125	104
125	105
125	106
125	107
125	108
125	109
125	110
125	112
125	113
125	114
125	115
125	116
125	117
125	118
126	5
126	6
126	7
126	8
126	9
126	10
126	13
126	16
126	17
126	18
126	19
126	20
126	21
126	23
126	24
126	26
126	27
126	28
126	29
126	30
126	31
126	32
126	33
126	34
126	35
126	36
126	38
126	39
126	40
126	41
126	42
126	44
126	52
126	53
126	54
126	60
126	61
126	62
126	63
126	64
126	65
126	67
126	68
126	69
126	70
126	73
126	74
126	75
126	76
126	77
126	78
126	84
126	85
126	89
126	90
126	91
126	101
126	102
126	103
126	104
126	105
126	106
126	107
126	108
126	109
126	110
126	115
126	116
126	124
126	125
127	0
127	3
127	4
127	5
127	7
127	8
127	9
127	11
127	14
127	18
127	19
127	20
127	21
127	22
127	26
127	27
127	28
127	30
127	31
127	33
127	34
127	35
127	36
127	38
127	40
127	41
127	50
127	52
127	53
127	54
127	55
127	58
127	59
127	60
127	61
127	62
127	63
127	64
127	65
127	67
127	68
127	69
127	70
127	72
127	73
127	76
127	78
127	79
127	80
127	86
127	89
127	90
127	94
127	95
127	96
127	98
127	101
127	102
127	103
127	104
127	105
127	106
127	107
127	108
127	109
127	110
127	111
127	112
127	113
127	114
127	115
127	116
127	122
127	124
127	125
