size	128
T	2.5
J	1
H	0
x	y
0	0
0	1
0	3
0	12
0	13
0	14
0	15
0	16
0	18
0	21
0	22
0	23
0	24
0	25
0	26
0	27
0	33
0	42
0	43
0	44
0	45
0	46
0	54
0	55
0	56
0	57
0	63
0	64
0	66
0	67
0	68
0	69
0	71
0	72
0	73
0	75
0	76
0	81
0	82
0	83
0	86
0	94
0	95
0	103
0	104
0	117
0	118
0	120
0	121
0	123
0	124
0	125
0	126
0	127
1	0
1	1
1	2
1	6
1	7
1	11
1	12
1	13
1	14
1	15
1	16
1	18
1	25
1	27
1	33
1	36
1	37
1	40
1	42
1	43
1	44
1	45
1	46
1	52
1	53
1	54
1	55
1	56
1	57
1	58
1	63
1	64
1	66
1	67
1	68
1	71
1	75
1	76
1	81
1	82
1	83
1	85
1	95
1	118
1	120
1	121
1	127
2	0
2	1
2	2
2	3
2	4
2	5
2	6
2	7
2	8
2	9
2	10
2	11
2	12
2	13
2	14
2	15
2	16
2	17
2	24
2	25
2	36
2	39
2	40
2	41
2	43
2	46
2	53
2	54
2	55
2	56
2	57
2	58
2	64
2	65
2	66
2	67
2	68
2	69
2	70
2	71
2	81
2	82
2	83
2	85
2	108
2	112
2	118
2	121
2	122
2	126
2	127
3	0
3	1
3	2
3	3
3	4
3	5
3	6
3	7
3	8
3	9
3	10
3	11
3	12
3	13
3	14
3	15
3	16
3	17
3	24
3	25
3	26
3	33
3	34
3	35
3	36
3	38
3	39
3	40
3	41
3	42
3	43
3	53
3	54
3	55
3	56
3	57
3	58
3	60
3	62
3	65
3	66
3	67
3	68
3	69
3	70
3	82
3	83
3	84
3	85
3	118
3	121
3	122
3	126
3	127
4	0
4	1
4	2
4	3
4	4
4	5
4	6
4	7
4	8
4	9
4	10
4	11
4	12
4	13
4	14
4	15
4	16
4	19
4	20
4	24
4	25
4	26
4	34
4	35
4	38
4	39
4	40
4	41
4	42
4	53
4	54
4	55
4	56
4	57
4	59
4	60
4	61
4	62
4	66
4	70
4	71
4	79
4	80
4	82
4	84
4	85
4	98
4	99
4	102
4	107
4	109
4	127
5	2
5	4
5	5
5	6
5	7
5	8
5	9
5	11
5	12
5	13
5	14
5	15
5	16
5	29
5	30
5	31
5	32
5	33
5	34
5	35
5	36
5	37
5	39
5	40
5	41
5	42
5	43
5	46
5	49
5	50
5	53
5	54
5	55
5	56
5	57
5	60
5	61
5	63
5	72
5	73
5	74
5	79
5	80
5	82
5	83
5	84
5	85
5	86
5	92
5	117
5	118
5	121
5	126
5	127
6	2
6	3
6	4
6	5
6	6
6	7
6	8
6	9
6	10
6	11
6	12
6	13
6	14
6	15
6	29
6	31
6	32
6	34
6	35
6	36
6	37
6	40
6	41
6	42
6	43
6	44
6	46
6	47
6	48
6	49
6	50
6	54
6	55
6	56
6	57
6	58
6	59
6	60
6	65
6	69
6	73
6	81
6	82
6	83
6	84
6	85
6	86
6	87
6	92
6	93
6	101
6	109
6	115
6	116
6	117
6	118
6	121
6	126
6	127
7	0
7	2
7	3
7	4
7	5
7	6
7	7
7	8
7	9
7	10
7	11
7	12
7	13
7	14
7	15
7	16
7	17
7	31
7	32
7	33
7	34
7	35
7	36
7	37
7	40
7	46
7	47
7	48
7	49
7	50
7	54
7	55
7	56
7	57
7	58
7	59
7	65
7	75
7	80
7	81
7	82
7	84
7	85
7	86
7	87
7	88
7	89
7	92
7	103
7	104
7	107
7	108
7	116
7	117
7	124
7	125
7	126
7	127
8	0
8	1
8	2
8	3
8	4
8	8
8	9
8	10
8	11
8	12
8	13
8	14
8	16
8	17
8	33
8	34
8	35
8	36
8	37
8	45
8	46
8	47
8	48
8	54
8	55
8	56
8	57
8	58
8	73
8	74
8	75
8	76
8	77
8	84
8	86
8	87
8	88
8	89
8	90
8	104
8	105
8	106
8	108
8	124
8	125
8	126
8	127
9	0
9	1
9	2
9	3
9	4
9	5
9	7
9	8
9	9
9	11
9	12
9	13
9	22
9	35
9	36
9	37
9	44
9	46
9	54
9	55
9	56
9	57
9	58
9	68
9	69
9	70
9	72
9	73
9	74
9	75
9	76
9	84
9	85
9	86
9	89
9	100
9	106
9	108
9	125
9	126
9	127
10	0
10	1
10	2
10	3
10	4
10	5
10	6
10	7
10	9
10	10
10	11
10	12
10	13
10	14
10	15
10	16
10	17
10	22
10	24
10	35
10	36
10	37
10	44
10	46
10	54
10	55
10	70
10	72
10	73
10	74
10	75
10	76
10	77
10	84
10	85
10	89
10	105
10	106
10	107
10	108
10	122
10	123
10	124
10	125
10	126
10	127
11	0
11	2
11	3
11	4
11	5
11	6
11	7
11	8
11	9
11	10
11	11
11	12
11	13
11	14
11	15
11	16
11	17
11	18
11	19
11	24
11	26
11	31
11	35
11	36
11	55
11	56
11	70
11	71
11	72
11	73
11	76
11	84
11	93
11	104
11	105
11	106
11	107
11	108
11	115
11	116
11	117
11	121
11	122
11	123
11	124
11	125
11	126
11	127
12	0
12	1
12	2
12	3
12	4
12	5
12	6
12	7
12	8
12	9
12	10
12	11
12	12
12	13
12	14
12	15
12	16
12	17
12	18
12	24
12	25
12	26
12	27
12	34
12	35
12	50
12	73
12	74
12	76
12	99
12	100
12	102
12	103
12	104
12	105
12	106
12	107
12	117
12	122
12	123
12	124
12	125
12	126
12	127
13	0
13	1
13	2
13	3
13	4
13	5
13	6
13	7
13	8
13	9
13	10
13	11
13	12
13	13
13	14
13	15
13	16
13	17
13	18
13	19
13	25
13	26
13	29
13	32
13	34
13	35
13	48
13	49
13	50
13	51
13	73
13	74
13	75
13	78
13	96
13	97
13	98
13	99
13	100
13	101
13	102
13	103
13	105
13	107
13	111
13	116
13	117
13	122
13	123
13	124
13	125
13	126
13	127
14	0
14	3
14	4
14	5
14	6
14	7
14	8
14	9
14	10
14	11
14	12
14	13
14	14
14	15
14	16
14	17
14	18
14	19
14	20
14	23
14	29
14	30
14	31
14	34
14	35
14	41
14	49
14	54
14	71
14	72
14	73
14	74
14	75
14	81
14	82
14	83
14	84
14	98
14	99
14	100
14	101
14	103
14	104
14	107
14	108
14	109
14	110
14	111
14	112
14	113
14	114
14	115
14	116
14	117
14	118
14	119
14	120
14	121
14	123
14	124
14	125
14	126
15	4
15	5
15	6
15	7
15	8
15	9
15	10
15	11
15	12
15	13
15	14
15	15
15	16
15	17
15	18
15	19
15	20
15	21
15	28
15	30
15	32
15	33
15	34
15	35
15	72
15	75
15	82
15	83
15	84
15	85
15	86
15	98
15	99
15	100
15	101
15	102
15	103
15	104
15	105
15	106
15	107
15	108
15	109
15	110
15	111
15	112
15	113
15	114
15	115
15	116
15	117
15	118
15	119
15	120
15	125
16	0
16	3
16	4
16	5
16	6
16	7
16	8
16	9
16	10
16	11
16	12
16	13
16	14
16	15
16	16
16	17
16	18
16	19
16	20
16	21
16	24
16	29
16	30
16	31
16	62
16	66
16	75
16	82
16	83
16	85
16	86
16	90
16	91
16	92
16	93
16	94
16	95
16	96
16	97
16	98
16	99
16	100
16	101
16	102
16	103
16	104
16	105
16	106
16	111
16	112
16	115
16	116
16	117
16	120
16	121
16	122
17	1
17	2
17	5
17	6
17	7
17	8
17	9
17	11
17	12
17	13
17	14
17	15
17	16
17	17
17	18
17	19
17	20
17	21
17	22
17	23
17	24
17	25
17	27
17	28
17	29
17	30
17	31
17	32
17	64
17	65
17	79
17	82
17	83
17	87
17	88
17	89
17	90
17	91
17	92
17	93
17	94
17	95
17	96
17	97
17	98
17	99
17	100
17	101
17	102
17	104
17	105
17	106
17	107
17	108
17	109
17	111
17	115
17	116
17	117
17	118
17	119
17	120
17	121
17	122
18	1
18	3
18	5
18	7
18	8
18	9
18	10
18	11
18	12
18	13
18	14
18	15
18	16
18	17
18	18
18	19
18	20
18	21
18	23
18	24
18	25
18	27
18	28
18	32
18	33
18	41
18	43
18	47
18	62
18	63
18	64
18	65
18	66
18	67
18	82
18	83
18	84
18	85
18	86
18	87
18	88
18	89
18	90
18	91
18	92
18	93
18	94
18	96
18	97
18	98
18	99
18	100
18	101
18	102
18	103
18	104
18	105
18	106
18	107
18	108
18	109
18	110
18	114
18	115
18	116
18	117
18	118
18	119
18	120
18	121
18	122
19	0
19	1
19	2
19	3
19	4
19	5
19	6
19	7
19	8
19	9
19	10
19	11
19	12
19	13
19	14
19	15
19	16
19	17
19	18
19	19
19	20
19	28
19	41
19	42
19	47
19	52
19	53
19	54
19	63
19	64
19	65
19	66
19	68
19	81
19	83
19	84
19	85
19	90
19	91
19	92
19	93
19	94
19	95
19	96
19	97
19	98
19	99
19	100
19	101
19	102
19	103
19	104
19	105
19	106
19	107
19	108
19	109
19	110
19	117
19	118
19	119
19	120
19	121
19	122
19	123
19	124
19	125
19	126
19	127
20	0
20	1
20	3
20	4
20	10
20	11
20	13
20	14
20	15
20	16
20	17
20	18
20	22
20	27
20	28
20	38
20	41
20	47
20	49
20	50
20	51
20	52
20	53
20	54
20	58
20	59
20	61
20	62
20	63
20	64
20	65
20	81
20	82
20	83
20	84
20	86
20	90
20	91
20	92
20	93
20	94
20	95
20	96
20	97
20	98
20	99
20	100
20	101
20	102
20	103
20	104
20	105
20	106
20	110
20	111
20	117
20	118
20	119
20	120
20	121
20	122
20	123
20	124
20	125
20	126
20	127
21	0
21	1
21	4
21	10
21	11
21	12
21	13
21	14
21	15
21	16
21	20
21	21
21	22
21	23
21	37
21	38
21	41
21	49
21	50
21	51
21	52
21	53
21	54
21	55
21	59
21	60
21	61
21	62
21	63
21	64
21	65
21	66
21	84
21	86
21	89
21	90
21	91
21	92
21	93
21	94
21	95
21	96
21	97
21	98
21	99
21	100
21	101
21	102
21	103
21	104
21	105
21	106
21	111
21	115
21	116
21	117
21	118
21	122
21	123
21	124
21	125
21	126
21	127
22	0
22	1
22	4
22	8
22	9
22	10
22	11
22	13
22	14
22	15
22	16
22	17
22	18
22	19
22	20
22	21
22	30
22	31
22	32
22	33
22	34
22	35
22	36
22	37
22	38
22	40
22	41
22	42
22	51
22	52
22	53
22	54
22	57
22	58
22	59
22	60
22	61
22	62
22	63
22	65
22	66
22	67
22	84
22	85
22	86
22	89
22	90
22	91
22	92
22	95
22	96
22	97
22	98
22	100
22	101
22	102
22	103
22	104
22	105
22	106
22	107
22	108
22	109
22	110
22	111
22	116
22	117
22	118
22	123
22	124
22	125
22	126
22	127
23	1
23	9
23	10
23	11
23	14
23	15
23	16
23	17
23	18
23	19
23	20
23	30
23	31
23	32
23	33
23	34
23	35
23	36
23	37
23	39
23	40
23	41
23	49
23	50
23	51
23	52
23	53
23	54
23	55
23	56
23	57
23	58
23	59
23	60
23	61
23	62
23	63
23	65
23	66
23	67
23	68
23	84
23	85
23	86
23	89
23	90
23	91
23	92
23	93
23	95
23	96
23	97
23	98
23	99
23	100
23	101
23	102
23	103
23	104
23	105
23	106
23	107
23	108
23	109
23	110
23	111
23	112
24	1
24	8
24	9
24	10
24	11
24	12
24	13
24	14
24	15
24	16
24	17
24	18
24	19
24	20
24	25
24	26
24	30
24	31
24	33
24	34
24	35
24	37
24	38
24	39
24	40
24	41
24	47
24	48
24	49
24	50
24	51
24	52
24	53
24	54
24	55
24	56
24	57
24	58
24	59
24	60
24	61
24	63
24	68
24	69
24	77
24	84
24	85
24	86
24	88
24	89
24	90
24	91
24	92
24	93
24	94
24	95
24	96
24	97
24	98
24	99
24	100
24	101
24	103
24	105
24	106
24	107
24	108
24	109
24	110
24	111
24	112
24	126
25	0
25	1
25	9
25	10
25	11
25	12
25	13
25	14
25	15
25	16
25	20
25	22
25	23
25	24
25	25
25	28
25	29
25	30
25	31
25	34
25	37
25	38
25	39
25	40
25	41
25	42
25	47
25	48
25	49
25	50
25	51
25	52
25	53
25	54
25	55
25	56
25	57
25	58
25	59
25	61
25	62
25	63
25	68
25	69
25	74
25	84
25	85
25	86
25	87
25	89
25	90
25	91
25	92
25	95
25	96
25	97
25	98
25	100
25	101
25	105
25	108
25	109
25	110
25	111
25	112
25	117
25	125
25	126
25	127
26	0
26	1
26	9
26	10
26	11
26	12
26	13
26	20
26	24
26	25
26	29
26	30
26	31
26	34
26	35
26	38
26	39
26	40
26	41
26	48
26	49
26	50
26	51
26	52
26	53
26	54
26	55
26	56
26	57
26	58
26	59
26	60
26	68
26	69
26	82
26	83
26	84
26	85
26	86
26	87
26	88
26	89
26	90
26	91
26	95
26	97
26	98
26	99
26	100
26	101
26	108
26	109
26	110
26	111
26	112
26	125
26	126
26	127
27	0
27	1
27	2
27	9
27	10
27	11
27	12
27	13
27	20
27	22
27	23
27	24
27	28
27	29
27	30
27	31
27	34
27	35
27	36
27	37
27	38
27	39
27	40
27	41
27	48
27	53
27	54
27	55
27	56
27	57
27	58
27	59
27	82
27	83
27	84
27	85
27	86
27	87
27	88
27	89
27	90
27	91
27	92
27	93
27	94
27	95
27	98
27	99
27	109
27	110
27	111
27	122
27	124
27	125
27	126
27	127
28	0
28	2
28	6
28	8
28	9
28	10
28	11
28	12
28	13
28	20
28	22
28	23
28	24
28	28
28	29
28	31
28	35
28	36
28	37
28	38
28	39
28	40
28	41
28	47
28	48
28	53
28	55
28	56
28	57
28	58
28	59
28	62
28	63
28	64
28	65
28	79
28	82
28	83
28	84
28	85
28	86
28	89
28	90
28	91
28	92
28	93
28	94
28	95
28	96
28	108
28	109
28	110
28	111
28	123
28	124
28	125
28	126
28	127
29	0
29	1
29	2
29	3
29	7
29	9
29	10
29	11
29	12
29	13
29	14
29	19
29	20
29	21
29	23
29	24
29	29
29	34
29	35
29	36
29	37
29	38
29	39
29	40
29	47
29	48
29	49
29	53
29	54
29	55
29	56
29	58
29	62
29	63
29	64
29	65
29	66
29	71
29	81
29	82
29	83
29	84
29	85
29	86
29	87
29	88
29	89
29	90
29	91
29	92
29	93
29	94
29	95
29	96
29	97
29	105
29	106
29	107
29	109
29	111
29	112
29	114
29	115
29	122
29	123
29	124
29	125
29	126
29	127
30	0
30	1
30	2
30	9
30	10
30	11
30	12
30	13
30	14
30	15
30	16
30	22
30	23
30	35
30	36
30	37
30	38
30	39
30	40
30	48
30	53
30	54
30	55
30	56
30	57
30	58
30	62
30	63
30	64
30	65
30	66
30	82
30	83
30	84
30	85
30	86
30	87
30	88
30	89
30	90
30	91
30	92
30	93
30	94
30	95
30	96
30	97
30	98
30	99
30	100
30	104
30	105
30	106
30	107
30	111
30	112
30	114
30	115
30	122
30	123
30	124
30	125
30	126
30	127
31	0
31	1
31	3
31	5
31	6
31	10
31	15
31	21
31	22
31	23
31	25
31	26
31	30
31	35
31	36
31	40
31	48
31	49
31	50
31	51
31	55
31	56
31	57
31	58
31	64
31	65
31	66
31	77
31	78
31	79
31	80
31	81
31	82
31	83
31	84
31	85
31	86
31	87
31	88
31	89
31	90
31	91
31	93
31	94
31	95
31	96
31	98
31	104
31	105
31	106
31	112
31	114
31	118
31	119
31	123
31	124
31	125
31	126
31	127
32	0
32	2
32	3
32	4
32	5
32	13
32	14
32	15
32	18
32	19
32	20
32	21
32	22
32	26
32	29
32	30
32	36
32	38
32	41
32	47
32	49
32	50
32	51
32	54
32	55
32	57
32	63
32	64
32	65
32	73
32	76
32	77
32	78
32	79
32	80
32	81
32	82
32	83
32	84
32	85
32	86
32	87
32	88
32	89
32	90
32	91
32	93
32	94
32	95
32	96
32	99
32	102
32	104
32	105
32	114
32	119
32	120
32	121
32	122
32	124
32	125
32	126
32	127
33	0
33	2
33	3
33	5
33	13
33	14
33	15
33	18
33	19
33	20
33	21
33	22
33	23
33	36
33	37
33	41
33	42
33	44
33	45
33	47
33	48
33	49
33	53
33	61
33	69
33	71
33	73
33	76
33	77
33	78
33	79
33	80
33	81
33	82
33	83
33	84
33	85
33	86
33	87
33	88
33	93
33	94
33	95
33	96
33	112
33	114
33	119
33	120
33	121
33	122
33	125
33	126
33	127
34	0
34	1
34	2
34	3
34	19
34	20
34	21
34	22
34	23
34	24
34	32
34	41
34	42
34	43
34	44
34	45
34	46
34	47
34	48
34	49
34	62
34	71
34	72
34	73
34	76
34	77
34	78
34	79
34	80
34	81
34	82
34	83
34	84
34	85
34	86
34	87
34	88
34	90
34	91
34	94
34	108
34	113
34	114
34	115
34	117
34	119
34	120
34	123
34	124
34	125
34	126
34	127
35	0
35	1
35	2
35	3
35	4
35	5
35	11
35	19
35	20
35	21
35	22
35	23
35	24
35	36
35	41
35	42
35	43
35	44
35	45
35	46
35	47
35	48
35	62
35	69
35	70
35	71
35	73
35	77
35	79
35	80
35	81
35	82
35	86
35	90
35	112
35	113
35	114
35	115
35	117
35	118
35	119
35	120
35	121
35	122
35	123
35	124
35	125
35	126
35	127
36	0
36	1
36	2
36	3
36	4
36	11
36	12
36	20
36	21
36	22
36	24
36	40
36	41
36	42
36	43
36	44
36	45
36	46
36	47
36	48
36	54
36	69
36	73
36	80
36	81
36	82
36	91
36	109
36	110
36	111
36	112
36	114
36	115
36	116
36	117
36	118
36	119
36	120
36	121
36	126
36	127
37	0
37	1
37	2
37	19
37	20
37	22
37	23
37	40
37	44
37	45
37	46
37	47
37	48
37	64
37	67
37	68
37	69
37	75
37	81
37	82
37	102
37	108
37	109
37	110
37	111
37	112
37	113
37	114
37	115
37	119
37	120
37	121
37	122
37	123
37	124
37	125
37	126
38	0
38	1
38	2
38	3
38	10
38	18
38	19
38	20
38	21
38	22
38	23
38	24
38	39
38	42
38	43
38	44
38	45
38	47
38	48
38	49
38	50
38	51
38	63
38	64
38	65
38	66
38	67
38	87
38	90
38	91
38	102
38	108
38	109
38	110
38	111
38	112
38	113
38	114
38	115
38	116
38	117
38	118
38	119
38	120
38	121
38	122
38	123
38	124
38	125
38	126
38	127
39	1
39	2
39	3
39	5
39	6
39	7
39	8
39	9
39	10
39	14
39	18
39	19
39	20
39	21
39	22
39	23
39	24
39	28
39	42
39	45
39	46
39	47
39	48
39	49
39	50
39	55
39	62
39	63
39	64
39	65
39	66
39	67
39	80
39	81
39	82
39	87
39	91
39	100
39	101
39	102
39	107
39	108
39	109
39	110
39	111
39	112
39	113
39	114
39	115
39	116
39	117
39	118
39	119
39	120
39	121
39	122
39	123
39	124
39	125
39	126
39	127
40	0
40	1
40	2
40	3
40	5
40	6
40	7
40	8
40	9
40	18
40	20
40	23
40	24
40	25
40	31
40	47
40	48
40	50
40	55
40	59
40	60
40	61
40	62
40	63
40	64
40	65
40	66
40	80
40	81
40	82
40	90
40	91
40	92
40	100
40	101
40	102
40	107
40	108
40	109
40	110
40	111
40	112
40	113
40	114
40	115
40	116
40	117
40	118
40	121
40	122
40	123
40	124
40	125
40	126
40	127
41	0
41	1
41	2
41	3
41	4
41	5
41	6
41	7
41	8
41	9
41	10
41	11
41	15
41	17
41	18
41	24
41	25
41	40
41	41
41	48
41	49
41	50
41	52
41	54
41	55
41	56
41	57
41	58
41	59
41	60
41	61
41	62
41	66
41	67
41	81
41	82
41	83
41	84
41	85
41	86
41	87
41	90
41	91
41	92
41	100
41	101
41	102
41	106
41	107
41	108
41	111
41	112
41	113
41	114
41	115
41	116
41	117
41	118
41	119
41	120
41	121
41	122
41	123
41	124
41	125
41	126
41	127
42	0
42	1
42	2
42	3
42	4
42	5
42	6
42	7
42	8
42	9
42	15
42	23
42	38
42	39
42	40
42	41
42	44
42	45
42	48
42	49
42	50
42	54
42	55
42	56
42	57
42	58
42	59
42	60
42	61
42	62
42	63
42	66
42	71
42	80
42	81
42	82
42	83
42	84
42	85
42	86
42	87
42	88
42	90
42	94
42	107
42	108
42	109
42	110
42	111
42	113
42	115
42	116
42	117
42	118
42	119
42	120
42	121
42	122
42	123
42	124
42	125
42	126
42	127
43	0
43	2
43	3
43	4
43	5
43	6
43	7
43	8
43	15
43	22
43	32
43	37
43	38
43	39
43	40
43	41
43	44
43	45
43	50
43	54
43	55
43	56
43	57
43	58
43	59
43	60
43	61
43	62
43	65
43	66
43	80
43	81
43	82
43	83
43	84
43	85
43	86
43	87
43	88
43	95
43	96
43	102
43	107
43	108
43	109
43	110
43	111
43	112
43	113
43	115
43	116
43	117
43	118
43	119
43	120
43	121
43	122
43	123
43	124
43	125
43	127
44	0
44	1
44	2
44	3
44	4
44	5
44	6
44	7
44	15
44	16
44	17
44	21
44	22
44	23
44	27
44	29
44	32
44	39
44	40
44	41
44	45
44	56
44	57
44	58
44	59
44	60
44	61
44	62
44	63
44	64
44	65
44	83
44	84
44	85
44	86
44	87
44	88
44	89
44	95
44	96
44	101
44	106
44	107
44	108
44	109
44	110
44	113
44	114
44	115
44	116
44	117
44	118
44	119
44	121
44	122
44	123
44	124
44	127
45	0
45	1
45	2
45	3
45	4
45	5
45	7
45	14
45	15
45	16
45	17
45	20
45	21
45	23
45	33
45	38
45	39
45	40
45	41
45	42
45	45
45	50
45	51
45	52
45	56
45	57
45	61
45	62
45	63
45	64
45	77
45	80
45	84
45	85
45	86
45	87
45	88
45	89
45	95
45	96
45	97
45	106
45	107
45	108
45	109
45	110
45	113
45	114
45	115
45	116
45	117
45	118
45	119
45	121
45	122
45	123
45	125
45	126
45	127
46	1
46	2
46	3
46	4
46	5
46	6
46	7
46	8
46	14
46	32
46	33
46	37
46	38
46	39
46	40
46	41
46	42
46	43
46	44
46	49
46	50
46	51
46	52
46	53
46	55
46	56
46	62
46	70
46	79
46	80
46	81
46	83
46	84
46	85
46	86
46	87
46	89
46	91
46	93
46	94
46	95
46	96
46	105
46	106
46	107
46	108
46	109
46	110
46	111
46	113
46	115
46	116
46	117
46	118
46	119
46	120
46	121
46	122
46	123
46	125
46	126
47	1
47	2
47	3
47	4
47	5
47	14
47	26
47	32
47	33
47	36
47	37
47	38
47	39
47	40
47	41
47	42
47	44
47	45
47	47
47	49
47	50
47	51
47	52
47	53
47	54
47	79
47	80
47	81
47	82
47	86
47	87
47	91
47	92
47	93
47	94
47	95
47	96
47	102
47	103
47	107
47	108
47	109
47	110
47	111
47	112
47	113
47	114
47	115
47	116
47	117
47	118
47	119
47	120
47	122
47	123
47	126
47	127
48	0
48	1
48	2
48	3
48	14
48	15
48	20
48	33
48	34
48	36
48	37
48	38
48	39
48	40
48	41
48	42
48	44
48	45
48	49
48	50
48	51
48	52
48	54
48	60
48	78
48	79
48	80
48	81
48	84
48	86
48	87
48	92
48	93
48	99
48	103
48	104
48	105
48	106
48	107
48	108
48	109
48	110
48	111
48	112
48	113
48	114
48	115
48	117
48	118
48	119
48	126
48	127
49	0
49	1
49	2
49	8
49	9
49	12
49	13
49	20
49	25
49	34
49	36
49	37
49	43
49	73
49	75
49	76
49	77
49	78
49	79
49	80
49	81
49	86
49	96
49	99
49	104
49	105
49	106
49	107
49	108
49	109
49	110
49	111
49	112
49	113
49	114
49	116
49	118
49	119
49	120
49	121
49	122
49	123
49	127
50	0
50	1
50	2
50	3
50	8
50	9
50	10
50	13
50	16
50	18
50	20
50	28
50	33
50	34
50	35
50	36
50	42
50	43
50	44
50	57
50	73
50	74
50	77
50	78
50	80
50	103
50	105
50	109
50	110
50	111
50	113
50	114
50	115
50	116
50	117
50	118
50	119
50	120
50	121
50	122
50	123
50	126
50	127
51	0
51	1
51	3
51	15
51	16
51	18
51	19
51	36
51	44
51	45
51	52
51	53
51	54
51	55
51	56
51	69
51	72
51	73
51	74
51	75
51	76
51	77
51	80
51	81
51	87
51	88
51	89
51	93
51	109
51	110
51	111
51	112
51	113
51	114
51	115
51	116
51	117
51	118
51	119
51	120
51	121
51	122
51	123
51	124
51	126
51	127
52	0
52	1
52	2
52	3
52	5
52	6
52	17
52	18
52	19
52	28
52	29
52	30
52	31
52	37
52	38
52	39
52	40
52	41
52	42
52	43
52	45
52	46
52	47
52	51
52	52
52	53
52	55
52	56
52	57
52	87
52	88
52	89
52	92
52	93
52	94
52	106
52	107
52	110
52	111
52	113
52	114
52	115
52	116
52	117
52	118
52	119
52	120
52	121
52	122
52	123
52	124
52	125
52	126
52	127
53	0
53	1
53	2
53	3
53	5
53	6
53	7
53	8
53	9
53	28
53	29
53	30
53	31
53	32
53	34
53	36
53	37
53	38
53	39
53	40
53	41
53	43
53	44
53	45
53	46
53	49
53	50
53	51
53	52
53	71
53	73
53	83
53	87
53	88
53	89
53	97
53	98
53	99
53	111
53	114
53	115
53	116
53	117
53	118
53	119
53	120
53	121
53	122
53	123
53	124
53	125
53	126
53	127
54	0
54	1
54	2
54	3
54	4
54	5
54	6
54	23
54	27
54	28
54	29
54	30
54	33
54	34
54	35
54	36
54	37
54	38
54	39
54	40
54	41
54	42
54	43
54	49
54	51
54	52
54	53
54	71
54	73
54	74
54	84
54	85
54	86
54	87
54	88
54	89
54	97
54	99
54	102
54	111
54	113
54	114
54	115
54	116
54	117
54	118
54	119
54	120
54	121
54	122
54	123
54	124
54	125
54	126
54	127
55	0
55	1
55	2
55	3
55	4
55	5
55	27
55	28
55	29
55	30
55	31
55	32
55	33
55	34
55	36
55	37
55	38
55	39
55	40
55	41
55	53
55	58
55	59
55	60
55	62
55	63
55	64
55	65
55	66
55	71
55	72
55	73
55	74
55	84
55	86
55	87
55	88
55	89
55	93
55	94
55	95
55	99
55	100
55	101
55	102
55	103
55	114
55	115
55	116
55	117
55	118
55	119
55	120
55	121
55	123
55	124
55	125
55	126
55	127
56	0
56	1
56	2
56	3
56	4
56	5
56	11
56	17
56	29
56	30
56	31
56	32
56	33
56	34
56	36
56	37
56	38
56	39
56	40
56	41
56	42
56	49
56	50
56	58
56	59
56	60
56	63
56	64
56	65
56	66
56	70
56	71
56	72
56	73
56	74
56	86
56	89
56	90
56	91
56	92
56	93
56	94
56	95
56	96
56	97
56	98
56	112
56	113
56	117
56	118
56	119
56	120
56	121
56	123
56	124
56	125
56	126
56	127
57	0
57	1
57	4
57	17
57	18
57	19
57	21
57	23
57	25
57	26
57	27
57	28
57	29
57	30
57	31
57	32
57	33
57	34
57	36
57	37
57	38
57	39
57	40
57	41
57	49
57	50
57	58
57	59
57	60
57	61
57	62
57	63
57	64
57	65
57	66
57	70
57	71
57	72
57	73
57	74
57	86
57	87
57	88
57	89
57	90
57	91
57	92
57	93
57	94
57	95
57	96
57	97
57	98
57	112
57	113
57	114
57	116
57	117
57	121
57	123
57	124
57	125
57	126
57	127
58	3
58	4
58	9
58	17
58	18
58	19
58	21
58	23
58	24
58	25
58	27
58	28
58	29
58	30
58	31
58	32
58	34
58	35
58	36
58	37
58	38
58	39
58	40
58	41
58	42
58	43
58	57
58	58
58	61
58	62
58	63
58	64
58	65
58	66
58	70
58	71
58	72
58	73
58	74
58	76
58	77
58	86
58	87
58	88
58	89
58	90
58	93
58	94
58	95
58	96
58	97
58	98
58	112
58	113
58	114
58	115
58	116
58	117
58	123
58	124
58	126
58	127
59	0
59	1
59	2
59	3
59	4
59	5
59	6
59	17
59	18
59	19
59	20
59	22
59	23
59	24
59	25
59	26
59	27
59	28
59	29
59	30
59	31
59	32
59	34
59	35
59	36
59	37
59	38
59	39
59	40
59	41
59	42
59	43
59	44
59	45
59	56
59	57
59	59
59	61
59	62
59	63
59	64
59	65
59	66
59	70
59	71
59	72
59	73
59	74
59	75
59	76
59	77
59	79
59	85
59	86
59	87
59	88
59	89
59	90
59	91
59	93
59	94
59	95
59	96
59	97
59	98
59	106
59	107
59	116
59	117
59	127
60	0
60	1
60	2
60	3
60	5
60	6
60	17
60	18
60	19
60	20
60	21
60	22
60	23
60	24
60	25
60	26
60	27
60	28
60	29
60	30
60	31
60	32
60	33
60	34
60	35
60	36
60	37
60	38
60	39
60	40
60	41
60	42
60	43
60	44
60	48
60	49
60	50
60	57
60	59
60	60
60	61
60	62
60	63
60	64
60	65
60	66
60	67
60	70
60	71
60	72
60	73
60	74
60	75
60	80
60	84
60	86
60	87
60	88
60	89
60	90
60	91
60	92
60	95
60	96
60	97
60	98
60	99
60	115
60	123
60	124
60	125
60	126
60	127
61	0
61	1
61	2
61	3
61	4
61	5
61	6
61	7
61	15
61	17
61	18
61	19
61	20
61	21
61	22
61	23
61	24
61	25
61	26
61	27
61	28
61	29
61	30
61	31
61	32
61	33
61	34
61	35
61	36
61	37
61	38
61	39
61	40
61	41
61	42
61	43
61	44
61	45
61	46
61	57
61	59
61	60
61	61
61	62
61	63
61	64
61	65
61	66
61	67
61	68
61	69
61	70
61	71
61	73
61	74
61	75
61	76
61	77
61	78
61	79
61	84
61	85
61	86
61	87
61	88
61	90
61	95
61	96
61	97
61	98
61	99
61	102
61	115
61	121
61	122
61	123
61	126
61	127
62	0
62	1
62	2
62	10
62	15
62	17
62	18
62	19
62	23
62	24
62	25
62	26
62	27
62	28
62	29
62	30
62	31
62	32
62	33
62	34
62	35
62	36
62	37
62	38
62	39
62	41
62	42
62	44
62	45
62	46
62	47
62	51
62	57
62	58
62	59
62	60
62	61
62	62
62	63
62	64
62	66
62	69
62	70
62	71
62	72
62	73
62	74
62	75
62	76
62	77
62	84
62	86
62	88
62	90
62	97
62	122
62	123
62	124
62	125
62	126
62	127
63	0
63	1
63	12
63	13
63	14
63	15
63	16
63	17
63	23
63	24
63	25
63	26
63	27
63	28
63	29
63	30
63	31
63	32
63	33
63	34
63	35
63	36
63	37
63	38
63	39
63	40
63	41
63	42
63	43
63	44
63	45
63	46
63	47
63	48
63	49
63	50
63	51
63	52
63	57
63	58
63	59
63	60
63	61
63	62
63	63
63	64
63	65
63	66
63	67
63	68
63	69
63	70
63	71
63	72
63	73
63	74
63	75
63	76
63	77
63	78
63	86
63	87
63	88
63	89
63	90
63	97
63	111
63	115
63	116
63	121
63	122
63	125
63	126
63	127
64	0
64	1
64	2
64	4
64	16
64	22
64	23
64	24
64	25
64	26
64	27
64	28
64	29
64	30
64	31
64	32
64	33
64	35
64	36
64	37
64	38
64	39
64	40
64	41
64	42
64	43
64	44
64	45
64	46
64	47
64	48
64	49
64	50
64	51
64	52
64	56
64	58
64	59
64	60
64	61
64	62
64	63
64	64
64	65
64	66
64	67
64	68
64	69
64	70
64	71
64	72
64	73
64	74
64	75
64	76
64	77
64	79
64	80
64	84
64	86
64	87
64	88
64	89
64	90
64	108
64	109
64	110
64	111
64	120
64	121
64	122
64	123
64	125
64	126
64	127
65	0
65	1
65	2
65	3
65	4
65	5
65	12
65	13
65	21
65	22
65	23
65	24
65	25
65	26
65	27
65	28
65	29
65	30
65	31
65	32
65	33
65	34
65	35
65	36
65	38
65	39
65	40
65	41
65	42
65	44
65	45
65	46
65	51
65	52
65	53
65	58
65	59
65	60
65	62
65	63
65	64
65	65
65	66
65	67
65	68
65	69
65	70
65	71
65	72
65	73
65	74
65	75
65	76
65	77
65	78
65	79
65	80
65	82
65	86
65	87
65	88
65	89
65	91
65	93
65	94
65	100
65	107
65	108
65	109
65	111
65	112
65	120
65	122
65	123
65	126
65	127
66	0
66	1
66	3
66	4
66	5
66	8
66	9
66	13
66	21
66	22
66	23
66	24
66	25
66	26
66	27
66	29
66	30
66	31
66	32
66	33
66	34
66	35
66	36
66	38
66	39
66	40
66	41
66	42
66	43
66	44
66	45
66	46
66	50
66	51
66	52
66	53
66	54
66	61
66	62
66	63
66	64
66	65
66	66
66	67
66	68
66	69
66	70
66	71
66	72
66	73
66	74
66	75
66	76
66	77
66	78
66	79
66	80
66	81
66	82
66	83
66	84
66	85
66	86
66	87
66	88
66	91
66	92
66	93
66	94
66	96
66	100
66	101
66	106
66	108
66	109
66	110
66	111
66	112
67	0
67	1
67	4
67	5
67	8
67	9
67	17
67	18
67	19
67	20
67	21
67	22
67	23
67	24
67	25
67	26
67	27
67	29
67	30
67	31
67	32
67	33
67	34
67	35
67	36
67	37
67	38
67	39
67	40
67	41
67	42
67	43
67	44
67	45
67	46
67	47
67	48
67	50
67	51
67	52
67	53
67	54
67	58
67	59
67	62
67	63
67	64
67	66
67	67
67	68
67	69
67	70
67	71
67	72
67	73
67	74
67	75
67	76
67	77
67	78
67	79
67	81
67	82
67	83
67	84
67	85
67	86
67	87
67	90
67	91
67	92
67	93
67	95
67	100
67	101
67	104
67	105
67	106
67	107
67	108
67	109
67	110
67	117
68	1
68	5
68	8
68	9
68	17
68	18
68	19
68	20
68	21
68	22
68	23
68	24
68	25
68	26
68	27
68	28
68	29
68	30
68	31
68	32
68	33
68	34
68	35
68	37
68	38
68	39
68	40
68	41
68	42
68	43
68	44
68	45
68	46
68	47
68	48
68	49
68	50
68	52
68	53
68	54
68	56
68	61
68	62
68	63
68	64
68	66
68	67
68	68
68	69
68	70
68	72
68	73
68	74
68	75
68	76
68	77
68	78
68	79
68	80
68	81
68	82
68	83
68	84
68	85
68	86
68	87
68	88
68	89
68	90
68	91
68	92
68	93
68	95
68	103
68	104
68	105
68	108
68	109
68	110
68	111
68	117
69	0
69	1
69	2
69	4
69	5
69	6
69	7
69	8
69	9
69	10
69	11
69	12
69	15
69	17
69	18
69	19
69	21
69	22
69	24
69	29
69	30
69	31
69	32
69	33
69	34
69	35
69	36
69	37
69	38
69	39
69	40
69	41
69	42
69	46
69	47
69	48
69	49
69	50
69	51
69	52
69	53
69	61
69	62
69	63
69	64
69	67
69	68
69	69
69	70
69	71
69	72
69	73
69	74
69	75
69	76
69	77
69	78
69	79
69	80
69	81
69	82
69	83
69	84
69	85
69	86
69	87
69	89
69	91
69	92
69	93
69	100
69	102
69	109
69	110
69	111
69	117
69	124
69	125
70	0
70	1
70	2
70	3
70	4
70	5
70	6
70	7
70	8
70	9
70	10
70	11
70	12
70	14
70	15
70	16
70	17
70	18
70	19
70	20
70	21
70	22
70	25
70	32
70	33
70	34
70	35
70	36
70	37
70	38
70	43
70	44
70	48
70	49
70	50
70	51
70	52
70	61
70	62
70	63
70	64
70	65
70	66
70	67
70	69
70	70
70	71
70	72
70	73
70	74
70	75
70	76
70	77
70	78
70	79
70	80
70	81
70	82
70	83
70	84
70	85
70	86
70	91
70	92
70	93
70	94
70	97
70	100
70	101
70	102
70	109
70	110
70	111
70	113
70	124
70	127
71	0
71	2
71	3
71	4
71	5
71	6
71	7
71	8
71	9
71	15
71	16
71	17
71	18
71	19
71	20
71	21
71	22
71	24
71	25
71	30
71	32
71	33
71	34
71	35
71	36
71	37
71	38
71	40
71	41
71	42
71	43
71	48
71	50
71	51
71	52
71	61
71	62
71	63
71	64
71	65
71	66
71	67
71	68
71	69
71	72
71	73
71	74
71	75
71	76
71	77
71	78
71	79
71	80
71	81
71	82
71	83
71	84
71	85
71	86
71	87
71	88
71	91
71	92
71	100
71	101
71	102
71	110
71	113
71	124
71	126
71	127
72	0
72	1
72	2
72	3
72	4
72	5
72	6
72	7
72	16
72	17
72	21
72	22
72	25
72	26
72	32
72	33
72	34
72	35
72	36
72	37
72	40
72	41
72	42
72	48
72	50
72	51
72	52
72	59
72	63
72	64
72	65
72	66
72	67
72	71
72	72
72	73
72	74
72	77
72	78
72	79
72	80
72	81
72	82
72	83
72	84
72	85
72	86
72	87
72	88
72	89
72	90
72	91
72	92
72	93
72	94
72	97
72	99
72	100
72	101
72	103
72	114
72	124
72	125
73	0
73	1
73	2
73	3
73	4
73	5
73	6
73	7
73	8
73	16
73	17
73	18
73	19
73	21
73	22
73	27
73	28
73	32
73	33
73	34
73	35
73	36
73	37
73	38
73	39
73	40
73	41
73	42
73	48
73	50
73	51
73	52
73	61
73	62
73	63
73	64
73	65
73	66
73	67
73	68
73	69
73	70
73	71
73	72
73	73
73	74
73	78
73	79
73	80
73	81
73	82
73	83
73	84
73	85
73	86
73	87
73	88
73	89
73	90
73	91
73	93
73	94
73	99
73	100
73	101
73	102
73	103
73	104
73	107
73	114
73	115
73	116
73	119
73	120
73	125
73	126
73	127
74	2
74	3
74	4
74	5
74	6
74	7
74	8
74	15
74	16
74	17
74	18
74	19
74	20
74	21
74	22
74	29
74	30
74	32
74	33
74	34
74	35
74	36
74	37
74	38
74	39
74	40
74	41
74	42
74	49
74	50
74	51
74	52
74	56
74	61
74	62
74	63
74	64
74	65
74	66
74	67
74	68
74	71
74	72
74	73
74	74
74	75
74	78
74	79
74	80
74	81
74	82
74	83
74	84
74	87
74	88
74	89
74	90
74	91
74	93
74	94
74	95
74	96
74	97
74	98
74	99
74	100
74	101
74	102
74	104
74	105
74	107
74	120
74	126
74	127
75	0
75	1
75	2
75	3
75	4
75	5
75	6
75	14
75	15
75	16
75	17
75	18
75	22
75	23
75	34
75	35
75	36
75	37
75	38
75	39
75	40
75	41
75	42
75	44
75	47
75	48
75	49
75	51
75	61
75	62
75	63
75	65
75	66
75	67
75	68
75	69
75	70
75	71
75	72
75	74
75	75
75	78
75	79
75	80
75	81
75	82
75	83
75	84
75	86
75	87
75	88
75	89
75	90
75	91
75	95
75	96
75	97
75	98
75	99
75	100
75	101
75	102
75	103
75	105
75	106
75	107
75	108
75	122
75	123
75	126
75	127
76	0
76	1
76	2
76	3
76	4
76	5
76	6
76	15
76	16
76	17
76	18
76	19
76	20
76	21
76	22
76	23
76	30
76	33
76	34
76	35
76	37
76	38
76	39
76	40
76	41
76	42
76	47
76	49
76	61
76	62
76	63
76	64
76	65
76	66
76	67
76	72
76	73
76	74
76	75
76	76
76	77
76	80
76	81
76	82
76	83
76	89
76	90
76	95
76	96
76	97
76	98
76	99
76	100
76	103
76	105
76	106
76	107
76	122
76	123
76	126
76	127
77	0
77	1
77	2
77	3
77	4
77	5
77	6
77	7
77	8
77	17
77	18
77	19
77	23
77	24
77	34
77	35
77	36
77	38
77	39
77	40
77	41
77	42
77	43
77	44
77	45
77	46
77	49
77	50
77	54
77	55
77	56
77	57
77	60
77	61
77	62
77	63
77	64
77	65
77	66
77	67
77	72
77	74
77	75
77	76
77	78
77	79
77	80
77	81
77	82
77	83
77	95
77	96
77	97
77	98
77	99
77	101
77	102
77	103
77	104
77	105
77	106
77	107
77	112
77	126
77	127
78	0
78	1
78	2
78	3
78	4
78	5
78	6
78	7
78	8
78	17
78	18
78	19
78	20
78	21
78	22
78	23
78	24
78	25
78	26
78	27
78	34
78	35
78	37
78	38
78	41
78	42
78	43
78	44
78	45
78	46
78	47
78	48
78	49
78	50
78	51
78	52
78	57
78	60
78	61
78	62
78	63
78	64
78	65
78	66
78	74
78	75
78	76
78	83
78	87
78	94
78	95
78	96
78	97
78	99
78	100
78	101
78	102
78	103
78	104
78	105
78	106
78	107
78	108
78	119
78	125
78	126
78	127
79	0
79	1
79	2
79	3
79	4
79	12
79	17
79	18
79	19
79	20
79	21
79	22
79	23
79	24
79	25
79	26
79	27
79	38
79	39
79	41
79	42
79	43
79	48
79	50
79	51
79	52
79	59
79	60
79	61
79	62
79	63
79	64
79	65
79	66
79	67
79	68
79	92
79	93
79	94
79	95
79	96
79	98
79	99
79	100
79	101
79	102
79	103
79	104
79	105
79	106
79	107
79	108
79	109
79	113
79	115
79	125
79	126
79	127
80	0
80	1
80	2
80	4
80	5
80	6
80	7
80	17
80	18
80	19
80	20
80	21
80	22
80	23
80	24
80	25
80	26
80	27
80	34
80	35
80	36
80	37
80	38
80	39
80	40
80	41
80	42
80	43
80	44
80	47
80	48
80	49
80	50
80	51
80	52
80	60
80	61
80	62
80	63
80	64
80	65
80	66
80	67
80	68
80	90
80	91
80	92
80	93
80	94
80	95
80	96
80	97
80	98
80	99
80	100
80	101
80	102
80	103
80	104
80	106
80	107
80	108
80	113
80	124
80	125
80	126
80	127
81	0
81	1
81	2
81	3
81	4
81	5
81	6
81	7
81	8
81	14
81	15
81	18
81	19
81	20
81	21
81	22
81	25
81	26
81	27
81	28
81	29
81	32
81	34
81	35
81	36
81	37
81	38
81	39
81	40
81	41
81	42
81	43
81	44
81	45
81	46
81	47
81	53
81	54
81	60
81	61
81	62
81	63
81	64
81	65
81	92
81	93
81	94
81	95
81	96
81	97
81	98
81	100
81	101
81	102
81	103
81	107
81	108
81	109
81	110
81	120
81	124
81	125
81	126
81	127
82	0
82	1
82	2
82	3
82	4
82	5
82	6
82	7
82	8
82	14
82	15
82	18
82	19
82	20
82	21
82	25
82	26
82	27
82	28
82	34
82	35
82	36
82	37
82	38
82	39
82	40
82	41
82	42
82	43
82	44
82	45
82	46
82	47
82	54
82	58
82	61
82	62
82	63
82	64
82	65
82	86
82	87
82	88
82	89
82	90
82	92
82	93
82	94
82	95
82	96
82	97
82	98
82	99
82	100
82	101
82	102
82	103
82	104
82	105
82	106
82	107
82	108
82	109
82	110
82	119
82	120
82	125
82	126
82	127
83	0
83	2
83	3
83	4
83	5
83	6
83	7
83	8
83	9
83	10
83	14
83	18
83	19
83	20
83	21
83	22
83	32
83	33
83	34
83	35
83	37
83	38
83	39
83	40
83	41
83	42
83	43
83	44
83	46
83	53
83	54
83	55
83	56
83	62
83	63
83	64
83	65
83	83
83	84
83	85
83	88
83	93
83	94
83	95
83	96
83	97
83	98
83	99
83	100
83	101
83	102
83	103
83	104
83	105
83	106
83	107
83	108
83	109
83	110
83	111
83	112
83	115
83	118
83	119
83	125
83	126
83	127
84	0
84	1
84	2
84	3
84	4
84	5
84	6
84	7
84	8
84	15
84	16
84	19
84	32
84	34
84	38
84	39
84	40
84	41
84	42
84	43
84	44
84	45
84	46
84	47
84	49
84	53
84	54
84	59
84	60
84	62
84	65
84	83
84	84
84	85
84	86
84	87
84	88
84	92
84	93
84	94
84	95
84	96
84	97
84	98
84	99
84	100
84	101
84	102
84	103
84	104
84	105
84	106
84	107
84	108
84	109
84	110
84	111
84	112
84	117
84	118
84	119
84	120
84	125
84	126
84	127
85	0
85	1
85	5
85	6
85	7
85	8
85	15
85	19
85	26
85	32
85	33
85	34
85	35
85	39
85	40
85	42
85	43
85	44
85	45
85	46
85	47
85	48
85	51
85	52
85	53
85	59
85	60
85	78
85	79
85	80
85	81
85	83
85	84
85	86
85	87
85	88
85	89
85	92
85	93
85	94
85	95
85	96
85	97
85	98
85	99
85	100
85	101
85	102
85	103
85	104
85	105
85	106
85	107
85	108
85	114
85	118
85	119
85	120
85	121
85	124
85	125
85	126
85	127
86	7
86	8
86	22
86	23
86	24
86	25
86	30
86	31
86	32
86	33
86	34
86	35
86	41
86	43
86	44
86	45
86	46
86	47
86	48
86	51
86	52
86	53
86	54
86	69
86	80
86	81
86	84
86	85
86	86
86	87
86	88
86	89
86	90
86	91
86	92
86	93
86	94
86	95
86	96
86	97
86	98
86	100
86	101
86	102
86	103
86	104
86	105
86	106
86	107
86	115
86	118
86	119
86	120
86	125
86	126
86	127
87	7
87	8
87	22
87	23
87	24
87	25
87	30
87	31
87	32
87	33
87	34
87	35
87	37
87	38
87	41
87	42
87	45
87	46
87	47
87	48
87	49
87	50
87	51
87	52
87	53
87	54
87	55
87	56
87	69
87	70
87	71
87	72
87	73
87	74
87	75
87	78
87	79
87	80
87	81
87	84
87	85
87	86
87	88
87	89
87	90
87	91
87	92
87	93
87	94
87	96
87	97
87	98
87	99
87	100
87	101
87	102
87	103
87	104
87	105
87	106
87	107
87	108
87	109
87	114
87	115
87	118
87	119
87	121
87	123
87	125
87	126
87	127
88	3
88	6
88	7
88	8
88	13
88	15
88	16
88	17
88	18
88	21
88	24
88	25
88	26
88	29
88	30
88	31
88	32
88	33
88	34
88	35
88	37
88	38
88	39
88	40
88	41
88	42
88	44
88	45
88	46
88	47
88	48
88	49
88	50
88	51
88	52
88	53
88	54
88	55
88	66
88	68
88	69
88	70
88	71
88	72
88	73
88	74
88	75
88	76
88	77
88	78
88	79
88	80
88	81
88	82
88	83
88	84
88	85
88	86
88	87
88	88
88	89
88	90
88	91
88	92
88	93
88	94
88	95
88	96
88	97
88	98
88	99
88	100
88	101
88	102
88	103
88	105
88	111
88	115
88	119
88	122
88	125
88	126
88	127
89	7
89	8
89	9
89	10
89	13
89	14
89	15
89	16
89	17
89	18
89	19
89	20
89	21
89	24
89	25
89	26
89	27
89	28
89	29
89	30
89	31
89	32
89	33
89	35
89	39
89	40
89	41
89	44
89	45
89	46
89	47
89	48
89	49
89	50
89	51
89	52
89	53
89	54
89	55
89	56
89	65
89	66
89	71
89	72
89	73
89	74
89	75
89	76
89	77
89	78
89	79
89	80
89	81
89	82
89	83
89	84
89	86
89	87
89	88
89	89
89	90
89	91
89	92
89	93
89	94
89	95
89	96
89	98
89	99
89	100
89	101
89	105
89	126
89	127
90	8
90	13
90	14
90	15
90	16
90	17
90	18
90	19
90	20
90	21
90	22
90	24
90	25
90	28
90	31
90	32
90	33
90	34
90	35
90	36
90	39
90	40
90	41
90	42
90	43
90	44
90	45
90	46
90	47
90	48
90	49
90	50
90	51
90	52
90	53
90	54
90	55
90	56
90	71
90	72
90	74
90	75
90	83
90	86
90	87
90	88
90	89
90	90
90	91
90	92
90	93
90	94
90	95
90	96
90	98
90	99
90	100
90	101
90	102
90	118
90	119
90	127
91	4
91	8
91	9
91	10
91	13
91	14
91	16
91	17
91	18
91	19
91	20
91	21
91	22
91	23
91	32
91	33
91	34
91	35
91	36
91	37
91	38
91	39
91	40
91	41
91	42
91	43
91	46
91	47
91	48
91	49
91	51
91	52
91	53
91	54
91	55
91	72
91	73
91	74
91	75
91	86
91	87
91	88
91	89
91	90
91	91
91	92
91	94
91	96
91	97
91	98
91	99
91	100
91	101
91	102
91	103
91	104
91	119
91	120
91	127
92	6
92	7
92	8
92	9
92	12
92	13
92	16
92	18
92	19
92	20
92	22
92	23
92	33
92	34
92	35
92	36
92	37
92	38
92	39
92	40
92	41
92	42
92	43
92	44
92	45
92	46
92	48
92	49
92	50
92	51
92	52
92	53
92	54
92	55
92	67
92	71
92	72
92	75
92	78
92	81
92	82
92	84
92	85
92	86
92	87
92	88
92	89
92	90
92	91
92	92
92	93
92	94
92	95
92	96
92	97
92	98
92	99
92	100
92	101
92	102
92	103
92	108
92	111
92	113
92	124
92	125
92	126
93	5
93	10
93	11
93	12
93	13
93	14
93	15
93	16
93	18
93	19
93	23
93	29
93	30
93	31
93	33
93	34
93	35
93	36
93	37
93	38
93	42
93	43
93	44
93	45
93	46
93	49
93	50
93	52
93	53
93	54
93	55
93	63
93	75
93	76
93	78
93	80
93	81
93	82
93	83
93	84
93	85
93	86
93	87
93	88
93	89
93	90
93	91
93	92
93	93
93	94
93	95
93	96
93	97
93	98
93	99
93	100
93	106
93	111
93	121
93	126
94	4
94	9
94	10
94	11
94	12
94	13
94	14
94	21
94	23
94	27
94	29
94	30
94	31
94	32
94	33
94	34
94	35
94	36
94	37
94	38
94	42
94	43
94	44
94	47
94	48
94	49
94	50
94	52
94	53
94	54
94	55
94	63
94	64
94	67
94	75
94	77
94	78
94	79
94	80
94	81
94	82
94	83
94	84
94	85
94	86
94	87
94	88
94	89
94	90
94	91
94	92
94	93
94	94
94	95
94	96
94	97
94	98
94	99
94	100
94	101
94	102
94	113
94	118
94	126
95	0
95	1
95	3
95	4
95	5
95	6
95	7
95	8
95	10
95	11
95	12
95	13
95	14
95	15
95	21
95	27
95	28
95	29
95	30
95	31
95	32
95	33
95	49
95	50
95	51
95	52
95	53
95	54
95	55
95	56
95	63
95	64
95	65
95	66
95	67
95	68
95	69
95	70
95	73
95	75
95	80
95	82
95	83
95	85
95	86
95	87
95	89
95	90
95	91
95	92
95	93
95	94
95	95
95	96
95	97
95	98
95	99
95	100
95	101
95	120
95	126
95	127
96	0
96	1
96	2
96	3
96	4
96	7
96	8
96	9
96	10
96	11
96	12
96	13
96	14
96	15
96	17
96	28
96	29
96	30
96	31
96	32
96	33
96	37
96	38
96	42
96	46
96	49
96	50
96	51
96	52
96	53
96	54
96	55
96	56
96	57
96	64
96	65
96	66
96	67
96	68
96	69
96	70
96	71
96	72
96	73
96	75
96	80
96	81
96	82
96	83
96	84
96	85
96	86
96	87
96	88
96	89
96	90
96	91
96	92
96	93
96	94
96	95
96	96
96	97
96	98
96	100
96	101
96	102
96	125
96	126
97	0
97	3
97	4
97	5
97	6
97	7
97	8
97	11
97	12
97	13
97	14
97	15
97	16
97	27
97	28
97	29
97	30
97	31
97	32
97	33
97	34
97	35
97	38
97	39
97	40
97	41
97	42
97	43
97	47
97	49
97	50
97	51
97	52
97	53
97	54
97	55
97	56
97	57
97	61
97	62
97	63
97	64
97	65
97	66
97	67
97	68
97	69
97	70
97	71
97	72
97	73
97	75
97	76
97	80
97	81
97	82
97	83
97	86
97	87
97	88
97	89
97	90
97	91
97	92
97	93
97	94
97	95
97	96
97	97
97	98
97	99
97	100
97	101
97	102
97	124
97	125
97	126
97	127
98	3
98	4
98	5
98	8
98	9
98	10
98	11
98	12
98	13
98	14
98	27
98	30
98	31
98	32
98	33
98	35
98	36
98	38
98	39
98	40
98	41
98	42
98	46
98	47
98	48
98	49
98	50
98	51
98	52
98	53
98	54
98	55
98	56
98	60
98	61
98	64
98	65
98	66
98	67
98	68
98	69
98	70
98	71
98	76
98	80
98	81
98	82
98	83
98	84
98	85
98	86
98	87
98	88
98	89
98	90
98	91
98	92
98	93
98	94
98	95
98	96
98	97
98	98
98	99
98	100
98	101
98	105
98	125
98	126
98	127
99	0
99	2
99	3
99	9
99	10
99	11
99	12
99	13
99	14
99	18
99	27
99	29
99	30
99	31
99	35
99	36
99	37
99	38
99	39
99	40
99	41
99	42
99	46
99	47
99	48
99	49
99	50
99	51
99	52
99	53
99	54
99	55
99	56
99	61
99	62
99	64
99	65
99	67
99	68
99	71
99	84
99	85
99	88
99	89
99	90
99	91
99	92
99	93
99	94
99	95
99	96
99	97
99	98
99	99
99	100
99	122
99	125
99	126
99	127
100	0
100	2
100	3
100	11
100	12
100	13
100	14
100	15
100	35
100	36
100	37
100	47
100	50
100	51
100	52
100	53
100	54
100	55
100	56
100	57
100	64
100	65
100	66
100	67
100	68
100	71
100	83
100	85
100	86
100	88
100	89
100	90
100	91
100	92
100	93
100	94
100	95
100	96
100	97
100	98
100	99
100	125
100	126
100	127
101	0
101	1
101	2
101	3
101	4
101	5
101	14
101	15
101	16
101	24
101	26
101	34
101	35
101	36
101	47
101	53
101	54
101	55
101	56
101	57
101	58
101	63
101	64
101	65
101	66
101	67
101	71
101	83
101	84
101	86
101	87
101	88
101	89
101	90
101	91
101	93
101	94
101	95
101	96
101	97
101	98
101	99
101	101
101	102
101	107
101	117
101	125
101	126
101	127
102	2
102	3
102	4
102	5
102	12
102	13
102	14
102	15
102	16
102	17
102	23
102	32
102	34
102	35
102	36
102	37
102	53
102	54
102	55
102	56
102	57
102	58
102	63
102	65
102	66
102	71
102	72
102	73
102	80
102	81
102	83
102	84
102	85
102	86
102	87
102	88
102	89
102	90
102	91
102	92
102	93
102	94
102	95
102	97
102	98
102	99
102	101
102	102
102	106
102	107
102	115
102	117
102	122
102	123
102	125
102	126
102	127
103	0
103	1
103	2
103	3
103	4
103	5
103	8
103	12
103	13
103	14
103	15
103	16
103	17
103	27
103	28
103	31
103	32
103	33
103	34
103	35
103	36
103	37
103	43
103	48
103	50
103	53
103	54
103	55
103	56
103	57
103	58
103	65
103	70
103	71
103	72
103	73
103	74
103	75
103	79
103	80
103	81
103	83
103	85
103	86
103	87
103	89
103	90
103	91
103	92
103	93
103	94
103	95
103	98
103	99
103	101
103	102
103	103
103	104
103	105
103	106
103	107
103	108
103	112
103	122
103	123
103	124
103	125
103	126
103	127
104	0
104	1
104	2
104	3
104	4
104	11
104	12
104	13
104	14
104	15
104	16
104	17
104	18
104	19
104	26
104	27
104	28
104	31
104	32
104	33
104	36
104	37
104	47
104	48
104	49
104	50
104	51
104	52
104	53
104	55
104	59
104	60
104	61
104	62
104	68
104	69
104	70
104	71
104	72
104	73
104	80
104	81
104	82
104	85
104	86
104	87
104	93
104	94
104	95
104	96
104	97
104	98
104	99
104	100
104	101
104	102
104	103
104	104
104	105
104	106
104	107
104	108
104	109
104	112
104	113
104	114
104	115
104	124
104	125
105	0
105	1
105	2
105	3
105	4
105	5
105	12
105	13
105	14
105	15
105	16
105	17
105	18
105	19
105	20
105	24
105	26
105	27
105	28
105	32
105	33
105	46
105	47
105	50
105	51
105	52
105	53
105	54
105	59
105	62
105	63
105	68
105	69
105	70
105	71
105	72
105	80
105	81
105	82
105	85
105	86
105	87
105	90
105	91
105	92
105	93
105	94
105	95
105	97
105	98
105	99
105	101
105	102
105	103
105	104
105	105
105	106
105	107
105	108
105	109
105	112
105	113
105	114
105	115
105	124
105	125
105	127
106	0
106	1
106	2
106	3
106	4
106	9
106	10
106	12
106	13
106	14
106	15
106	16
106	17
106	18
106	19
106	20
106	24
106	25
106	26
106	27
106	28
106	29
106	32
106	33
106	36
106	37
106	38
106	46
106	47
106	48
106	49
106	50
106	51
106	52
106	53
106	58
106	62
106	66
106	71
106	72
106	73
106	81
106	82
106	83
106	84
106	85
106	86
106	91
106	92
106	93
106	94
106	95
106	96
106	97
106	98
106	99
106	100
106	101
106	102
106	103
106	104
106	105
106	106
106	108
106	109
106	110
106	111
106	112
106	123
106	124
106	125
106	126
106	127
107	0
107	2
107	3
107	4
107	7
107	9
107	14
107	15
107	16
107	17
107	18
107	19
107	20
107	21
107	24
107	25
107	26
107	27
107	28
107	29
107	30
107	31
107	33
107	42
107	43
107	46
107	47
107	48
107	49
107	50
107	51
107	52
107	53
107	56
107	57
107	64
107	65
107	66
107	68
107	69
107	70
107	71
107	72
107	73
107	81
107	82
107	84
107	86
107	92
107	93
107	94
107	95
107	96
107	97
107	98
107	99
107	100
107	101
107	102
107	103
107	104
107	106
107	108
107	109
107	110
107	111
107	114
107	123
107	124
107	125
107	127
108	0
108	3
108	6
108	7
108	8
108	9
108	14
108	15
108	16
108	17
108	18
108	19
108	20
108	21
108	23
108	24
108	25
108	26
108	27
108	28
108	29
108	30
108	31
108	42
108	43
108	44
108	45
108	46
108	48
108	49
108	50
108	51
108	52
108	53
108	54
108	55
108	56
108	57
108	64
108	65
108	66
108	68
108	69
108	70
108	71
108	72
108	73
108	74
108	80
108	81
108	90
108	92
108	93
108	94
108	95
108	96
108	98
108	99
108	100
108	101
108	102
108	103
108	104
108	106
108	107
108	108
108	109
108	110
108	111
108	112
108	123
108	124
108	125
109	0
109	1
109	6
109	7
109	8
109	9
109	13
109	14
109	15
109	16
109	17
109	18
109	19
109	20
109	21
109	22
109	23
109	27
109	28
109	30
109	31
109	39
109	41
109	42
109	43
109	44
109	45
109	46
109	48
109	49
109	50
109	51
109	52
109	53
109	54
109	55
109	56
109	57
109	61
109	62
109	63
109	64
109	65
109	66
109	68
109	69
109	70
109	71
109	72
109	73
109	74
109	79
109	80
109	81
109	88
109	89
109	90
109	91
109	92
109	93
109	94
109	95
109	96
109	97
109	98
109	99
109	100
109	101
109	102
109	103
109	104
109	105
109	106
109	107
109	108
109	109
109	110
109	111
109	112
109	113
109	114
109	115
109	120
109	123
109	124
109	125
109	126
109	127
110	4
110	5
110	6
110	8
110	9
110	13
110	14
110	15
110	16
110	17
110	18
110	19
110	20
110	21
110	22
110	23
110	24
110	31
110	37
110	38
110	39
110	40
110	41
110	42
110	43
110	44
110	45
110	46
110	48
110	49
110	50
110	51
110	52
110	53
110	54
110	55
110	56
110	57
110	59
110	61
110	62
110	65
110	66
110	68
110	69
110	70
110	71
110	72
110	74
110	79
110	80
110	81
110	82
110	83
110	84
110	88
110	89
110	90
110	91
110	92
110	93
110	94
110	95
110	96
110	97
110	100
110	101
110	102
110	103
110	104
110	105
110	106
110	107
110	108
110	109
110	110
110	111
110	112
110	113
110	114
110	115
110	117
110	118
110	119
110	120
110	121
110	123
110	124
110	125
110	126
110	127
111	4
111	8
111	14
111	15
111	16
111	17
111	18
111	21
111	22
111	23
111	24
111	25
111	26
111	27
111	37
111	38
111	39
111	40
111	41
111	42
111	43
111	44
111	45
111	46
111	47
111	52
111	54
111	55
111	56
111	57
111	59
111	60
111	61
111	62
111	63
111	64
111	65
111	66
111	67
111	68
111	69
111	70
111	71
111	72
111	73
111	74
111	75
111	76
111	77
111	80
111	81
111	82
111	83
111	84
111	85
111	86
111	87
111	88
111	89
111	90
111	91
111	92
111	93
111	94
111	95
111	96
111	97
111	98
111	101
111	102
111	103
111	104
111	105
111	106
111	107
111	108
111	109
111	110
111	111
111	112
111	113
111	114
111	119
111	120
111	121
111	122
111	123
111	124
111	125
112	16
112	17
112	18
112	19
112	20
112	21
112	22
112	23
112	24
112	25
112	26
112	28
112	29
112	33
112	35
112	36
112	37
112	38
112	40
112	41
112	42
112	43
112	44
112	45
112	46
112	47
112	52
112	54
112	55
112	56
112	57
112	58
112	59
112	60
112	61
112	62
112	63
112	64
112	65
112	66
112	67
112	68
112	69
112	70
112	71
112	72
112	73
112	74
112	76
112	77
112	79
112	80
112	81
112	82
112	83
112	85
112	86
112	87
112	89
112	90
112	91
112	92
112	93
112	94
112	95
112	96
112	97
112	100
112	101
112	102
112	103
112	104
112	105
112	106
112	107
112	108
112	109
112	112
112	119
112	120
112	121
112	122
112	123
113	4
113	11
113	14
113	17
113	18
113	37
113	38
113	39
113	40
113	42
113	43
113	44
113	45
113	46
113	47
113	48
113	49
113	50
113	51
113	55
113	56
113	57
113	58
113	59
113	60
113	61
113	62
113	63
113	66
113	67
113	68
113	69
113	70
113	71
113	73
113	74
113	75
113	76
113	77
113	78
113	79
113	80
113	81
113	82
113	83
113	84
113	85
113	86
113	87
113	88
113	89
113	90
113	91
113	93
113	94
113	95
113	96
113	97
113	99
113	100
113	102
113	103
113	104
113	105
113	106
113	107
113	108
113	109
113	112
113	113
113	114
113	115
113	119
113	120
113	121
113	122
113	123
113	125
114	0
114	3
114	4
114	5
114	6
114	19
114	26
114	36
114	37
114	38
114	39
114	40
114	41
114	42
114	43
114	44
114	45
114	47
114	48
114	49
114	55
114	56
114	57
114	58
114	61
114	62
114	63
114	65
114	66
114	67
114	68
114	69
114	70
114	71
114	73
114	74
114	75
114	76
114	78
114	79
114	80
114	81
114	82
114	83
114	84
114	85
114	86
114	87
114	88
114	89
114	90
114	92
114	93
114	94
114	95
114	96
114	97
114	98
114	102
114	106
114	107
114	114
114	115
114	116
114	119
114	120
114	121
114	122
114	123
114	124
114	125
114	126
114	127
115	3
115	4
115	5
115	6
115	9
115	10
115	36
115	37
115	38
115	39
115	40
115	41
115	42
115	43
115	44
115	45
115	46
115	49
115	50
115	51
115	52
115	53
115	54
115	55
115	57
115	58
115	61
115	62
115	63
115	64
115	65
115	66
115	67
115	68
115	69
115	70
115	71
115	73
115	74
115	75
115	76
115	77
115	78
115	79
115	80
115	81
115	82
115	83
115	84
115	85
115	86
115	87
115	88
115	89
115	90
115	91
115	94
115	96
115	97
115	99
115	100
115	101
115	106
115	107
115	110
115	111
115	114
115	115
115	119
115	120
115	121
115	122
115	123
115	124
115	125
115	126
115	127
116	0
116	1
116	2
116	3
116	4
116	5
116	6
116	11
116	12
116	20
116	23
116	24
116	36
116	37
116	38
116	39
116	40
116	41
116	42
116	43
116	44
116	46
116	47
116	48
116	49
116	50
116	51
116	52
116	53
116	54
116	56
116	57
116	58
116	61
116	62
116	63
116	64
116	65
116	66
116	68
116	69
116	70
116	73
116	74
116	76
116	77
116	78
116	79
116	80
116	81
116	82
116	83
116	84
116	85
116	86
116	87
116	88
116	89
116	90
116	91
116	99
116	100
116	102
116	103
116	104
116	105
116	106
116	107
116	114
116	120
116	121
116	122
116	123
116	124
116	125
116	126
116	127
117	0
117	1
117	2
117	3
117	4
117	11
117	12
117	14
117	15
117	16
117	23
117	24
117	25
117	34
117	38
117	39
117	40
117	41
117	42
117	43
117	44
117	47
117	48
117	49
117	50
117	51
117	52
117	53
117	56
117	57
117	58
117	60
117	61
117	64
117	65
117	66
117	67
117	68
117	69
117	70
117	72
117	73
117	74
117	75
117	76
117	77
117	78
117	79
117	81
117	82
117	83
117	84
117	85
117	86
117	87
117	88
117	89
117	90
117	98
117	99
117	100
117	101
117	104
117	105
117	106
117	107
117	108
117	109
117	121
117	122
117	123
117	124
117	125
117	126
117	127
118	0
118	1
118	2
118	3
118	4
118	5
118	6
118	26
118	27
118	28
118	30
118	35
118	38
118	39
118	40
118	41
118	42
118	43
118	48
118	49
118	50
118	51
118	52
118	56
118	57
118	58
118	59
118	60
118	61
118	64
118	66
118	67
118	68
118	69
118	70
118	71
118	72
118	73
118	74
118	75
118	76
118	77
118	78
118	79
118	80
118	81
118	82
118	83
118	84
118	85
118	86
118	87
118	88
118	89
118	90
118	99
118	100
118	101
118	102
118	103
118	104
118	105
118	106
118	108
118	119
118	120
118	121
118	122
118	123
118	124
118	125
118	126
118	127
119	1
119	2
119	3
119	4
119	5
119	6
119	7
119	30
119	31
119	32
119	33
119	35
119	36
119	37
119	38
119	39
119	40
119	42
119	43
119	47
119	48
119	49
119	52
119	54
119	55
119	56
119	57
119	58
119	59
119	60
119	61
119	64
119	65
119	66
119	67
119	68
119	69
119	70
119	71
119	72
119	73
119	74
119	75
119	76
119	77
119	79
119	80
119	81
119	82
119	83
119	84
119	85
119	86
119	87
119	88
119	89
119	90
119	93
119	94
119	96
119	98
119	100
119	101
119	114
119	115
119	119
119	120
119	121
119	122
119	123
119	125
119	126
120	0
120	1
120	2
120	3
120	4
120	5
120	6
120	7
120	28
120	31
120	32
120	33
120	35
120	36
120	37
120	38
120	39
120	42
120	47
120	48
120	52
120	55
120	56
120	57
120	58
120	59
120	60
120	61
120	62
120	63
120	64
120	65
120	66
120	67
120	68
120	69
120	70
120	71
120	72
120	73
120	74
120	75
120	77
120	79
120	80
120	81
120	82
120	83
120	84
120	85
120	87
120	88
120	89
120	92
120	93
120	94
120	99
120	100
120	101
120	114
120	115
120	118
120	119
120	120
120	121
120	122
120	123
120	124
121	3
121	4
121	6
121	7
121	8
121	11
121	12
121	13
121	20
121	24
121	28
121	30
121	31
121	46
121	47
121	48
121	50
121	51
121	52
121	55
121	56
121	57
121	58
121	59
121	60
121	61
121	62
121	63
121	64
121	65
121	66
121	67
121	68
121	69
121	70
121	71
121	72
121	73
121	74
121	75
121	76
121	77
121	79
121	80
121	81
121	82
121	84
121	85
121	86
121	87
121	88
121	89
121	90
121	92
121	93
121	94
121	95
121	96
121	107
121	108
121	114
121	115
121	116
121	118
121	119
121	120
121	121
121	122
121	123
121	124
122	1
122	2
122	3
122	4
122	6
122	8
122	30
122	31
122	35
122	41
122	44
122	46
122	47
122	48
122	49
122	51
122	52
122	53
122	54
122	55
122	56
122	57
122	58
122	59
122	60
122	61
122	62
122	63
122	64
122	65
122	66
122	67
122	68
122	69
122	70
122	71
122	72
122	73
122	74
122	76
122	77
122	80
122	81
122	82
122	83
122	85
122	86
122	87
122	88
122	89
122	90
122	91
122	92
122	95
122	106
122	109
122	110
122	113
122	114
122	115
122	116
122	117
122	118
122	119
122	120
122	121
122	122
123	1
123	2
123	3
123	6
123	7
123	8
123	9
123	39
123	40
123	44
123	45
123	46
123	47
123	48
123	49
123	51
123	52
123	53
123	54
123	55
123	56
123	57
123	58
123	59
123	60
123	61
123	62
123	63
123	64
123	65
123	66
123	67
123	68
123	69
123	70
123	71
123	73
123	74
123	75
123	81
123	83
123	85
123	86
123	87
123	88
123	89
123	90
123	91
123	92
123	100
123	110
123	113
123	114
123	115
123	116
123	117
123	118
123	119
123	120
123	123
123	124
124	0
124	7
124	8
124	9
124	24
124	47
124	48
124	49
124	52
124	53
124	55
124	56
124	57
124	58
124	59
124	60
124	61
124	62
124	63
124	64
124	65
124	66
124	67
124	68
124	69
124	71
124	72
124	74
124	75
124	76
124	83
124	84
124	85
124	86
124	87
124	88
124	89
124	90
124	91
124	92
124	105
124	111
124	115
124	116
124	117
124	118
124	119
124	120
124	121
124	122
124	123
124	124
124	127
125	0
125	8
125	40
125	41
125	46
125	47
125	48
125	49
125	50
125	55
125	56
125	57
125	58
125	59
125	60
125	61
125	62
125	63
125	64
125	66
125	67
125	68
125	69
125	70
125	72
125	73
125	74
125	75
125	76
125	77
125	78
125	79
125	82
125	83
125	84
125	86
125	87
125	88
125	89
125	90
125	110
125	111
125	115
125	116
125	117
125	118
125	119
125	120
125	121
125	122
125	123
125	124
125	126
125	127
126	0
126	15
126	42
126	43
126	46
126	47
126	48
126	49
126	51
126	57
126	58
126	59
126	63
126	64
126	65
126	66
126	67
126	68
126	69
126	70
126	75
126	76
126	77
126	78
126	79
126	81
126	82
126	83
126	84
126	85
126	86
126	87
126	88
126	89
126	116
126	117
126	118
126	119
126	120
126	121
126	122
126	123
126	124
126	125
126	126
126	127
127	0
127	22
127	42
127	43
127	46
127	48
127	49
127	50
127	51
127	52
127	53
127	54
127	55
127	56
127	57
127	58
127	59
127	60
127	63
127	64
127	65
127	66
127	67
127	68
127	69
127	76
127	77
127	78
127	79
127	81
127	82
127	83
127	87
127	88
127	94
127	95
127	116
127	117
127	118
127	119
127	120
127	121
127	123
127	124
127	125
127	126
127	127
