size	128
T	2.5
J	1
H	0
x	y
0	0
0	1
0	2
0	3
0	4
0	5
0	6
0	7
0	8
0	9
0	10
0	11
0	14
0	27
0	28
0	29
0	30
0	31
0	32
0	33
0	35
0	36
0	37
0	38
0	39
0	40
0	45
0	48
0	49
0	50
0	51
0	52
0	53
0	54
0	55
0	56
0	57
0	58
0	59
0	60
0	61
0	62
0	63
0	64
0	65
0	67
0	68
0	69
0	71
0	72
0	73
0	74
0	75
0	77
0	78
0	79
0	80
0	81
0	82
0	86
0	87
0	88
0	89
0	90
0	92
0	96
0	97
0	98
0	104
0	105
0	106
0	111
0	121
0	122
0	124
1	1
1	2
1	5
1	6
1	7
1	8
1	9
1	10
1	11
1	30
1	31
1	32
1	33
1	35
1	36
1	37
1	38
1	39
1	40
1	41
1	47
1	48
1	49
1	50
1	51
1	52
1	53
1	54
1	55
1	56
1	57
1	58
1	61
1	62
1	63
1	64
1	65
1	66
1	67
1	68
1	71
1	72
1	73
1	74
1	75
1	76
1	77
1	78
1	79
1	80
1	81
1	85
1	86
1	87
1	88
1	89
1	90
1	91
1	92
1	93
1	94
1	95
1	96
1	97
1	98
1	99
1	100
1	101
1	102
1	103
1	104
1	105
1	106
1	110
1	111
1	121
2	4
2	6
2	7
2	8
2	9
2	10
2	16
2	30
2	31
2	32
2	35
2	36
2	37
2	38
2	39
2	40
2	41
2	46
2	47
2	48
2	49
2	50
2	51
2	52
2	53
2	54
2	55
2	56
2	57
2	58
2	59
2	60
2	61
2	62
2	63
2	64
2	65
2	66
2	67
2	68
2	69
2	70
2	71
2	72
2	73
2	74
2	75
2	76
2	77
2	78
2	79
2	80
2	81
2	85
2	86
2	87
2	88
2	89
2	90
2	91
2	92
2	93
2	94
2	95
2	96
2	97
2	98
2	99
2	100
2	101
2	102
2	103
2	104
2	106
2	107
2	108
2	109
2	110
2	111
2	113
2	114
3	6
3	7
3	8
3	9
3	10
3	12
3	16
3	24
3	31
3	33
3	34
3	35
3	36
3	37
3	38
3	39
3	40
3	41
3	42
3	43
3	44
3	45
3	46
3	48
3	49
3	50
3	51
3	52
3	53
3	54
3	55
3	56
3	57
3	58
3	59
3	60
3	61
3	62
3	63
3	64
3	65
3	66
3	67
3	68
3	69
3	70
3	72
3	73
3	74
3	75
3	76
3	77
3	78
3	85
3	86
3	87
3	88
3	89
3	90
3	91
3	92
3	93
3	94
3	95
3	96
3	97
3	98
3	101
3	102
3	103
3	104
3	105
3	106
3	107
3	108
3	111
3	113
3	116
3	117
4	6
4	7
4	8
4	9
4	10
4	12
4	29
4	30
4	31
4	32
4	33
4	34
4	35
4	36
4	37
4	38
4	39
4	41
4	48
4	49
4	50
4	51
4	52
4	53
4	54
4	55
4	56
4	57
4	58
4	59
4	60
4	61
4	66
4	70
4	71
4	72
4	73
4	74
4	75
4	76
4	77
4	78
4	86
4	87
4	89
4	90
4	91
4	92
4	93
4	94
4	95
4	96
4	97
4	98
4	99
4	101
4	102
4	104
4	105
4	106
4	107
4	108
4	111
4	112
4	113
4	114
4	116
4	117
4	126
4	127
5	7
5	8
5	9
5	10
5	11
5	12
5	30
5	31
5	32
5	33
5	34
5	35
5	36
5	37
5	38
5	39
5	42
5	43
5	48
5	49
5	50
5	51
5	52
5	53
5	54
5	55
5	56
5	57
5	58
5	59
5	63
5	72
5	73
5	74
5	76
5	77
5	89
5	90
5	91
5	93
5	94
5	101
5	102
5	103
5	104
5	105
5	106
5	107
5	108
5	112
5	113
5	114
5	125
5	126
5	127
6	3
6	4
6	7
6	8
6	13
6	14
6	18
6	23
6	30
6	31
6	32
6	33
6	34
6	35
6	36
6	37
6	38
6	39
6	45
6	46
6	47
6	48
6	49
6	50
6	51
6	52
6	53
6	54
6	55
6	56
6	57
6	58
6	59
6	65
6	69
6	73
6	79
6	82
6	84
6	90
6	102
6	103
6	104
6	105
6	106
6	107
6	108
6	109
6	112
6	114
6	125
6	126
6	127
7	0
7	2
7	3
7	4
7	7
7	8
7	15
7	17
7	18
7	19
7	22
7	23
7	24
7	29
7	30
7	31
7	32
7	33
7	34
7	35
7	36
7	37
7	38
7	39
7	45
7	46
7	47
7	48
7	49
7	50
7	51
7	52
7	53
7	54
7	55
7	56
7	57
7	58
7	59
7	60
7	61
7	65
7	75
7	102
7	103
7	104
7	105
7	106
7	107
7	108
7	109
7	110
7	111
7	112
7	114
7	124
7	125
7	126
7	127
8	2
8	3
8	4
8	10
8	11
8	19
8	22
8	23
8	24
8	25
8	26
8	27
8	30
8	31
8	32
8	33
8	34
8	35
8	36
8	37
8	38
8	44
8	45
8	46
8	47
8	48
8	49
8	50
8	51
8	52
8	53
8	55
8	56
8	57
8	58
8	59
8	60
8	73
8	74
8	75
8	104
8	105
8	106
8	108
8	109
8	110
8	111
8	112
8	113
8	114
8	124
8	125
8	126
8	127
9	5
9	6
9	11
9	16
9	18
9	19
9	22
9	23
9	24
9	25
9	26
9	27
9	31
9	32
9	33
9	34
9	35
9	36
9	37
9	38
9	39
9	44
9	45
9	46
9	47
9	48
9	49
9	50
9	51
9	52
9	53
9	54
9	55
9	56
9	57
9	58
9	59
9	60
9	63
9	64
9	68
9	69
9	70
9	72
9	73
9	74
9	75
9	76
9	106
9	108
9	109
9	110
9	111
9	112
9	113
9	114
9	123
9	126
9	127
10	22
10	23
10	24
10	25
10	26
10	27
10	32
10	33
10	34
10	35
10	36
10	37
10	38
10	39
10	40
10	41
10	44
10	45
10	47
10	48
10	49
10	50
10	51
10	52
10	53
10	54
10	55
10	56
10	57
10	58
10	59
10	60
10	61
10	62
10	63
10	64
10	70
10	72
10	73
10	74
10	75
10	81
10	82
10	83
10	92
10	93
10	105
10	106
10	107
10	108
10	109
10	110
10	111
10	112
10	113
10	114
10	116
10	117
10	118
10	119
10	126
10	127
11	22
11	23
11	24
11	25
11	26
11	27
11	32
11	33
11	34
11	35
11	36
11	37
11	38
11	39
11	40
11	43
11	44
11	45
11	51
11	52
11	54
11	55
11	56
11	57
11	58
11	59
11	60
11	61
11	62
11	63
11	64
11	70
11	81
11	82
11	83
11	91
11	92
11	104
11	105
11	106
11	107
11	108
11	109
11	110
11	111
11	112
11	113
11	114
11	115
11	116
11	117
11	118
11	119
11	125
11	126
11	127
12	23
12	24
12	25
12	26
12	27
12	28
12	29
12	30
12	31
12	33
12	34
12	35
12	36
12	38
12	39
12	40
12	42
12	43
12	44
12	45
12	52
12	53
12	54
12	55
12	57
12	58
12	59
12	60
12	61
12	62
12	63
12	74
12	78
12	80
12	81
12	82
12	83
12	92
12	93
12	94
12	102
12	103
12	104
12	105
12	106
12	107
12	109
12	110
12	111
12	112
12	113
12	114
12	117
12	118
12	119
12	120
12	121
12	122
12	123
12	124
12	125
12	127
13	11
13	17
13	22
13	23
13	24
13	25
13	26
13	27
13	28
13	29
13	30
13	31
13	32
13	33
13	34
13	35
13	36
13	37
13	38
13	39
13	40
13	41
13	42
13	43
13	44
13	45
13	55
13	56
13	57
13	58
13	59
13	60
13	75
13	79
13	80
13	81
13	82
13	92
13	93
13	96
13	99
13	102
13	103
13	105
13	106
13	107
13	108
13	109
13	110
13	111
13	113
13	114
13	116
13	117
13	121
13	122
13	123
13	124
13	125
14	12
14	13
14	22
14	23
14	24
14	25
14	26
14	27
14	28
14	30
14	31
14	32
14	33
14	34
14	35
14	36
14	37
14	38
14	39
14	41
14	42
14	43
14	44
14	45
14	54
14	55
14	56
14	57
14	58
14	59
14	60
14	71
14	75
14	77
14	80
14	81
14	82
14	90
14	91
14	94
14	95
14	96
14	97
14	98
14	101
14	102
14	103
14	104
14	106
14	107
14	108
14	109
14	110
14	111
14	112
14	113
14	114
14	115
14	120
14	121
14	122
14	123
14	124
14	125
14	126
15	10
15	11
15	12
15	13
15	24
15	25
15	26
15	27
15	28
15	30
15	31
15	32
15	33
15	34
15	35
15	36
15	37
15	38
15	39
15	40
15	41
15	42
15	43
15	54
15	55
15	56
15	57
15	58
15	59
15	60
15	75
15	80
15	81
15	83
15	84
15	85
15	90
15	91
15	94
15	95
15	96
15	97
15	98
15	99
15	102
15	103
15	105
15	106
15	109
15	110
15	111
15	112
15	113
15	114
15	115
15	116
15	119
15	120
15	121
15	122
15	123
15	124
15	125
15	126
16	0
16	11
16	12
16	14
16	19
16	20
16	25
16	26
16	27
16	28
16	29
16	30
16	31
16	32
16	33
16	34
16	35
16	36
16	37
16	38
16	39
16	40
16	41
16	42
16	43
16	56
16	58
16	62
16	66
16	84
16	85
16	89
16	90
16	91
16	93
16	94
16	95
16	96
16	97
16	98
16	99
16	102
16	103
16	105
16	106
16	110
16	111
16	112
16	114
16	115
16	116
16	117
16	118
16	119
16	120
16	121
16	122
16	123
16	124
16	125
16	126
16	127
17	0
17	1
17	12
17	14
17	24
17	25
17	27
17	28
17	29
17	30
17	31
17	32
17	33
17	34
17	35
17	36
17	37
17	38
17	40
17	41
17	42
17	43
17	53
17	56
17	70
17	71
17	72
17	73
17	74
17	82
17	90
17	91
17	92
17	93
17	94
17	95
17	96
17	97
17	98
17	102
17	103
17	105
17	106
17	107
17	109
17	110
17	111
17	114
17	115
17	116
17	117
17	118
17	119
17	120
17	121
17	122
17	123
17	124
17	125
17	126
17	127
18	0
18	15
18	16
18	22
18	23
18	25
18	27
18	28
18	29
18	30
18	31
18	32
18	33
18	34
18	37
18	38
18	39
18	40
18	41
18	43
18	49
18	62
18	63
18	69
18	70
18	71
18	72
18	73
18	90
18	91
18	92
18	93
18	94
18	95
18	98
18	99
18	103
18	104
18	105
18	106
18	107
18	109
18	110
18	111
18	112
18	113
18	114
18	115
18	116
18	117
18	121
18	122
18	123
18	124
18	125
18	126
18	127
19	0
19	15
19	16
19	21
19	22
19	28
19	29
19	30
19	31
19	32
19	33
19	34
19	37
19	38
19	39
19	40
19	41
19	42
19	43
19	46
19	47
19	48
19	49
19	55
19	63
19	68
19	69
19	70
19	71
19	72
19	77
19	90
19	91
19	92
19	93
19	103
19	104
19	105
19	106
19	107
19	110
19	111
19	112
19	113
19	114
19	115
19	116
19	117
19	121
19	122
19	123
19	124
19	125
19	126
19	127
20	3
20	21
20	22
20	27
20	28
20	29
20	30
20	31
20	32
20	33
20	34
20	37
20	38
20	40
20	41
20	45
20	46
20	47
20	48
20	49
20	51
20	52
20	58
20	59
20	70
20	71
20	72
20	73
20	74
20	77
20	78
20	81
20	82
20	83
20	84
20	85
20	86
20	90
20	91
20	104
20	105
20	106
20	107
20	111
20	112
20	113
20	114
20	115
20	116
20	117
20	118
20	123
20	124
20	125
21	19
21	22
21	23
21	28
21	29
21	30
21	31
21	32
21	33
21	37
21	38
21	41
21	48
21	49
21	50
21	51
21	59
21	60
21	65
21	66
21	70
21	71
21	72
21	73
21	74
21	75
21	76
21	77
21	82
21	83
21	84
21	85
21	86
21	87
21	88
21	89
21	90
21	91
21	103
21	104
21	106
21	107
21	115
21	116
21	121
21	122
21	123
21	124
21	125
22	1
22	2
22	14
22	16
22	17
22	19
22	20
22	21
22	22
22	23
22	24
22	28
22	29
22	30
22	33
22	36
22	37
22	38
22	40
22	41
22	46
22	47
22	48
22	50
22	51
22	52
22	65
22	66
22	67
22	69
22	70
22	71
22	72
22	73
22	74
22	75
22	76
22	82
22	83
22	84
22	85
22	86
22	87
22	88
22	89
22	90
22	103
22	109
22	110
22	111
22	112
22	113
22	114
22	115
22	116
22	117
22	119
22	120
22	121
23	13
23	14
23	15
23	16
23	17
23	19
23	20
23	21
23	22
23	23
23	24
23	27
23	28
23	29
23	30
23	33
23	34
23	36
23	37
23	39
23	40
23	41
23	42
23	43
23	44
23	45
23	46
23	47
23	48
23	49
23	50
23	51
23	52
23	57
23	58
23	60
23	65
23	66
23	67
23	68
23	69
23	70
23	71
23	72
23	73
23	74
23	75
23	76
23	80
23	81
23	82
23	84
23	85
23	86
23	93
23	94
23	95
23	109
23	111
23	112
23	113
23	114
23	115
23	119
23	120
23	121
23	122
23	125
24	13
24	14
24	15
24	16
24	19
24	20
24	21
24	22
24	23
24	24
24	25
24	26
24	27
24	29
24	31
24	32
24	33
24	34
24	37
24	38
24	39
24	40
24	41
24	42
24	43
24	44
24	45
24	46
24	47
24	48
24	49
24	51
24	52
24	67
24	68
24	69
24	70
24	73
24	74
24	75
24	76
24	77
24	80
24	81
24	82
24	83
24	84
24	85
24	86
24	88
24	89
24	90
24	91
24	92
24	93
24	94
24	108
24	109
24	110
24	111
24	112
24	113
24	114
24	115
24	116
24	119
24	121
24	122
24	125
25	10
25	11
25	12
25	13
25	14
25	20
25	21
25	22
25	23
25	24
25	25
25	28
25	29
25	30
25	31
25	32
25	33
25	34
25	37
25	38
25	39
25	40
25	41
25	42
25	43
25	44
25	45
25	46
25	47
25	48
25	51
25	52
25	53
25	67
25	68
25	69
25	72
25	73
25	74
25	75
25	76
25	77
25	78
25	79
25	80
25	81
25	83
25	84
25	86
25	87
25	89
25	90
25	91
25	92
25	109
25	110
25	111
25	112
25	113
25	114
25	115
25	116
25	117
25	125
26	4
26	5
26	6
26	7
26	10
26	11
26	12
26	13
26	14
26	20
26	21
26	22
26	23
26	24
26	25
26	28
26	29
26	31
26	32
26	33
26	34
26	35
26	38
26	39
26	40
26	41
26	42
26	43
26	44
26	45
26	46
26	47
26	48
26	49
26	50
26	51
26	52
26	67
26	68
26	69
26	71
26	72
26	73
26	74
26	75
26	76
26	77
26	78
26	79
26	80
26	81
26	82
26	83
26	84
26	90
26	91
26	92
26	104
26	109
26	110
26	111
26	112
26	113
26	114
26	115
27	4
27	7
27	10
27	11
27	12
27	13
27	14
27	20
27	21
27	22
27	23
27	24
27	28
27	29
27	30
27	31
27	32
27	33
27	34
27	35
27	36
27	37
27	38
27	39
27	40
27	41
27	42
27	43
27	44
27	45
27	46
27	47
27	48
27	50
27	51
27	52
27	54
27	66
27	67
27	68
27	69
27	70
27	71
27	72
27	73
27	74
27	75
27	76
27	77
27	78
27	79
27	80
27	81
27	82
27	83
27	84
27	92
27	93
27	95
27	96
27	102
27	109
27	110
27	111
27	112
27	113
27	114
27	115
28	6
28	7
28	8
28	12
28	20
28	21
28	22
28	23
28	24
28	28
28	29
28	30
28	31
28	32
28	33
28	34
28	35
28	36
28	37
28	38
28	39
28	40
28	41
28	42
28	43
28	44
28	45
28	46
28	47
28	48
28	49
28	50
28	51
28	52
28	53
28	65
28	66
28	67
28	68
28	69
28	70
28	73
28	74
28	75
28	76
28	77
28	78
28	79
28	80
28	81
28	82
28	83
28	84
28	85
28	86
28	91
28	92
28	93
28	94
28	95
28	96
28	111
28	112
28	113
28	114
28	115
29	0
29	3
29	7
29	8
29	11
29	12
29	13
29	14
29	19
29	20
29	21
29	23
29	24
29	28
29	29
29	30
29	31
29	32
29	33
29	34
29	35
29	36
29	37
29	38
29	39
29	40
29	43
29	45
29	46
29	47
29	48
29	49
29	50
29	51
29	52
29	53
29	62
29	66
29	67
29	68
29	69
29	70
29	71
29	72
29	73
29	74
29	75
29	76
29	77
29	78
29	80
29	81
29	82
29	84
29	85
29	86
29	87
29	88
29	89
29	91
29	92
29	93
29	94
29	104
29	114
29	115
29	116
30	11
30	12
30	13
30	14
30	15
30	16
30	20
30	21
30	22
30	23
30	24
30	25
30	28
30	29
30	30
30	31
30	32
30	33
30	34
30	35
30	36
30	37
30	38
30	39
30	40
30	43
30	45
30	46
30	47
30	48
30	53
30	54
30	65
30	66
30	67
30	74
30	75
30	77
30	78
30	79
30	80
30	81
30	84
30	85
30	86
30	87
30	88
30	89
30	90
30	91
30	92
30	104
30	105
30	114
30	115
30	116
31	11
31	12
31	15
31	19
31	20
31	21
31	22
31	23
31	24
31	25
31	26
31	28
31	29
31	30
31	31
31	32
31	33
31	34
31	36
31	40
31	44
31	45
31	48
31	49
31	50
31	51
31	55
31	64
31	65
31	66
31	68
31	69
31	70
31	74
31	75
31	84
31	85
31	86
31	87
31	88
31	89
31	90
31	91
31	92
31	94
31	95
31	96
31	97
31	98
31	100
31	101
31	103
31	104
31	107
31	114
31	116
32	0
32	11
32	15
32	18
32	19
32	20
32	21
32	26
32	29
32	30
32	32
32	33
32	34
32	36
32	39
32	40
32	41
32	42
32	43
32	44
32	45
32	46
32	47
32	48
32	49
32	50
32	51
32	54
32	55
32	64
32	65
32	66
32	67
32	68
32	69
32	70
32	84
32	85
32	86
32	87
32	88
32	89
32	90
32	91
32	92
32	93
32	97
32	98
32	99
32	100
32	101
32	102
32	112
32	113
32	114
32	115
32	126
32	127
33	0
33	18
33	19
33	20
33	23
33	32
33	33
33	34
33	35
33	36
33	37
33	40
33	41
33	42
33	43
33	44
33	45
33	46
33	47
33	48
33	62
33	63
33	65
33	66
33	67
33	68
33	69
33	76
33	83
33	84
33	85
33	86
33	87
33	88
33	91
33	92
33	93
33	94
33	97
33	98
33	99
33	100
33	101
33	102
33	103
33	107
33	108
33	109
33	111
33	112
33	114
33	115
33	116
33	117
33	118
33	125
33	126
33	127
34	19
34	20
34	21
34	22
34	23
34	24
34	25
34	26
34	32
34	33
34	34
34	35
34	40
34	41
34	42
34	43
34	44
34	45
34	46
34	47
34	49
34	58
34	59
34	62
34	76
34	78
34	83
34	84
34	85
34	86
34	87
34	88
34	90
34	91
34	94
34	95
34	96
34	97
34	98
34	99
34	100
34	101
34	102
34	105
34	111
34	113
34	114
34	115
34	117
34	118
34	126
34	127
35	4
35	9
35	19
35	20
35	21
35	22
35	23
35	24
35	25
35	26
35	27
35	28
35	29
35	31
35	32
35	33
35	34
35	35
35	41
35	42
35	44
35	46
35	47
35	48
35	58
35	59
35	60
35	61
35	62
35	63
35	65
35	66
35	77
35	78
35	79
35	86
35	90
35	91
35	93
35	94
35	95
35	96
35	97
35	98
35	105
35	106
35	110
35	111
35	112
35	113
35	114
35	115
36	20
36	21
36	22
36	24
36	25
36	26
36	27
36	29
36	30
36	31
36	32
36	33
36	34
36	35
36	36
36	37
36	43
36	47
36	48
36	58
36	59
36	60
36	61
36	62
36	76
36	77
36	78
36	91
36	94
36	95
36	96
36	97
36	98
36	99
36	112
36	114
36	115
37	0
37	1
37	2
37	19
37	20
37	22
37	23
37	25
37	26
37	27
37	28
37	29
37	30
37	31
37	32
37	33
37	34
37	35
37	36
37	37
37	40
37	47
37	48
37	51
37	52
37	54
37	58
37	59
37	60
37	61
37	75
37	77
37	78
37	81
37	82
37	94
37	95
37	96
37	97
37	98
37	99
37	111
37	114
38	0
38	1
38	2
38	18
38	19
38	20
38	21
38	22
38	23
38	24
38	25
38	26
38	27
38	29
38	30
38	31
38	32
38	33
38	34
38	35
38	36
38	37
38	38
38	39
38	43
38	47
38	48
38	49
38	50
38	51
38	52
38	54
38	55
38	59
38	60
38	61
38	75
38	77
38	78
38	87
38	90
38	91
38	93
38	94
38	95
38	96
38	97
38	98
38	99
38	103
38	114
38	118
38	121
39	18
39	19
39	20
39	21
39	22
39	23
39	24
39	25
39	26
39	27
39	28
39	29
39	30
39	31
39	32
39	33
39	34
39	36
39	38
39	39
39	40
39	45
39	46
39	47
39	48
39	49
39	50
39	51
39	52
39	53
39	54
39	55
39	60
39	75
39	76
39	77
39	87
39	90
39	91
39	93
39	94
39	95
39	96
39	97
39	98
39	100
39	127
40	0
40	9
40	12
40	18
40	20
40	21
40	22
40	23
40	24
40	25
40	27
40	28
40	29
40	30
40	31
40	32
40	33
40	34
40	38
40	39
40	40
40	45
40	46
40	47
40	48
40	50
40	51
40	54
40	59
40	60
40	61
40	62
40	76
40	77
40	78
40	90
40	91
40	92
40	93
40	94
40	95
40	96
40	97
40	98
40	100
40	104
40	105
40	106
40	107
40	109
40	110
40	112
40	117
40	119
40	127
41	15
41	17
41	18
41	21
41	22
41	23
41	24
41	25
41	27
41	28
41	29
41	30
41	31
41	32
41	33
41	34
41	35
41	38
41	39
41	43
41	45
41	46
41	47
41	48
41	49
41	50
41	52
41	54
41	59
41	60
41	61
41	62
41	68
41	69
41	75
41	76
41	77
41	78
41	81
41	90
41	91
41	92
41	95
41	96
41	97
41	98
41	100
41	104
41	105
41	106
41	109
41	112
41	113
41	114
41	115
41	116
41	117
41	125
41	127
42	1
42	5
42	6
42	11
42	15
42	21
42	22
42	23
42	24
42	25
42	27
42	28
42	29
42	30
42	31
42	32
42	33
42	34
42	35
42	37
42	38
42	39
42	40
42	43
42	46
42	47
42	48
42	49
42	50
42	54
42	58
42	59
42	61
42	62
42	63
42	66
42	68
42	69
42	75
42	76
42	87
42	88
42	90
42	94
42	95
42	96
42	98
42	105
42	106
42	109
42	111
42	112
42	113
42	114
42	115
42	116
42	117
43	5
43	6
43	9
43	10
43	11
43	12
43	15
43	24
43	25
43	26
43	27
43	28
43	29
43	30
43	31
43	32
43	33
43	34
43	35
43	36
43	37
43	38
43	39
43	40
43	46
43	50
43	54
43	60
43	61
43	62
43	63
43	65
43	66
43	67
43	68
43	69
43	74
43	75
43	87
43	95
43	96
43	98
43	101
43	102
43	103
43	104
43	105
43	106
43	107
43	108
43	109
43	110
43	111
43	112
43	113
43	114
43	115
43	116
43	121
44	4
44	5
44	6
44	7
44	8
44	9
44	10
44	11
44	12
44	13
44	14
44	24
44	25
44	26
44	27
44	28
44	29
44	30
44	31
44	32
44	33
44	34
44	35
44	38
44	39
44	40
44	65
44	66
44	69
44	73
44	78
44	79
44	95
44	96
44	98
44	99
44	100
44	101
44	102
44	103
44	104
44	106
44	107
44	108
44	109
44	110
44	111
44	112
44	113
44	114
44	115
44	116
44	117
45	7
45	8
45	9
45	10
45	11
45	12
45	13
45	22
45	23
45	24
45	25
45	26
45	27
45	28
45	29
45	31
45	32
45	33
45	34
45	35
45	36
45	37
45	38
45	39
45	40
45	41
45	50
45	51
45	52
45	62
45	63
45	64
45	65
45	66
45	67
45	69
45	84
45	85
45	89
45	95
45	96
45	97
45	98
45	99
45	100
45	101
45	102
45	103
45	104
45	105
45	108
45	109
45	110
45	111
45	112
45	113
45	114
45	115
45	116
45	117
45	118
45	119
46	7
46	8
46	9
46	10
46	11
46	12
46	13
46	22
46	23
46	24
46	25
46	26
46	27
46	28
46	29
46	30
46	31
46	32
46	33
46	34
46	35
46	36
46	37
46	38
46	39
46	40
46	41
46	43
46	49
46	50
46	51
46	62
46	63
46	64
46	65
46	66
46	67
46	91
46	93
46	94
46	95
46	96
46	97
46	99
46	100
46	101
46	102
46	103
46	105
46	108
46	109
46	110
46	112
46	113
46	114
46	115
46	116
46	117
46	118
46	119
46	126
47	5
47	6
47	7
47	8
47	9
47	10
47	11
47	12
47	13
47	14
47	15
47	23
47	24
47	25
47	26
47	27
47	28
47	29
47	30
47	31
47	32
47	33
47	34
47	35
47	36
47	37
47	38
47	39
47	40
47	41
47	47
47	61
47	65
47	66
47	67
47	80
47	84
47	91
47	92
47	93
47	94
47	95
47	96
47	97
47	102
47	103
47	113
47	114
47	115
47	116
47	117
47	118
47	119
48	5
48	6
48	7
48	8
48	9
48	10
48	12
48	13
48	14
48	15
48	20
48	24
48	25
48	26
48	27
48	28
48	30
48	31
48	32
48	33
48	34
48	35
48	36
48	37
48	38
48	39
48	40
48	41
48	64
48	65
48	66
48	67
48	80
48	83
48	84
48	92
48	93
48	112
48	114
48	115
48	116
48	117
48	118
48	119
48	122
48	123
48	124
49	7
49	8
49	9
49	11
49	12
49	13
49	14
49	15
49	20
49	23
49	24
49	25
49	26
49	27
49	28
49	29
49	30
49	31
49	32
49	33
49	34
49	35
49	36
49	37
49	41
49	42
49	71
49	78
49	79
49	83
49	84
49	96
49	107
49	110
49	111
49	112
49	113
49	114
49	115
49	116
49	117
49	118
49	119
49	120
49	121
49	122
49	123
49	124
49	125
50	8
50	9
50	10
50	11
50	13
50	14
50	16
50	20
50	22
50	24
50	25
50	26
50	27
50	28
50	29
50	30
50	31
50	32
50	33
50	34
50	38
50	44
50	79
50	83
50	84
50	85
50	99
50	100
50	101
50	103
50	110
50	111
50	114
50	115
50	116
50	117
50	118
50	119
50	122
50	124
51	7
51	8
51	9
51	10
51	14
51	15
51	16
51	20
51	22
51	23
51	24
51	25
51	26
51	27
51	28
51	29
51	30
51	31
51	32
51	38
51	39
51	44
51	45
51	79
51	81
51	82
51	83
51	93
51	99
51	100
51	101
51	102
51	103
51	106
51	107
51	110
51	111
51	112
51	114
51	115
51	116
51	117
51	118
51	123
51	124
52	1
52	2
52	10
52	12
52	13
52	14
52	15
52	21
52	22
52	23
52	24
52	25
52	26
52	27
52	29
52	31
52	32
52	33
52	38
52	39
52	40
52	45
52	46
52	47
52	57
52	68
52	78
52	79
52	81
52	82
52	91
52	92
52	93
52	98
52	99
52	100
52	101
52	102
52	105
52	106
52	107
52	108
52	109
52	110
52	113
52	114
52	115
52	116
52	117
52	118
53	0
53	1
53	2
53	9
53	10
53	16
53	18
53	19
53	20
53	21
53	22
53	23
53	24
53	25
53	26
53	27
53	28
53	29
53	39
53	40
53	45
53	46
53	48
53	49
53	50
53	51
53	66
53	74
53	83
53	85
53	91
53	92
53	98
53	99
53	100
53	101
53	102
53	103
53	104
53	105
53	109
53	110
53	114
53	115
54	0
54	1
54	2
54	6
54	7
54	18
54	19
54	20
54	23
54	24
54	25
54	26
54	27
54	28
54	29
54	30
54	39
54	42
54	47
54	49
54	54
54	55
54	56
54	62
54	63
54	64
54	74
54	85
54	91
54	92
54	104
54	105
54	106
54	109
54	113
54	114
54	115
54	119
54	120
55	0
55	1
55	2
55	4
55	5
55	6
55	7
55	8
55	9
55	18
55	19
55	20
55	21
55	22
55	23
55	24
55	25
55	26
55	27
55	28
55	29
55	30
55	41
55	48
55	55
55	62
55	63
55	70
55	87
55	88
55	91
55	92
55	93
55	94
55	101
55	102
55	103
55	104
55	105
55	106
55	114
56	0
56	1
56	2
56	3
56	4
56	5
56	6
56	7
56	16
56	17
56	20
56	21
56	22
56	23
56	24
56	25
56	26
56	27
56	28
56	29
56	30
56	47
56	55
56	82
56	83
56	87
56	88
56	90
56	92
56	93
56	94
56	101
56	102
56	103
56	104
56	105
56	127
57	0
57	1
57	2
57	3
57	4
57	6
57	7
57	14
57	15
57	16
57	20
57	21
57	22
57	23
57	24
57	25
57	26
57	27
57	28
57	29
57	38
57	39
57	40
57	41
57	42
57	47
57	58
57	59
57	68
57	92
57	93
57	94
57	100
57	105
57	127
58	0
58	1
58	2
58	3
58	4
58	6
58	11
58	20
58	21
58	22
58	23
58	24
58	26
58	27
58	28
58	29
58	30
58	31
58	38
58	39
58	41
58	49
58	57
58	58
58	68
58	69
58	77
58	79
58	80
58	92
58	93
58	94
58	95
58	113
58	114
58	126
58	127
59	0
59	1
59	2
59	3
59	11
59	16
59	27
59	28
59	29
59	30
59	32
59	38
59	41
59	46
59	47
59	51
59	52
59	57
59	66
59	92
59	93
59	94
59	95
59	96
59	110
59	113
59	114
59	115
59	122
59	126
59	127
60	0
60	1
60	2
60	3
60	19
60	26
60	27
60	28
60	29
60	30
60	32
60	49
60	50
60	51
60	52
60	57
60	65
60	66
60	72
60	92
60	93
60	94
60	95
60	96
60	113
60	114
60	115
60	116
60	117
60	118
60	121
60	122
60	123
60	125
60	126
60	127
61	0
61	1
61	2
61	3
61	8
61	14
61	15
61	22
61	26
61	27
61	28
61	29
61	30
61	40
61	41
61	42
61	43
61	49
61	50
61	51
61	52
61	54
61	57
61	65
61	71
61	72
61	73
61	84
61	91
61	92
61	93
61	94
61	95
61	96
61	97
61	109
61	112
61	113
61	114
61	115
61	116
61	117
61	118
61	119
61	121
61	122
61	123
61	126
61	127
62	0
62	1
62	2
62	3
62	14
62	22
62	24
62	25
62	26
62	27
62	30
62	31
62	37
62	40
62	41
62	42
62	43
62	49
62	50
62	51
62	52
62	53
62	57
62	63
62	71
62	72
62	73
62	74
62	75
62	76
62	77
62	84
62	88
62	91
62	92
62	93
62	94
62	95
62	96
62	97
62	112
62	113
62	114
62	115
62	116
62	117
62	118
62	119
62	122
62	123
62	124
62	125
62	126
62	127
63	0
63	1
63	3
63	4
63	8
63	10
63	13
63	14
63	23
63	24
63	31
63	41
63	42
63	43
63	49
63	53
63	63
63	71
63	72
63	74
63	75
63	76
63	77
63	90
63	91
63	92
63	93
63	94
63	95
63	96
63	97
63	98
63	99
63	101
63	102
63	111
63	112
63	113
63	114
63	115
63	116
63	117
63	118
63	119
63	121
63	122
63	125
63	126
63	127
64	0
64	1
64	2
64	3
64	8
64	9
64	30
64	31
64	41
64	42
64	43
64	49
64	52
64	53
64	56
64	64
64	71
64	72
64	74
64	75
64	76
64	77
64	78
64	86
64	87
64	90
64	91
64	92
64	93
64	94
64	95
64	96
64	97
64	98
64	99
64	100
64	101
64	102
64	104
64	105
64	106
64	107
64	108
64	111
64	112
64	113
64	114
64	115
64	116
64	117
64	118
64	119
64	120
64	121
64	122
64	123
64	125
64	126
64	127
65	0
65	1
65	2
65	3
65	4
65	8
65	9
65	12
65	13
65	14
65	25
65	27
65	28
65	59
65	72
65	75
65	76
65	78
65	85
65	86
65	87
65	88
65	91
65	92
65	93
65	94
65	96
65	97
65	98
65	99
65	100
65	101
65	102
65	103
65	104
65	105
65	106
65	107
65	108
65	109
65	111
65	114
65	115
65	116
65	117
65	118
65	119
65	120
65	121
65	122
65	123
65	126
65	127
66	0
66	1
66	2
66	3
66	4
66	5
66	12
66	13
66	15
66	16
66	19
66	47
66	48
66	65
66	66
66	67
66	71
66	72
66	76
66	77
66	78
66	79
66	83
66	85
66	87
66	88
66	91
66	92
66	93
66	94
66	96
66	97
66	98
66	99
66	100
66	101
66	102
66	103
66	104
66	105
66	106
66	107
66	108
66	109
66	110
66	114
66	115
66	116
66	117
66	118
66	119
66	120
66	121
66	122
66	123
66	124
67	1
67	2
67	11
67	12
67	13
67	16
67	17
67	18
67	19
67	20
67	34
67	35
67	46
67	47
67	48
67	49
67	56
67	57
67	58
67	65
67	66
67	71
67	73
67	75
67	76
67	77
67	78
67	79
67	81
67	82
67	87
67	88
67	89
67	90
67	91
67	92
67	93
67	94
67	95
67	96
67	97
67	98
67	99
67	100
67	101
67	102
67	103
67	104
67	105
67	106
67	107
67	108
67	109
67	110
67	111
67	117
67	118
67	119
67	120
67	121
67	122
67	123
67	124
68	1
68	2
68	11
68	13
68	14
68	15
68	16
68	17
68	18
68	19
68	20
68	21
68	32
68	33
68	34
68	35
68	44
68	46
68	47
68	48
68	49
68	50
68	51
68	57
68	58
68	59
68	60
68	61
68	72
68	73
68	74
68	75
68	76
68	77
68	78
68	81
68	82
68	87
68	88
68	91
68	92
68	93
68	94
68	95
68	96
68	97
68	98
68	99
68	100
68	101
68	102
68	103
68	104
68	105
68	106
68	107
68	108
68	109
68	110
68	111
68	113
68	117
68	118
68	119
68	120
68	121
68	122
68	123
69	0
69	1
69	2
69	6
69	7
69	8
69	9
69	10
69	11
69	12
69	13
69	14
69	15
69	16
69	17
69	27
69	28
69	29
69	32
69	33
69	34
69	35
69	36
69	37
69	43
69	44
69	45
69	46
69	47
69	48
69	49
69	50
69	51
69	52
69	53
69	56
69	57
69	58
69	59
69	60
69	61
69	71
69	72
69	73
69	74
69	75
69	76
69	77
69	78
69	79
69	81
69	82
69	83
69	86
69	87
69	88
69	91
69	92
69	93
69	94
69	95
69	96
69	97
69	98
69	99
69	101
69	102
69	103
69	104
69	105
69	106
69	107
69	108
69	111
69	112
69	117
69	118
69	119
69	120
69	121
69	122
69	123
69	124
69	125
70	1
70	5
70	6
70	7
70	9
70	10
70	11
70	12
70	13
70	14
70	16
70	28
70	31
70	32
70	33
70	34
70	35
70	36
70	37
70	38
70	40
70	41
70	42
70	43
70	44
70	45
70	46
70	47
70	48
70	49
70	50
70	51
70	52
70	53
70	54
70	55
70	56
70	57
70	58
70	59
70	60
70	61
70	64
70	66
70	69
70	70
70	71
70	72
70	73
70	74
70	75
70	76
70	77
70	78
70	79
70	82
70	83
70	84
70	85
70	87
70	88
70	89
70	90
70	91
70	92
70	93
70	94
70	95
70	96
70	97
70	98
70	101
70	102
70	103
70	104
70	105
70	106
70	107
70	108
70	109
70	110
70	111
70	116
70	117
70	118
70	119
70	120
70	121
70	123
70	124
70	127
71	9
71	10
71	11
71	13
71	14
71	15
71	26
71	28
71	32
71	34
71	35
71	36
71	37
71	38
71	40
71	41
71	42
71	43
71	44
71	45
71	46
71	47
71	48
71	49
71	50
71	51
71	52
71	53
71	54
71	55
71	56
71	57
71	58
71	59
71	60
71	61
71	62
71	64
71	65
71	66
71	67
71	68
71	69
71	70
71	71
71	72
71	73
71	76
71	77
71	78
71	79
71	80
71	81
71	82
71	83
71	84
71	85
71	86
71	87
71	88
71	89
71	90
71	91
71	92
71	95
71	96
71	97
71	98
71	103
71	104
71	106
71	107
71	108
71	109
71	110
71	111
71	112
71	115
71	116
71	117
71	118
71	119
71	120
71	121
71	124
72	11
72	13
72	14
72	15
72	16
72	21
72	22
72	23
72	24
72	25
72	26
72	27
72	28
72	32
72	33
72	34
72	35
72	36
72	37
72	38
72	39
72	40
72	41
72	42
72	43
72	44
72	45
72	46
72	47
72	48
72	49
72	50
72	51
72	52
72	53
72	54
72	57
72	58
72	59
72	60
72	61
72	62
72	63
72	64
72	65
72	66
72	67
72	69
72	70
72	71
72	72
72	76
72	77
72	78
72	79
72	80
72	81
72	82
72	83
72	84
72	85
72	86
72	87
72	88
72	89
72	90
72	91
72	92
72	93
72	94
72	96
72	97
72	98
72	99
72	100
72	101
72	103
72	109
72	110
72	112
72	114
72	115
72	116
72	117
72	118
72	119
72	120
72	121
72	122
72	124
72	125
73	2
73	11
73	13
73	14
73	15
73	17
73	18
73	19
73	21
73	22
73	23
73	24
73	25
73	26
73	27
73	28
73	31
73	32
73	33
73	34
73	37
73	38
73	39
73	40
73	41
73	42
73	43
73	44
73	45
73	46
73	47
73	48
73	49
73	50
73	51
73	52
73	53
73	54
73	55
73	56
73	57
73	58
73	59
73	60
73	61
73	62
73	63
73	64
73	65
73	66
73	67
73	69
73	70
73	71
73	72
73	78
73	79
73	80
73	81
73	82
73	83
73	84
73	85
73	86
73	87
73	88
73	89
73	90
73	91
73	92
73	98
73	99
73	100
73	101
73	102
73	103
73	107
73	108
73	109
73	110
73	111
73	112
73	113
73	114
73	115
73	116
73	117
73	118
73	119
73	120
73	121
73	122
73	123
73	124
74	6
74	7
74	8
74	10
74	12
74	13
74	14
74	17
74	18
74	19
74	20
74	21
74	22
74	23
74	24
74	25
74	26
74	27
74	31
74	32
74	33
74	34
74	35
74	39
74	40
74	41
74	42
74	43
74	44
74	45
74	46
74	47
74	48
74	49
74	50
74	51
74	52
74	53
74	54
74	55
74	56
74	57
74	58
74	60
74	61
74	62
74	63
74	64
74	65
74	66
74	67
74	68
74	69
74	70
74	71
74	72
74	73
74	77
74	78
74	79
74	80
74	81
74	82
74	84
74	85
74	86
74	87
74	88
74	89
74	90
74	91
74	92
74	94
74	95
74	96
74	97
74	98
74	99
74	100
74	101
74	102
74	103
74	107
74	108
74	109
74	110
74	111
74	112
74	113
74	114
74	115
74	116
74	117
74	120
74	122
74	123
74	124
74	125
75	1
75	8
75	9
75	10
75	11
75	12
75	13
75	14
75	19
75	20
75	22
75	23
75	24
75	25
75	31
75	33
75	34
75	41
75	42
75	43
75	44
75	45
75	46
75	47
75	48
75	49
75	50
75	51
75	58
75	60
75	61
75	62
75	63
75	66
75	67
75	69
75	70
75	71
75	72
75	73
75	77
75	78
75	79
75	80
75	81
75	82
75	83
75	84
75	85
75	86
75	87
75	88
75	89
75	90
75	91
75	92
75	93
75	94
75	95
75	96
75	97
75	98
75	99
75	100
75	101
75	102
75	103
75	104
75	105
75	109
75	110
75	111
75	112
75	113
75	114
75	115
75	116
75	117
75	119
75	122
75	123
75	124
76	8
76	9
76	10
76	11
76	12
76	13
76	19
76	20
76	21
76	22
76	23
76	24
76	25
76	26
76	33
76	34
76	42
76	43
76	44
76	45
76	46
76	47
76	48
76	49
76	50
76	51
76	54
76	56
76	57
76	58
76	63
76	64
76	65
76	66
76	67
76	68
76	69
76	70
76	71
76	72
76	74
76	75
76	77
76	78
76	79
76	81
76	82
76	83
76	84
76	86
76	88
76	89
76	90
76	91
76	92
76	93
76	94
76	95
76	96
76	97
76	98
76	99
76	100
76	101
76	102
76	104
76	105
76	106
76	109
76	110
76	111
76	112
76	113
76	114
76	115
76	116
76	117
76	119
76	120
76	121
76	122
76	123
76	124
76	125
76	126
77	7
77	8
77	9
77	10
77	11
77	12
77	13
77	14
77	18
77	19
77	20
77	21
77	22
77	24
77	25
77	34
77	35
77	36
77	38
77	48
77	49
77	50
77	52
77	56
77	57
77	58
77	63
77	64
77	65
77	66
77	67
77	68
77	69
77	70
77	71
77	72
77	75
77	76
77	77
77	78
77	79
77	80
77	81
77	82
77	84
77	90
77	91
77	92
77	93
77	94
77	95
77	96
77	97
77	98
77	99
77	100
77	101
77	102
77	103
77	108
77	109
77	110
77	112
77	113
77	114
77	116
77	117
77	118
77	119
77	120
77	121
77	123
77	124
77	125
78	6
78	7
78	8
78	9
78	10
78	11
78	14
78	15
78	17
78	18
78	19
78	20
78	21
78	22
78	24
78	25
78	26
78	27
78	34
78	35
78	37
78	38
78	48
78	49
78	50
78	51
78	52
78	53
78	54
78	57
78	58
78	63
78	64
78	65
78	66
78	67
78	68
78	69
78	70
78	71
78	72
78	73
78	74
78	75
78	76
78	77
78	78
78	79
78	80
78	81
78	91
78	93
78	97
78	99
78	100
78	101
78	102
78	112
78	113
78	114
78	115
78	116
78	117
78	118
78	119
78	120
78	122
78	123
79	7
79	8
79	9
79	10
79	13
79	14
79	15
79	16
79	17
79	18
79	19
79	20
79	21
79	24
79	25
79	26
79	27
79	31
79	38
79	39
79	48
79	50
79	51
79	52
79	53
79	54
79	55
79	56
79	57
79	58
79	59
79	65
79	66
79	69
79	70
79	71
79	72
79	73
79	74
79	75
79	76
79	77
79	78
79	79
79	80
79	81
79	100
79	101
79	102
79	103
79	105
79	112
79	113
79	114
79	115
79	117
79	118
79	119
79	120
79	125
79	126
80	1
80	7
80	8
80	9
80	10
80	11
80	13
80	14
80	15
80	16
80	17
80	18
80	19
80	20
80	21
80	24
80	25
80	26
80	27
80	30
80	31
80	32
80	34
80	35
80	36
80	37
80	38
80	39
80	47
80	48
80	49
80	50
80	51
80	52
80	53
80	54
80	55
80	56
80	57
80	58
80	59
80	64
80	65
80	66
80	67
80	69
80	70
80	71
80	72
80	73
80	78
80	79
80	80
80	81
80	82
80	95
80	98
80	100
80	101
80	102
80	112
80	113
80	114
80	115
80	116
80	117
80	118
80	119
80	120
80	125
80	126
81	0
81	1
81	2
81	3
81	4
81	5
81	6
81	7
81	8
81	9
81	10
81	11
81	12
81	13
81	14
81	15
81	16
81	17
81	19
81	20
81	21
81	24
81	25
81	27
81	28
81	29
81	30
81	31
81	32
81	34
81	35
81	36
81	37
81	44
81	45
81	46
81	49
81	50
81	51
81	53
81	54
81	55
81	56
81	57
81	69
81	70
81	71
81	72
81	78
81	79
81	80
81	81
81	82
81	95
81	96
81	97
81	98
81	100
81	102
81	103
81	112
81	113
81	114
81	115
81	116
81	117
81	118
81	119
81	120
81	125
81	126
81	127
82	1
82	2
82	3
82	4
82	5
82	6
82	7
82	8
82	9
82	10
82	11
82	12
82	13
82	14
82	15
82	16
82	17
82	18
82	19
82	24
82	25
82	26
82	27
82	28
82	29
82	30
82	31
82	32
82	33
82	34
82	35
82	36
82	37
82	44
82	45
82	46
82	47
82	49
82	50
82	51
82	52
82	53
82	54
82	56
82	58
82	61
82	62
82	70
82	71
82	72
82	73
82	74
82	81
82	94
82	95
82	96
82	97
82	98
82	99
82	100
82	101
82	102
82	112
82	113
82	115
82	116
82	117
82	118
82	119
82	120
82	126
82	127
83	0
83	1
83	2
83	3
83	4
83	6
83	10
83	11
83	12
83	13
83	14
83	15
83	16
83	17
83	18
83	19
83	23
83	24
83	26
83	27
83	28
83	29
83	30
83	31
83	32
83	33
83	34
83	35
83	44
83	46
83	49
83	50
83	51
83	52
83	53
83	63
83	64
83	69
83	70
83	71
83	72
83	73
83	74
83	93
83	94
83	96
83	97
83	98
83	99
83	100
83	102
83	103
83	111
83	112
83	113
83	114
83	115
83	116
83	117
83	118
83	119
83	126
83	127
84	0
84	1
84	2
84	3
84	4
84	5
84	6
84	11
84	12
84	13
84	14
84	15
84	17
84	18
84	19
84	20
84	21
84	22
84	23
84	24
84	25
84	26
84	27
84	29
84	30
84	31
84	32
84	34
84	43
84	44
84	45
84	46
84	47
84	49
84	50
84	51
84	52
84	53
84	54
84	60
84	63
84	71
84	72
84	73
84	74
84	81
84	82
84	94
84	96
84	97
84	98
84	99
84	103
84	104
84	105
84	111
84	112
84	113
84	114
84	115
84	116
84	117
84	118
84	119
84	124
84	125
84	126
84	127
85	0
85	1
85	2
85	3
85	4
85	5
85	6
85	11
85	12
85	13
85	14
85	15
85	17
85	18
85	19
85	20
85	21
85	22
85	23
85	24
85	25
85	26
85	27
85	28
85	29
85	30
85	31
85	32
85	33
85	34
85	35
85	39
85	43
85	44
85	45
85	46
85	47
85	48
85	49
85	50
85	51
85	52
85	53
85	65
85	73
85	74
85	81
85	82
85	83
85	86
85	96
85	97
85	104
85	107
85	114
85	115
85	116
85	118
85	119
85	120
85	124
85	125
85	126
85	127
86	0
86	1
86	2
86	3
86	4
86	5
86	6
86	7
86	10
86	11
86	12
86	13
86	14
86	15
86	17
86	18
86	19
86	20
86	21
86	22
86	23
86	24
86	25
86	26
86	27
86	28
86	30
86	31
86	32
86	33
86	34
86	35
86	41
86	43
86	44
86	45
86	46
86	47
86	48
86	49
86	51
86	52
86	53
86	54
86	73
86	74
86	79
86	81
86	82
86	83
86	85
86	86
86	96
86	97
86	98
86	99
86	100
86	105
86	107
86	108
86	115
86	116
86	118
86	119
86	120
86	125
86	126
86	127
87	0
87	1
87	2
87	3
87	4
87	5
87	6
87	7
87	10
87	11
87	12
87	13
87	14
87	15
87	17
87	18
87	19
87	20
87	22
87	23
87	24
87	25
87	26
87	27
87	28
87	30
87	31
87	32
87	33
87	34
87	35
87	41
87	42
87	45
87	46
87	47
87	48
87	49
87	50
87	51
87	52
87	53
87	54
87	59
87	73
87	76
87	81
87	82
87	83
87	84
87	85
87	86
87	97
87	98
87	105
87	106
87	107
87	108
87	112
87	114
87	115
87	117
87	118
87	119
87	121
87	123
87	125
87	126
87	127
88	0
88	1
88	2
88	3
88	4
88	5
88	6
88	7
88	8
88	9
88	10
88	11
88	12
88	13
88	14
88	15
88	17
88	18
88	19
88	20
88	21
88	22
88	23
88	24
88	25
88	26
88	29
88	30
88	31
88	32
88	33
88	34
88	35
88	40
88	41
88	42
88	44
88	45
88	46
88	47
88	48
88	49
88	50
88	51
88	52
88	53
88	54
88	81
88	84
88	85
88	86
88	90
88	97
88	98
88	105
88	116
88	117
88	118
88	119
88	120
88	121
88	122
88	125
88	126
88	127
89	0
89	1
89	2
89	3
89	4
89	5
89	6
89	9
89	10
89	11
89	12
89	13
89	14
89	15
89	16
89	17
89	18
89	19
89	20
89	21
89	22
89	23
89	24
89	25
89	26
89	28
89	29
89	30
89	31
89	32
89	33
89	35
89	40
89	41
89	44
89	45
89	46
89	47
89	48
89	49
89	50
89	52
89	53
89	54
89	70
89	71
89	84
89	85
89	86
89	90
89	101
89	105
89	114
89	115
89	117
89	118
89	119
89	120
89	121
89	126
89	127
90	0
90	1
90	2
90	3
90	4
90	5
90	6
90	8
90	9
90	10
90	11
90	15
90	17
90	18
90	19
90	20
90	21
90	22
90	23
90	24
90	25
90	26
90	28
90	29
90	30
90	31
90	32
90	33
90	34
90	35
90	36
90	41
90	42
90	43
90	44
90	45
90	46
90	47
90	48
90	49
90	50
90	51
90	52
90	53
90	60
90	67
90	68
90	69
90	70
90	71
90	72
90	74
90	75
90	84
90	85
90	89
90	90
90	91
90	95
90	96
90	101
90	102
90	115
90	116
90	117
90	118
90	119
90	127
91	0
91	1
91	2
91	3
91	4
91	5
91	6
91	8
91	9
91	10
91	11
91	15
91	16
91	17
91	18
91	19
91	20
91	21
91	22
91	23
91	24
91	25
91	26
91	27
91	28
91	29
91	30
91	31
91	32
91	33
91	34
91	35
91	36
91	37
91	38
91	41
91	42
91	43
91	46
91	47
91	48
91	49
91	50
91	51
91	52
91	53
91	55
91	61
91	62
91	65
91	66
91	67
91	68
91	69
91	70
91	71
91	72
91	73
91	74
91	75
91	84
91	85
91	91
91	100
91	101
91	102
91	103
91	109
91	116
91	117
91	118
91	119
91	120
91	127
92	0
92	1
92	2
92	3
92	4
92	5
92	6
92	7
92	8
92	9
92	10
92	11
92	13
92	16
92	17
92	18
92	19
92	20
92	21
92	22
92	23
92	24
92	25
92	26
92	27
92	30
92	31
92	32
92	33
92	34
92	35
92	36
92	37
92	38
92	41
92	42
92	43
92	44
92	45
92	46
92	48
92	49
92	50
92	51
92	52
92	53
92	54
92	55
92	61
92	62
92	67
92	68
92	69
92	71
92	72
92	75
92	78
92	81
92	82
92	83
92	91
92	92
92	93
92	94
92	95
92	98
92	99
92	100
92	101
92	102
92	103
92	104
92	115
92	116
92	117
92	118
92	124
92	125
92	126
92	127
93	0
93	1
93	2
93	3
93	4
93	5
93	6
93	7
93	8
93	9
93	10
93	11
93	12
93	13
93	14
93	15
93	16
93	17
93	18
93	20
93	21
93	22
93	23
93	25
93	26
93	27
93	29
93	30
93	31
93	32
93	33
93	34
93	35
93	36
93	37
93	38
93	42
93	43
93	44
93	45
93	46
93	49
93	50
93	51
93	52
93	53
93	55
93	67
93	68
93	69
93	72
93	73
93	74
93	75
93	76
93	78
93	81
93	83
93	86
93	87
93	94
93	95
93	98
93	99
93	100
93	103
93	105
93	106
93	115
93	116
93	117
93	118
93	119
93	120
93	121
93	122
93	124
93	125
93	126
93	127
94	0
94	2
94	3
94	4
94	5
94	6
94	7
94	8
94	9
94	10
94	11
94	13
94	14
94	15
94	18
94	19
94	20
94	21
94	22
94	24
94	25
94	26
94	27
94	29
94	30
94	31
94	32
94	33
94	34
94	35
94	36
94	37
94	38
94	42
94	43
94	44
94	47
94	50
94	51
94	52
94	67
94	68
94	69
94	70
94	71
94	72
94	73
94	74
94	79
94	82
94	83
94	84
94	85
94	86
94	95
94	98
94	100
94	101
94	102
94	103
94	104
94	105
94	113
94	116
94	118
94	119
94	120
94	121
94	122
94	123
94	124
94	125
94	126
94	127
95	0
95	1
95	2
95	3
95	4
95	5
95	6
95	7
95	8
95	9
95	10
95	11
95	13
95	14
95	15
95	17
95	18
95	19
95	20
95	21
95	27
95	28
95	29
95	30
95	31
95	32
95	33
95	36
95	37
95	47
95	48
95	49
95	50
95	51
95	52
95	54
95	55
95	57
95	61
95	67
95	68
95	69
95	70
95	71
95	72
95	73
95	74
95	82
95	83
95	84
95	85
95	95
95	96
95	97
95	98
95	99
95	101
95	102
95	103
95	104
95	105
95	106
95	107
95	112
95	114
95	116
95	117
95	118
95	119
95	120
95	121
95	122
95	123
95	124
95	125
95	126
95	127
96	1
96	2
96	3
96	4
96	6
96	7
96	8
96	9
96	10
96	11
96	12
96	13
96	14
96	15
96	16
96	17
96	19
96	21
96	23
96	24
96	28
96	29
96	30
96	31
96	32
96	33
96	34
96	35
96	36
96	37
96	38
96	42
96	46
96	47
96	48
96	49
96	50
96	61
96	67
96	68
96	69
96	70
96	71
96	72
96	73
96	81
96	82
96	83
96	84
96	85
96	94
96	95
96	96
96	97
96	98
96	99
96	100
96	101
96	102
96	103
96	104
96	105
96	106
96	107
96	108
96	109
96	112
96	114
96	116
96	118
96	119
96	120
96	121
96	122
96	123
96	124
96	125
96	126
96	127
97	3
97	4
97	5
97	6
97	7
97	8
97	9
97	10
97	12
97	13
97	14
97	15
97	16
97	17
97	22
97	23
97	24
97	25
97	26
97	27
97	28
97	29
97	30
97	31
97	34
97	35
97	36
97	37
97	38
97	39
97	47
97	49
97	50
97	54
97	66
97	67
97	68
97	69
97	70
97	71
97	72
97	73
97	74
97	75
97	76
97	81
97	82
97	83
97	84
97	85
97	95
97	96
97	97
97	98
97	99
97	100
97	101
97	102
97	103
97	104
97	105
97	106
97	108
97	109
97	110
97	112
97	113
97	114
97	115
97	116
97	119
97	120
97	121
97	122
97	123
97	124
97	125
97	126
97	127
98	3
98	4
98	5
98	9
98	10
98	14
98	21
98	22
98	23
98	24
98	25
98	26
98	27
98	28
98	30
98	31
98	32
98	33
98	34
98	35
98	36
98	37
98	38
98	39
98	40
98	41
98	46
98	66
98	70
98	71
98	72
98	73
98	74
98	82
98	83
98	84
98	85
98	95
98	97
98	98
98	99
98	100
98	101
98	102
98	103
98	104
98	105
98	106
98	108
98	109
98	110
98	116
98	120
98	121
98	122
98	123
98	124
98	125
98	126
99	1
99	3
99	9
99	10
99	24
99	25
99	26
99	27
99	28
99	29
99	30
99	31
99	32
99	33
99	34
99	35
99	36
99	37
99	38
99	39
99	40
99	41
99	44
99	62
99	67
99	68
99	69
99	70
99	71
99	72
99	73
99	74
99	75
99	83
99	84
99	85
99	98
99	99
99	100
99	103
99	104
99	105
99	106
99	119
99	120
99	121
99	122
99	123
100	0
100	1
100	25
100	26
100	27
100	28
100	29
100	30
100	31
100	32
100	33
100	34
100	35
100	36
100	37
100	38
100	39
100	40
100	41
100	54
100	55
100	61
100	64
100	65
100	66
100	67
100	68
100	69
100	70
100	71
100	72
100	73
100	74
100	75
100	83
100	84
100	85
100	91
100	95
100	100
100	101
100	102
100	103
100	104
100	119
100	120
100	121
100	122
100	123
101	0
101	1
101	4
101	5
101	12
101	25
101	26
101	27
101	28
101	29
101	30
101	31
101	32
101	33
101	34
101	35
101	38
101	39
101	40
101	41
101	42
101	48
101	49
101	54
101	63
101	64
101	65
101	66
101	67
101	69
101	70
101	71
101	72
101	74
101	90
101	91
101	94
101	95
101	96
101	100
101	101
101	102
101	103
101	104
101	111
101	119
101	120
101	121
101	122
101	127
102	0
102	1
102	2
102	4
102	5
102	6
102	7
102	8
102	17
102	25
102	26
102	27
102	28
102	29
102	30
102	31
102	32
102	33
102	37
102	38
102	39
102	40
102	41
102	48
102	49
102	51
102	63
102	64
102	65
102	66
102	69
102	71
102	72
102	73
102	91
102	92
102	93
102	94
102	95
102	96
102	97
102	98
102	99
102	100
102	101
102	102
102	103
102	104
102	122
102	123
103	0
103	1
103	2
103	3
103	4
103	5
103	6
103	7
103	17
103	18
103	19
103	27
103	28
103	29
103	30
103	31
103	32
103	38
103	39
103	40
103	43
103	47
103	48
103	49
103	50
103	51
103	52
103	56
103	57
103	65
103	70
103	71
103	72
103	73
103	74
103	85
103	86
103	87
103	91
103	92
103	93
103	94
103	95
103	96
103	97
103	98
103	99
103	100
103	101
103	102
103	103
103	104
103	105
103	112
103	113
103	114
103	117
103	118
103	123
104	0
104	1
104	2
104	3
104	4
104	5
104	6
104	7
104	17
104	26
104	27
104	28
104	29
104	30
104	31
104	32
104	33
104	36
104	37
104	47
104	48
104	49
104	51
104	52
104	53
104	55
104	56
104	57
104	67
104	68
104	69
104	70
104	71
104	72
104	73
104	81
104	82
104	85
104	86
104	87
104	94
104	95
104	96
104	97
104	98
104	99
104	100
104	102
104	103
104	104
104	105
104	107
104	108
104	109
104	111
104	112
105	0
105	1
105	2
105	3
105	4
105	5
105	6
105	17
105	26
105	27
105	28
105	29
105	30
105	32
105	33
105	36
105	37
105	47
105	48
105	49
105	50
105	51
105	52
105	53
105	54
105	55
105	56
105	57
105	67
105	68
105	69
105	70
105	71
105	72
105	79
105	80
105	81
105	82
105	85
105	86
105	87
105	90
105	91
105	92
105	95
105	96
105	102
105	103
105	104
105	105
105	106
105	107
105	108
105	109
105	110
105	111
105	117
105	121
106	1
106	2
106	3
106	4
106	5
106	17
106	18
106	19
106	20
106	29
106	30
106	32
106	33
106	37
106	38
106	46
106	47
106	48
106	49
106	51
106	52
106	53
106	54
106	55
106	56
106	64
106	67
106	68
106	69
106	71
106	79
106	80
106	81
106	82
106	83
106	84
106	85
106	86
106	91
106	92
106	93
106	100
106	101
106	108
106	109
106	110
106	111
106	113
106	114
106	115
106	121
107	0
107	2
107	3
107	4
107	5
107	17
107	18
107	19
107	20
107	21
107	24
107	29
107	30
107	31
107	32
107	33
107	41
107	46
107	47
107	48
107	49
107	50
107	51
107	52
107	53
107	54
107	55
107	56
107	66
107	69
107	80
107	81
107	84
107	86
107	92
107	100
107	101
107	102
107	104
107	105
107	108
107	109
107	114
107	115
108	0
108	3
108	6
108	12
108	15
108	17
108	18
108	19
108	20
108	21
108	23
108	24
108	25
108	29
108	30
108	31
108	32
108	40
108	41
108	44
108	45
108	46
108	47
108	48
108	49
108	50
108	51
108	52
108	53
108	54
108	55
108	56
108	57
108	74
108	81
108	82
108	90
108	99
108	100
108	101
108	102
108	114
108	115
108	116
108	119
108	122
108	123
109	0
109	1
109	8
109	9
109	13
109	14
109	15
109	16
109	17
109	18
109	19
109	20
109	21
109	22
109	23
109	30
109	31
109	32
109	33
109	35
109	36
109	39
109	41
109	42
109	47
109	48
109	49
109	50
109	51
109	52
109	53
109	54
109	55
109	56
109	57
109	58
109	63
109	64
109	69
109	70
109	73
109	94
109	99
109	100
109	101
109	102
109	103
109	104
109	114
109	115
109	116
109	117
109	122
109	123
109	124
109	125
109	126
109	127
110	1
110	2
110	3
110	4
110	5
110	7
110	8
110	9
110	12
110	13
110	14
110	15
110	16
110	17
110	18
110	19
110	20
110	30
110	31
110	33
110	34
110	35
110	37
110	38
110	39
110	47
110	48
110	49
110	50
110	51
110	52
110	53
110	54
110	55
110	56
110	57
110	61
110	62
110	68
110	69
110	83
110	84
110	92
110	100
110	101
110	102
110	103
110	104
110	113
110	114
110	115
110	116
110	117
110	118
110	122
110	123
110	124
110	125
110	126
110	127
111	1
111	2
111	3
111	4
111	5
111	8
111	9
111	10
111	11
111	12
111	13
111	14
111	15
111	16
111	17
111	18
111	19
111	20
111	26
111	27
111	30
111	31
111	37
111	45
111	46
111	47
111	48
111	49
111	50
111	51
111	52
111	53
111	55
111	56
111	57
111	68
111	69
111	77
111	80
111	81
111	82
111	83
111	84
111	85
111	86
111	92
111	101
111	102
111	103
111	104
111	105
111	106
111	113
111	114
111	115
111	116
111	117
111	122
111	123
111	124
111	125
112	0
112	1
112	2
112	3
112	4
112	5
112	6
112	7
112	8
112	9
112	10
112	11
112	12
112	13
112	14
112	15
112	22
112	28
112	33
112	35
112	36
112	38
112	45
112	46
112	47
112	48
112	49
112	50
112	51
112	62
112	67
112	68
112	74
112	76
112	77
112	79
112	82
112	83
112	85
112	95
112	100
112	101
112	102
112	103
112	104
112	105
112	106
112	107
112	110
112	111
112	112
112	113
112	114
112	115
112	116
112	117
112	123
112	126
112	127
113	0
113	1
113	2
113	3
113	4
113	5
113	6
113	7
113	8
113	9
113	10
113	11
113	12
113	13
113	14
113	15
113	18
113	19
113	22
113	23
113	25
113	26
113	27
113	28
113	32
113	33
113	34
113	46
113	47
113	48
113	49
113	50
113	51
113	76
113	77
113	78
113	79
113	82
113	83
113	84
113	85
113	86
113	88
113	99
113	100
113	102
113	103
113	104
113	105
113	106
113	107
113	108
113	109
113	110
113	111
113	112
113	113
113	114
113	115
113	116
113	117
113	123
113	126
113	127
114	0
114	3
114	4
114	5
114	6
114	7
114	8
114	9
114	10
114	11
114	12
114	13
114	14
114	15
114	22
114	23
114	24
114	26
114	27
114	28
114	29
114	31
114	32
114	47
114	48
114	49
114	50
114	75
114	78
114	80
114	81
114	82
114	83
114	84
114	85
114	86
114	87
114	102
114	103
114	104
114	105
114	106
114	107
114	108
114	109
114	110
114	111
114	112
114	113
114	114
114	115
114	116
114	117
114	118
114	119
114	123
114	124
114	125
114	126
114	127
115	2
115	3
115	4
115	5
115	6
115	7
115	8
115	9
115	10
115	11
115	12
115	13
115	15
115	23
115	24
115	25
115	26
115	27
115	28
115	29
115	30
115	31
115	32
115	47
115	48
115	49
115	50
115	51
115	53
115	75
115	80
115	81
115	82
115	83
115	84
115	85
115	86
115	87
115	91
115	92
115	100
115	101
115	102
115	103
115	104
115	105
115	106
115	107
115	108
115	109
115	110
115	111
115	114
115	115
115	116
115	117
115	118
115	119
115	120
115	121
115	122
115	123
115	124
115	125
115	126
115	127
116	2
116	3
116	4
116	5
116	9
116	10
116	11
116	12
116	13
116	14
116	15
116	24
116	25
116	26
116	27
116	28
116	29
116	30
116	31
116	32
116	33
116	43
116	48
116	50
116	51
116	52
116	53
116	57
116	74
116	75
116	79
116	80
116	81
116	82
116	83
116	84
116	86
116	87
116	89
116	92
116	93
116	96
116	102
116	103
116	104
116	105
116	106
116	107
116	108
116	109
116	114
116	115
116	116
116	118
116	119
116	120
116	121
116	122
116	123
116	124
116	126
116	127
117	3
117	4
117	9
117	10
117	11
117	12
117	13
117	14
117	17
117	23
117	24
117	25
117	26
117	27
117	28
117	29
117	31
117	32
117	33
117	34
117	43
117	44
117	47
117	48
117	50
117	51
117	52
117	53
117	55
117	56
117	57
117	58
117	64
117	65
117	74
117	75
117	78
117	79
117	81
117	82
117	83
117	84
117	86
117	87
117	88
117	89
117	90
117	91
117	92
117	93
117	96
117	101
117	104
117	105
117	106
117	107
117	108
117	109
117	110
117	111
117	112
117	113
117	114
117	115
117	116
117	117
117	118
117	119
117	120
117	121
117	122
117	123
117	124
117	125
117	126
117	127
118	1
118	2
118	3
118	4
118	5
118	6
118	9
118	10
118	11
118	12
118	13
118	14
118	21
118	22
118	23
118	24
118	25
118	26
118	27
118	28
118	31
118	32
118	33
118	34
118	43
118	44
118	46
118	47
118	48
118	49
118	50
118	51
118	52
118	64
118	72
118	73
118	74
118	75
118	77
118	78
118	79
118	80
118	81
118	82
118	83
118	84
118	86
118	87
118	88
118	89
118	90
118	91
118	92
118	93
118	102
118	103
118	104
118	105
118	106
118	107
118	108
118	109
118	110
118	111
118	112
118	113
118	114
118	115
118	116
118	117
118	118
118	119
118	120
118	121
118	122
118	123
118	124
118	125
118	126
118	127
119	1
119	2
119	3
119	4
119	5
119	6
119	9
119	10
119	12
119	13
119	14
119	21
119	22
119	23
119	24
119	25
119	26
119	27
119	31
119	32
119	33
119	34
119	36
119	41
119	42
119	43
119	44
119	46
119	47
119	48
119	49
119	50
119	51
119	52
119	53
119	54
119	55
119	56
119	72
119	73
119	75
119	76
119	77
119	79
119	80
119	81
119	82
119	83
119	86
119	87
119	88
119	89
119	90
119	102
119	103
119	104
119	105
119	106
119	107
119	108
119	109
119	110
119	111
119	113
119	114
119	115
119	119
119	121
119	122
119	123
119	124
119	125
119	126
119	127
120	0
120	1
120	2
120	3
120	4
120	5
120	6
120	7
120	8
120	9
120	10
120	21
120	22
120	23
120	24
120	25
120	26
120	27
120	34
120	35
120	41
120	42
120	43
120	44
120	45
120	46
120	47
120	48
120	49
120	50
120	51
120	52
120	53
120	54
120	55
120	56
120	57
120	59
120	62
120	63
120	65
120	71
120	72
120	73
120	74
120	75
120	76
120	77
120	79
120	80
120	81
120	82
120	83
120	87
120	88
120	97
120	98
120	99
120	102
120	103
120	104
120	105
120	106
120	107
120	108
120	109
120	110
120	111
120	112
120	113
120	114
120	115
120	119
120	120
120	121
120	122
120	123
120	124
120	126
120	127
121	0
121	1
121	2
121	3
121	4
121	5
121	6
121	7
121	8
121	9
121	22
121	23
121	24
121	25
121	26
121	27
121	34
121	35
121	38
121	43
121	44
121	45
121	47
121	48
121	49
121	50
121	51
121	52
121	53
121	54
121	55
121	56
121	57
121	58
121	59
121	60
121	61
121	62
121	63
121	68
121	69
121	70
121	71
121	73
121	74
121	75
121	76
121	77
121	78
121	79
121	80
121	81
121	82
121	87
121	88
121	97
121	98
121	99
121	100
121	102
121	103
121	105
121	106
121	107
121	108
121	109
121	110
121	111
121	112
121	113
121	114
121	115
121	116
121	118
121	119
121	120
121	121
121	122
121	123
121	124
121	127
122	0
122	1
122	2
122	5
122	6
122	7
122	8
122	9
122	11
122	22
122	23
122	24
122	25
122	26
122	27
122	41
122	43
122	44
122	45
122	46
122	47
122	48
122	49
122	50
122	51
122	52
122	53
122	54
122	55
122	56
122	57
122	58
122	59
122	60
122	61
122	62
122	64
122	68
122	69
122	73
122	76
122	77
122	78
122	79
122	80
122	81
122	82
122	83
122	87
122	89
122	90
122	91
122	92
122	93
122	94
122	97
122	98
122	99
122	100
122	103
122	104
122	105
122	106
122	107
122	108
122	109
122	110
122	111
122	112
122	113
122	118
122	119
122	120
122	121
122	122
122	127
123	0
123	1
123	2
123	3
123	4
123	5
123	7
123	9
123	11
123	24
123	25
123	26
123	32
123	38
123	39
123	40
123	41
123	42
123	43
123	44
123	45
123	46
123	47
123	48
123	49
123	50
123	51
123	53
123	54
123	55
123	56
123	58
123	59
123	60
123	61
123	74
123	75
123	77
123	78
123	79
123	80
123	81
123	82
123	83
123	90
123	91
123	92
123	97
123	98
123	99
123	100
123	102
123	103
123	104
123	105
123	106
123	107
123	108
123	109
123	110
123	111
123	112
123	113
123	119
123	121
123	122
123	123
123	124
124	3
124	4
124	5
124	6
124	8
124	9
124	10
124	11
124	16
124	17
124	24
124	25
124	38
124	39
124	41
124	42
124	43
124	44
124	45
124	48
124	49
124	50
124	53
124	54
124	55
124	56
124	60
124	72
124	75
124	76
124	77
124	78
124	79
124	80
124	81
124	82
124	83
124	88
124	89
124	90
124	91
124	98
124	99
124	100
124	101
124	102
124	103
124	104
124	105
124	106
124	107
124	108
124	109
124	110
124	111
124	112
124	113
124	114
124	119
124	120
124	121
124	122
124	123
124	124
125	4
125	5
125	6
125	7
125	8
125	9
125	10
125	11
125	12
125	15
125	38
125	39
125	42
125	48
125	50
125	52
125	53
125	54
125	55
125	59
125	60
125	69
125	70
125	72
125	73
125	74
125	75
125	76
125	77
125	78
125	79
125	80
125	82
125	87
125	88
125	89
125	90
125	91
125	93
125	94
125	98
125	99
125	100
125	101
125	102
125	103
125	104
125	105
125	106
125	107
125	108
125	109
125	110
125	111
125	112
125	113
125	114
125	119
125	120
125	121
125	122
125	123
125	124
126	1
126	2
126	3
126	4
126	5
126	6
126	7
126	8
126	9
126	11
126	12
126	13
126	15
126	33
126	38
126	39
126	41
126	48
126	49
126	50
126	51
126	52
126	53
126	54
126	55
126	56
126	57
126	59
126	60
126	62
126	68
126	69
126	70
126	73
126	74
126	75
126	76
126	77
126	78
126	80
126	81
126	82
126	88
126	89
126	90
126	97
126	98
126	99
126	100
126	101
126	102
126	103
126	104
126	105
126	106
126	107
126	108
126	114
126	119
126	120
126	121
126	122
126	123
126	124
127	0
127	1
127	2
127	3
127	4
127	5
127	6
127	7
127	8
127	9
127	10
127	11
127	12
127	13
127	27
127	28
127	30
127	32
127	33
127	34
127	35
127	36
127	38
127	39
127	44
127	45
127	48
127	49
127	50
127	51
127	52
127	53
127	54
127	55
127	56
127	57
127	58
127	59
127	60
127	61
127	62
127	63
127	64
127	67
127	68
127	69
127	73
127	74
127	75
127	76
127	77
127	78
127	79
127	80
127	81
127	82
127	86
127	87
127	88
127	89
127	90
127	96
127	97
127	98
127	99
127	100
127	101
127	102
127	103
127	104
127	105
127	117
127	118
127	119
127	120
127	121
127	122
127	123
127	124
127	126
