size	128
T	2.5
J	1
H	0
x	y
0	0
0	1
0	2
0	3
0	4
0	5
0	19
0	22
0	23
0	24
0	34
0	37
0	46
0	52
0	56
0	63
0	77
0	78
0	82
0	83
0	84
0	85
0	86
0	87
0	88
0	89
0	90
0	92
0	93
0	96
0	97
0	98
0	100
0	101
0	102
0	104
0	105
0	108
0	109
0	110
0	111
0	112
0	113
0	114
0	115
0	117
0	118
0	119
0	120
0	121
0	126
0	127
1	0
1	1
1	4
1	5
1	15
1	17
1	18
1	21
1	22
1	23
1	34
1	36
1	37
1	56
1	60
1	63
1	65
1	66
1	77
1	78
1	79
1	84
1	85
1	86
1	87
1	88
1	89
1	90
1	95
1	96
1	97
1	98
1	99
1	100
1	101
1	102
1	108
1	109
1	110
1	111
1	112
1	113
1	114
1	118
1	127
2	14
2	15
2	16
2	17
2	18
2	19
2	20
2	21
2	22
2	24
2	25
2	26
2	27
2	28
2	34
2	35
2	36
2	49
2	50
2	55
2	56
2	60
2	63
2	65
2	77
2	78
2	79
2	81
2	84
2	96
2	97
2	98
2	109
2	110
2	111
2	112
2	113
2	114
2	115
2	116
2	117
2	118
2	126
3	15
3	16
3	17
3	18
3	19
3	20
3	21
3	22
3	25
3	26
3	27
3	34
3	35
3	36
3	38
3	39
3	47
3	48
3	49
3	50
3	51
3	56
3	57
3	58
3	63
3	64
3	74
3	75
3	77
3	78
3	79
3	103
3	109
3	110
3	111
3	112
3	114
3	115
3	116
3	117
3	118
3	119
3	122
4	16
4	17
4	18
4	19
4	20
4	21
4	25
4	26
4	27
4	37
4	38
4	39
4	40
4	47
4	48
4	49
4	50
4	51
4	52
4	57
4	58
4	76
4	77
4	78
4	90
4	103
4	106
4	110
4	111
4	112
4	113
4	114
4	115
4	116
4	117
4	118
4	119
4	120
4	122
5	13
5	14
5	15
5	16
5	17
5	18
5	19
5	20
5	21
5	22
5	24
5	25
5	33
5	39
5	40
5	43
5	48
5	51
5	52
5	55
5	57
5	60
5	62
5	64
5	75
5	76
5	77
5	78
5	90
5	105
5	113
5	114
5	115
5	116
5	117
5	120
6	7
6	11
6	13
6	14
6	15
6	16
6	17
6	18
6	19
6	20
6	21
6	23
6	27
6	62
6	63
6	66
6	74
6	75
6	76
6	90
6	92
6	95
6	113
6	114
6	115
6	116
6	117
6	118
6	119
6	120
6	121
6	122
7	7
7	8
7	11
7	15
7	16
7	17
7	18
7	19
7	20
7	21
7	44
7	45
7	46
7	54
7	72
7	73
7	74
7	75
7	76
7	77
7	78
7	82
7	83
7	86
7	87
7	88
7	89
7	90
7	91
7	95
7	103
7	114
7	115
7	116
7	117
7	118
7	119
7	120
7	121
7	122
7	123
7	126
7	127
8	7
8	8
8	9
8	10
8	11
8	12
8	15
8	16
8	17
8	18
8	19
8	20
8	21
8	28
8	38
8	45
8	46
8	47
8	48
8	49
8	50
8	54
8	57
8	58
8	65
8	66
8	67
8	76
8	77
8	82
8	83
8	84
8	85
8	86
8	87
8	88
8	89
8	90
8	91
8	93
8	95
8	113
8	114
8	115
8	116
8	118
8	119
8	120
8	121
8	122
8	123
8	124
8	125
8	126
8	127
9	0
9	2
9	3
9	4
9	5
9	6
9	7
9	8
9	9
9	10
9	11
9	15
9	19
9	20
9	38
9	39
9	45
9	47
9	48
9	49
9	50
9	58
9	65
9	66
9	67
9	82
9	83
9	84
9	86
9	87
9	88
9	89
9	90
9	91
9	92
9	107
9	108
9	109
9	110
9	113
9	114
9	115
9	116
9	117
9	118
9	119
9	120
9	121
9	122
9	123
9	125
9	126
9	127
10	0
10	1
10	2
10	3
10	4
10	5
10	6
10	7
10	8
10	9
10	10
10	11
10	22
10	23
10	24
10	37
10	38
10	45
10	46
10	47
10	48
10	49
10	50
10	52
10	53
10	58
10	59
10	60
10	65
10	66
10	67
10	80
10	81
10	82
10	85
10	86
10	87
10	88
10	89
10	90
10	98
10	99
10	109
10	110
10	112
10	113
10	114
10	116
10	117
10	118
10	119
10	120
10	121
10	122
10	123
10	124
10	125
10	126
10	127
11	0
11	1
11	2
11	3
11	4
11	6
11	7
11	8
11	9
11	10
11	20
11	22
11	23
11	24
11	34
11	37
11	38
11	39
11	46
11	47
11	48
11	49
11	50
11	54
11	55
11	56
11	58
11	60
11	65
11	67
11	68
11	86
11	87
11	88
11	89
11	90
11	108
11	111
11	112
11	113
11	114
11	117
11	118
11	119
11	120
11	121
11	123
11	124
11	125
11	126
11	127
12	0
12	1
12	2
12	3
12	4
12	5
12	6
12	7
12	8
12	9
12	20
12	21
12	29
12	30
12	31
12	32
12	33
12	35
12	37
12	38
12	39
12	47
12	49
12	54
12	55
12	56
12	57
12	67
12	79
12	80
12	81
12	87
12	88
12	89
12	90
12	99
12	104
12	108
12	109
12	110
12	111
12	112
12	114
12	119
12	122
12	123
12	125
12	126
12	127
13	0
13	1
13	2
13	3
13	4
13	5
13	6
13	7
13	8
13	9
13	10
13	16
13	21
13	22
13	23
13	24
13	25
13	26
13	28
13	29
13	30
13	31
13	34
13	35
13	36
13	56
13	73
13	74
13	80
13	90
13	96
13	97
13	98
13	99
13	109
13	110
13	111
13	112
13	113
13	114
13	115
13	116
13	124
13	126
13	127
14	0
14	1
14	2
14	3
14	4
14	5
14	6
14	7
14	8
14	10
14	13
14	24
14	25
14	26
14	27
14	28
14	29
14	30
14	31
14	34
14	35
14	36
14	37
14	70
14	71
14	72
14	73
14	74
14	83
14	84
14	86
14	87
14	92
14	93
14	94
14	96
14	97
14	98
14	101
14	113
14	118
14	119
14	120
14	121
14	122
14	125
14	126
14	127
15	0
15	1
15	2
15	4
15	5
15	6
15	7
15	8
15	9
15	10
15	11
15	13
15	23
15	24
15	25
15	26
15	28
15	29
15	30
15	31
15	34
15	35
15	36
15	37
15	38
15	41
15	42
15	46
15	57
15	71
15	72
15	73
15	77
15	84
15	85
15	86
15	87
15	92
15	93
15	94
15	97
15	98
15	118
15	119
15	120
15	126
15	127
16	0
16	1
16	4
16	6
16	7
16	8
16	9
16	13
16	23
16	24
16	25
16	26
16	27
16	28
16	29
16	30
16	66
16	67
16	71
16	72
16	73
16	74
16	75
16	77
16	78
16	84
16	85
16	88
16	93
16	94
16	95
16	96
16	97
17	0
17	1
17	4
17	7
17	8
17	9
17	15
17	16
17	18
17	19
17	20
17	23
17	24
17	25
17	26
17	27
17	28
17	29
17	30
17	32
17	39
17	54
17	58
17	59
17	60
17	64
17	67
17	70
17	71
17	72
17	73
17	74
17	75
17	76
17	77
17	78
17	79
17	80
17	94
17	95
17	96
17	103
17	110
17	125
17	127
18	0
18	1
18	2
18	3
18	4
18	5
18	6
18	7
18	8
18	9
18	10
18	14
18	15
18	16
18	17
18	18
18	19
18	20
18	21
18	22
18	23
18	24
18	25
18	26
18	27
18	30
18	32
18	33
18	37
18	45
18	51
18	52
18	53
18	54
18	71
18	72
18	74
18	75
18	76
18	77
18	78
18	79
18	80
18	81
18	82
18	83
18	84
18	90
18	91
18	94
18	95
18	96
18	97
18	110
18	111
18	114
19	0
19	2
19	3
19	4
19	5
19	6
19	7
19	8
19	9
19	10
19	14
19	15
19	16
19	17
19	18
19	19
19	20
19	21
19	22
19	23
19	24
19	25
19	26
19	30
19	33
19	37
19	38
19	41
19	42
19	45
19	54
19	71
19	72
19	73
19	74
19	75
19	76
19	77
19	79
19	80
19	81
19	82
19	83
19	84
19	90
19	91
19	92
19	93
19	95
19	96
19	101
19	102
19	105
19	106
19	109
19	110
19	111
19	113
19	126
19	127
20	0
20	1
20	2
20	3
20	5
20	6
20	7
20	8
20	9
20	10
20	14
20	15
20	16
20	17
20	18
20	22
20	23
20	24
20	25
20	28
20	29
20	30
20	31
20	32
20	33
20	34
20	38
20	39
20	40
20	41
20	42
20	43
20	44
20	51
20	63
20	69
20	70
20	71
20	73
20	74
20	75
20	76
20	78
20	80
20	81
20	82
20	83
20	84
20	85
20	86
20	87
20	89
20	90
20	91
20	92
20	93
20	96
20	97
20	98
20	99
20	100
20	101
20	102
20	103
20	110
20	111
20	113
20	114
20	115
20	117
20	126
20	127
21	0
21	1
21	2
21	3
21	4
21	5
21	6
21	7
21	9
21	10
21	11
21	15
21	17
21	18
21	20
21	22
21	23
21	24
21	30
21	31
21	32
21	33
21	40
21	41
21	42
21	43
21	44
21	63
21	69
21	70
21	71
21	74
21	75
21	76
21	77
21	78
21	79
21	80
21	81
21	82
21	83
21	84
21	85
21	86
21	89
21	90
21	91
21	92
21	93
21	94
21	96
21	97
21	99
21	100
21	101
21	102
21	103
21	106
21	113
21	114
21	115
21	116
21	127
22	0
22	1
22	2
22	3
22	4
22	5
22	6
22	8
22	9
22	10
22	11
22	15
22	16
22	17
22	18
22	19
22	22
22	23
22	24
22	27
22	30
22	31
22	32
22	33
22	34
22	40
22	41
22	42
22	43
22	44
22	67
22	68
22	69
22	71
22	72
22	73
22	78
22	79
22	81
22	82
22	84
22	85
22	86
22	87
22	90
22	91
22	92
22	93
22	94
22	110
22	112
22	113
22	114
22	126
22	127
23	0
23	1
23	2
23	3
23	4
23	5
23	6
23	7
23	8
23	9
23	10
23	16
23	17
23	18
23	19
23	20
23	22
23	24
23	25
23	27
23	37
23	39
23	40
23	41
23	42
23	43
23	44
23	51
23	67
23	68
23	70
23	71
23	72
23	73
23	81
23	82
23	85
23	86
23	87
23	88
23	90
23	91
23	92
23	97
23	114
23	115
23	119
23	126
23	127
24	0
24	1
24	2
24	4
24	5
24	6
24	9
24	17
24	18
24	19
24	20
24	24
24	25
24	26
24	36
24	37
24	41
24	42
24	43
24	44
24	45
24	46
24	47
24	50
24	51
24	66
24	67
24	71
24	72
24	74
24	81
24	82
24	85
24	86
24	87
24	88
24	89
24	90
24	118
24	119
24	120
24	121
24	124
24	125
24	127
25	4
25	5
25	6
25	9
25	10
25	18
25	19
25	20
25	24
25	25
25	26
25	27
25	28
25	34
25	35
25	36
25	37
25	41
25	42
25	43
25	44
25	45
25	46
25	47
25	48
25	61
25	66
25	67
25	68
25	69
25	71
25	72
25	73
25	74
25	81
25	82
25	85
25	88
25	89
25	90
25	102
25	103
25	118
25	119
25	120
25	121
25	122
25	124
26	4
26	10
26	18
26	19
26	20
26	23
26	24
26	25
26	26
26	28
26	29
26	30
26	32
26	34
26	35
26	39
26	40
26	41
26	42
26	43
26	44
26	45
26	46
26	47
26	48
26	49
26	52
26	53
26	60
26	61
26	65
26	66
26	67
26	68
26	69
26	71
26	72
26	73
26	78
26	80
26	81
26	87
26	88
26	89
26	90
26	96
26	103
26	118
26	119
26	120
26	123
26	124
27	4
27	5
27	10
27	20
27	21
27	22
27	23
27	24
27	26
27	27
27	28
27	29
27	30
27	31
27	32
27	33
27	34
27	38
27	39
27	40
27	41
27	42
27	43
27	47
27	48
27	51
27	52
27	53
27	71
27	72
27	73
27	74
27	78
27	87
27	89
27	103
27	104
27	113
27	119
27	120
27	121
27	123
27	124
28	3
28	4
28	5
28	6
28	7
28	8
28	20
28	21
28	22
28	23
28	24
28	28
28	29
28	30
28	31
28	32
28	33
28	34
28	35
28	39
28	40
28	41
28	42
28	43
28	44
28	66
28	67
28	68
28	69
28	70
28	71
28	72
28	73
28	74
28	75
28	76
28	87
28	88
28	95
28	97
28	100
28	101
28	103
28	104
28	110
28	113
28	116
28	117
28	118
28	119
28	120
28	121
28	123
28	124
28	127
29	3
29	5
29	6
29	8
29	13
29	14
29	15
29	16
29	17
29	21
29	22
29	23
29	24
29	25
29	26
29	30
29	31
29	32
29	39
29	40
29	42
29	43
29	44
29	45
29	46
29	47
29	48
29	64
29	67
29	68
29	69
29	70
29	71
29	72
29	73
29	74
29	75
29	76
29	97
29	98
29	99
29	100
29	101
29	103
29	104
29	116
29	117
29	118
29	119
29	120
29	121
29	122
29	123
29	124
29	127
30	0
30	1
30	2
30	3
30	4
30	5
30	6
30	7
30	13
30	14
30	15
30	16
30	17
30	21
30	22
30	23
30	24
30	25
30	26
30	37
30	39
30	40
30	41
30	42
30	43
30	45
30	46
30	47
30	58
30	65
30	66
30	67
30	68
30	69
30	70
30	71
30	72
30	73
30	74
30	90
30	97
30	98
30	99
30	100
30	107
30	110
30	111
30	119
30	120
30	121
30	122
30	123
30	124
30	125
30	126
30	127
31	0
31	1
31	2
31	3
31	4
31	5
31	6
31	7
31	15
31	16
31	17
31	21
31	22
31	23
31	24
31	25
31	26
31	32
31	39
31	40
31	41
31	42
31	43
31	45
31	46
31	47
31	54
31	57
31	58
31	60
31	61
31	62
31	63
31	66
31	67
31	68
31	69
31	70
31	71
31	72
31	73
31	74
31	75
31	79
31	88
31	90
31	97
31	98
31	110
31	111
31	117
31	118
31	119
31	120
31	121
31	122
31	123
31	124
31	125
31	126
31	127
32	0
32	1
32	2
32	3
32	4
32	5
32	6
32	22
32	23
32	33
32	37
32	38
32	39
32	40
32	41
32	43
32	44
32	45
32	46
32	47
32	48
32	56
32	57
32	58
32	59
32	60
32	61
32	62
32	63
32	66
32	67
32	68
32	69
32	70
32	71
32	87
32	88
32	97
32	98
32	99
32	100
32	101
32	108
32	109
32	117
32	118
32	119
32	120
32	121
32	122
32	123
32	124
32	125
32	126
32	127
33	0
33	1
33	2
33	3
33	4
33	5
33	6
33	19
33	21
33	22
33	23
33	25
33	37
33	38
33	39
33	40
33	41
33	42
33	43
33	44
33	45
33	46
33	47
33	48
33	56
33	57
33	58
33	59
33	60
33	61
33	62
33	63
33	64
33	65
33	66
33	67
33	68
33	69
33	70
33	71
33	72
33	73
33	89
33	90
33	91
33	92
33	95
33	96
33	97
33	98
33	99
33	109
33	113
33	117
33	118
33	119
33	120
33	121
33	122
33	123
33	124
33	126
33	127
34	0
34	1
34	2
34	3
34	4
34	5
34	6
34	7
34	19
34	21
34	22
34	23
34	30
34	37
34	38
34	39
34	40
34	41
34	42
34	43
34	44
34	45
34	48
34	56
34	57
34	58
34	60
34	61
34	62
34	63
34	64
34	65
34	66
34	67
34	68
34	69
34	71
34	72
34	73
34	78
34	90
34	91
34	94
34	95
34	96
34	97
34	98
34	99
34	100
34	109
34	114
34	116
34	117
34	118
34	119
34	120
34	121
34	122
34	123
34	124
34	125
34	126
34	127
35	1
35	2
35	3
35	4
35	5
35	7
35	8
35	19
35	20
35	21
35	22
35	23
35	31
35	37
35	38
35	39
35	40
35	41
35	42
35	43
35	44
35	45
35	62
35	63
35	64
35	65
35	66
35	67
35	69
35	70
35	71
35	72
35	73
35	76
35	77
35	90
35	91
35	92
35	93
35	96
35	97
35	98
35	99
35	102
35	103
35	104
35	106
35	115
35	116
35	117
35	118
35	119
35	120
35	121
35	122
35	124
35	125
35	126
35	127
36	0
36	1
36	2
36	3
36	4
36	5
36	6
36	7
36	8
36	9
36	12
36	19
36	20
36	21
36	22
36	23
36	31
36	37
36	38
36	39
36	40
36	41
36	42
36	43
36	44
36	45
36	55
36	56
36	64
36	65
36	67
36	68
36	69
36	70
36	71
36	72
36	90
36	91
36	92
36	93
36	94
36	95
36	98
36	99
36	104
36	105
36	106
36	111
36	115
36	116
36	117
36	118
36	119
36	120
36	121
36	122
36	125
36	126
36	127
37	0
37	1
37	2
37	8
37	9
37	20
37	21
37	22
37	23
37	30
37	31
37	32
37	33
37	37
37	39
37	40
37	41
37	42
37	43
37	44
37	45
37	46
37	49
37	56
37	64
37	65
37	69
37	70
37	71
37	72
37	73
37	90
37	91
37	92
37	93
37	94
37	95
37	96
37	97
37	104
37	106
37	107
37	111
37	115
37	116
37	117
37	118
37	119
37	120
37	121
37	122
37	123
37	124
37	125
37	126
38	0
38	1
38	2
38	3
38	6
38	12
38	21
38	22
38	23
38	30
38	31
38	32
38	37
38	41
38	42
38	43
38	44
38	49
38	50
38	51
38	57
38	65
38	68
38	70
38	71
38	72
38	73
38	74
38	76
38	77
38	78
38	79
38	81
38	88
38	89
38	90
38	91
38	92
38	93
38	94
38	95
38	96
38	97
38	98
38	99
38	101
38	106
38	107
38	115
38	116
38	117
38	118
38	119
38	120
38	121
38	122
38	123
38	124
38	125
38	126
38	127
39	1
39	2
39	3
39	4
39	5
39	6
39	22
39	23
39	27
39	29
39	30
39	31
39	32
39	33
39	36
39	37
39	41
39	42
39	43
39	44
39	49
39	50
39	68
39	69
39	70
39	72
39	74
39	75
39	76
39	77
39	78
39	81
39	87
39	88
39	89
39	90
39	91
39	92
39	93
39	94
39	95
39	96
39	97
39	98
39	102
39	107
39	111
39	113
39	114
39	115
39	116
39	117
39	118
39	120
39	121
39	122
39	123
39	124
39	125
39	126
39	127
40	0
40	1
40	2
40	3
40	4
40	5
40	12
40	13
40	14
40	15
40	21
40	22
40	23
40	24
40	29
40	30
40	31
40	32
40	33
40	39
40	40
40	41
40	42
40	43
40	48
40	49
40	50
40	51
40	52
40	58
40	65
40	66
40	68
40	69
40	70
40	71
40	72
40	74
40	75
40	76
40	77
40	83
40	87
40	88
40	89
40	90
40	91
40	92
40	93
40	94
40	95
40	96
40	97
40	98
40	107
40	109
40	110
40	114
40	115
40	116
40	117
40	120
40	121
40	122
40	124
40	125
40	126
40	127
41	0
41	2
41	3
41	5
41	6
41	20
41	21
41	22
41	23
41	24
41	25
41	26
41	28
41	29
41	30
41	31
41	32
41	33
41	39
41	40
41	41
41	42
41	43
41	60
41	65
41	66
41	67
41	68
41	71
41	72
41	76
41	77
41	87
41	88
41	89
41	90
41	91
41	92
41	93
41	94
41	95
41	96
41	97
41	104
41	105
41	109
41	110
41	114
41	115
41	116
41	117
41	118
41	119
41	120
41	121
41	123
41	126
41	127
42	2
42	3
42	4
42	5
42	6
42	8
42	19
42	20
42	21
42	22
42	23
42	24
42	25
42	26
42	27
42	28
42	29
42	30
42	33
42	34
42	37
42	38
42	39
42	40
42	41
42	42
42	43
42	72
42	77
42	90
42	91
42	92
42	93
42	94
42	95
42	97
42	101
42	116
42	117
42	118
42	119
42	120
42	121
42	123
42	124
43	0
43	1
43	2
43	3
43	4
43	5
43	6
43	8
43	10
43	11
43	12
43	19
43	20
43	21
43	22
43	23
43	24
43	25
43	26
43	27
43	28
43	29
43	33
43	34
43	39
43	40
43	41
43	42
43	43
43	72
43	73
43	74
43	77
43	83
43	84
43	87
43	88
43	94
43	95
43	98
43	99
43	114
43	115
43	116
43	117
43	118
43	119
43	121
43	122
43	123
43	124
43	125
43	126
44	1
44	2
44	3
44	4
44	5
44	6
44	7
44	10
44	11
44	12
44	13
44	14
44	15
44	16
44	17
44	18
44	19
44	20
44	21
44	22
44	23
44	24
44	25
44	26
44	27
44	29
44	32
44	39
44	40
44	41
44	42
44	72
44	74
44	83
44	89
44	90
44	95
44	96
44	97
44	98
44	99
44	108
44	115
44	116
44	117
44	118
44	121
44	122
44	123
44	124
44	125
44	126
45	0
45	1
45	2
45	3
45	4
45	5
45	6
45	7
45	8
45	11
45	12
45	13
45	14
45	15
45	16
45	19
45	20
45	21
45	22
45	23
45	28
45	29
45	30
45	32
45	38
45	39
45	40
45	41
45	42
45	66
45	71
45	72
45	73
45	74
45	75
45	78
45	79
45	80
45	84
45	85
45	89
45	90
45	91
45	96
45	97
45	98
45	99
45	105
45	114
45	115
45	116
45	117
45	118
45	121
45	122
45	123
45	124
45	125
45	126
45	127
46	0
46	1
46	2
46	4
46	5
46	6
46	7
46	8
46	9
46	11
46	12
46	13
46	14
46	15
46	16
46	17
46	19
46	24
46	25
46	26
46	27
46	28
46	29
46	31
46	35
46	40
46	41
46	54
46	55
46	71
46	73
46	84
46	85
46	90
46	91
46	92
46	93
46	94
46	95
46	96
46	97
46	98
46	99
46	111
46	112
46	113
46	114
46	116
46	117
46	118
46	119
46	120
46	121
46	122
46	123
46	124
46	125
46	126
46	127
47	0
47	1
47	2
47	3
47	4
47	5
47	6
47	7
47	9
47	10
47	11
47	13
47	14
47	15
47	16
47	17
47	19
47	21
47	24
47	25
47	26
47	27
47	28
47	29
47	30
47	32
47	35
47	36
47	40
47	41
47	58
47	59
47	60
47	68
47	69
47	73
47	84
47	85
47	90
47	91
47	92
47	93
47	94
47	95
47	96
47	97
47	98
47	102
47	112
47	113
47	114
47	115
47	117
47	118
47	119
47	120
47	121
47	122
47	123
47	124
47	125
47	126
47	127
48	0
48	1
48	2
48	3
48	4
48	5
48	6
48	7
48	8
48	13
48	15
48	16
48	17
48	18
48	19
48	21
48	22
48	23
48	24
48	25
48	27
48	28
48	29
48	37
48	38
48	39
48	40
48	41
48	56
48	57
48	58
48	59
48	68
48	69
48	70
48	79
48	88
48	89
48	90
48	91
48	92
48	93
48	94
48	95
48	96
48	97
48	98
48	101
48	112
48	113
48	114
48	115
48	117
48	118
48	119
48	120
48	122
48	123
48	124
48	125
48	126
48	127
49	0
49	1
49	2
49	3
49	4
49	5
49	6
49	7
49	8
49	10
49	11
49	12
49	13
49	14
49	15
49	16
49	22
49	23
49	25
49	26
49	27
49	28
49	31
49	38
49	39
49	40
49	41
49	44
49	54
49	57
49	58
49	59
49	60
49	61
49	62
49	76
49	86
49	88
49	89
49	90
49	91
49	92
49	93
49	94
49	95
49	96
49	97
49	98
49	99
49	100
49	101
49	103
49	113
49	114
49	116
49	117
49	118
49	119
49	120
49	121
49	122
49	123
49	124
49	125
49	126
49	127
50	0
50	1
50	2
50	3
50	7
50	8
50	10
50	11
50	12
50	15
50	16
50	19
50	25
50	26
50	27
50	28
50	38
50	39
50	40
50	41
50	43
50	44
50	46
50	52
50	57
50	58
50	59
50	60
50	61
50	62
50	73
50	76
50	77
50	80
50	81
50	84
50	85
50	88
50	89
50	90
50	91
50	92
50	93
50	94
50	95
50	96
50	97
50	98
50	99
50	100
50	101
50	102
50	103
50	108
50	111
50	112
50	113
50	114
50	119
50	126
50	127
51	0
51	1
51	7
51	8
51	9
51	10
51	11
51	12
51	16
51	17
51	25
51	26
51	27
51	28
51	29
51	30
51	31
51	35
51	41
51	42
51	46
51	47
51	59
51	60
51	61
51	62
51	70
51	71
51	73
51	79
51	80
51	81
51	84
51	85
51	86
51	87
51	88
51	89
51	90
51	91
51	92
51	93
51	94
51	96
51	100
51	101
51	102
51	103
51	105
51	106
51	110
51	111
51	112
51	117
51	118
51	119
51	122
51	123
51	126
51	127
52	4
52	5
52	22
52	23
52	24
52	26
52	27
52	28
52	29
52	30
52	31
52	41
52	46
52	47
52	61
52	62
52	70
52	72
52	73
52	74
52	81
52	82
52	85
52	86
52	87
52	88
52	89
52	90
52	91
52	92
52	93
52	94
52	95
52	96
52	97
52	98
52	99
52	100
52	101
52	102
52	105
52	106
52	107
52	109
52	110
52	111
52	114
52	115
52	120
52	121
52	122
52	123
52	124
52	125
52	126
52	127
53	4
53	24
53	25
53	26
53	27
53	28
53	29
53	30
53	31
53	37
53	38
53	39
53	40
53	43
53	44
53	50
53	51
53	58
53	61
53	62
53	63
53	74
53	75
53	80
53	81
53	82
53	85
53	86
53	87
53	88
53	89
53	90
53	91
53	93
53	94
53	95
53	98
53	99
53	100
53	101
53	102
53	103
53	104
53	109
53	110
53	111
53	117
53	118
53	119
53	120
53	121
53	122
53	123
53	124
53	125
53	126
53	127
54	7
54	9
54	24
54	25
54	26
54	27
54	28
54	31
54	32
54	33
54	38
54	39
54	42
54	46
54	50
54	51
54	52
54	53
54	62
54	63
54	72
54	75
54	83
54	84
54	85
54	86
54	87
54	88
54	89
54	90
54	93
54	94
54	97
54	98
54	99
54	101
54	102
54	103
54	109
54	110
54	111
54	113
54	116
54	117
54	118
54	119
54	120
54	121
54	122
54	123
54	124
54	125
54	126
54	127
55	0
55	1
55	9
55	10
55	14
55	25
55	26
55	27
55	34
55	46
55	53
55	62
55	79
55	80
55	82
55	83
55	84
55	85
55	86
55	87
55	94
55	98
55	99
55	106
55	110
55	111
55	112
55	113
55	114
55	115
55	116
55	117
55	118
55	119
55	120
55	121
55	122
55	123
55	124
55	125
55	126
55	127
56	0
56	1
56	2
56	3
56	8
56	9
56	11
56	12
56	14
56	17
56	18
56	19
56	25
56	26
56	27
56	32
56	33
56	41
56	42
56	46
56	60
56	61
56	69
56	80
56	81
56	83
56	84
56	85
56	86
56	87
56	88
56	89
56	90
56	91
56	92
56	94
56	97
56	98
56	106
56	107
56	110
56	111
56	112
56	113
56	114
56	115
56	116
56	117
56	118
56	119
56	120
56	121
56	122
56	123
56	124
56	125
56	126
56	127
57	8
57	10
57	11
57	12
57	13
57	14
57	18
57	19
57	22
57	25
57	26
57	27
57	28
57	57
57	62
57	82
57	83
57	84
57	85
57	88
57	90
57	91
57	92
57	97
57	99
57	100
57	103
57	107
57	109
57	110
57	111
57	112
57	113
57	114
57	115
57	117
57	118
57	119
57	120
57	121
57	122
57	123
57	124
57	125
57	126
58	8
58	11
58	15
58	16
58	17
58	18
58	19
58	25
58	26
58	27
58	28
58	29
58	30
58	31
58	32
58	45
58	48
58	59
58	60
58	62
58	70
58	79
58	80
58	81
58	82
58	83
58	84
58	85
58	90
58	94
58	95
58	96
58	97
58	98
58	110
58	111
58	116
58	117
58	118
58	119
58	120
58	121
58	122
58	123
58	124
58	125
58	127
59	0
59	8
59	16
59	17
59	18
59	19
59	20
59	24
59	26
59	27
59	28
59	29
59	30
59	31
59	32
59	34
59	43
59	44
59	57
59	59
59	60
59	61
59	72
59	80
59	82
59	83
59	92
59	93
59	94
59	95
59	96
59	97
59	98
59	99
59	109
59	110
59	116
59	117
59	118
59	119
59	120
59	121
59	122
59	127
60	0
60	1
60	4
60	6
60	15
60	16
60	18
60	19
60	24
60	25
60	26
60	27
60	28
60	29
60	30
60	31
60	32
60	38
60	39
60	40
60	57
60	60
60	68
60	76
60	78
60	82
60	83
60	84
60	89
60	90
60	91
60	92
60	93
60	94
60	95
60	98
60	103
60	105
60	112
60	115
60	116
60	117
60	119
60	121
60	127
61	0
61	1
61	4
61	6
61	7
61	9
61	14
61	15
61	17
61	18
61	19
61	20
61	24
61	25
61	28
61	29
61	31
61	32
61	34
61	36
61	38
61	39
61	40
61	47
61	60
61	61
61	62
61	67
61	68
61	76
61	77
61	82
61	88
61	89
61	90
61	91
61	92
61	93
61	94
61	95
61	98
61	103
61	104
61	105
61	108
61	109
61	110
61	111
61	112
61	113
61	114
61	115
61	116
61	117
61	118
61	119
61	121
61	127
62	0
62	6
62	8
62	14
62	15
62	16
62	17
62	18
62	19
62	20
62	21
62	22
62	28
62	29
62	36
62	37
62	38
62	39
62	40
62	41
62	42
62	43
62	44
62	47
62	50
62	53
62	54
62	56
62	67
62	76
62	86
62	87
62	88
62	89
62	90
62	92
62	93
62	94
62	101
62	102
62	103
62	109
62	110
62	111
62	112
62	113
62	114
62	115
62	116
62	117
62	118
62	119
62	120
62	121
62	122
63	6
63	8
63	15
63	16
63	17
63	18
63	19
63	20
63	21
63	22
63	29
63	35
63	36
63	37
63	38
63	39
63	40
63	41
63	42
63	43
63	48
63	49
63	50
63	51
63	53
63	54
63	76
63	77
63	85
63	86
63	87
63	88
63	89
63	90
63	91
63	92
63	93
63	94
63	110
63	111
63	112
63	113
63	114
63	115
63	116
63	117
63	118
63	119
63	120
63	124
64	3
64	4
64	15
64	16
64	17
64	21
64	22
64	24
64	27
64	34
64	35
64	36
64	37
64	38
64	39
64	40
64	41
64	42
64	43
64	48
64	49
64	50
64	51
64	75
64	76
64	77
64	78
64	85
64	87
64	88
64	89
64	90
64	91
64	92
64	93
64	94
64	97
64	106
64	107
64	115
64	116
64	117
64	118
64	119
64	120
64	121
64	126
65	3
65	4
65	10
65	13
65	14
65	15
65	16
65	17
65	18
65	19
65	21
65	22
65	27
65	28
65	34
65	35
65	36
65	37
65	38
65	39
65	40
65	41
65	42
65	43
65	51
65	70
65	71
65	76
65	77
65	78
65	81
65	87
65	88
65	89
65	90
65	91
65	96
65	100
65	104
65	105
65	108
65	117
65	118
65	119
65	120
65	121
65	122
66	3
66	4
66	5
66	6
66	7
66	8
66	9
66	13
66	14
66	15
66	16
66	18
66	19
66	21
66	22
66	33
66	34
66	35
66	36
66	37
66	39
66	40
66	41
66	42
66	70
66	71
66	72
66	78
66	87
66	88
66	89
66	94
66	98
66	100
66	101
66	102
66	103
66	104
66	105
66	106
66	107
66	116
66	117
66	118
66	119
66	120
66	122
66	123
66	125
67	3
67	4
67	5
67	6
67	7
67	8
67	9
67	13
67	14
67	15
67	17
67	18
67	19
67	20
67	21
67	22
67	23
67	24
67	25
67	30
67	33
67	34
67	35
67	36
67	37
67	39
67	40
67	41
67	42
67	67
67	68
67	69
67	70
67	71
67	72
67	80
67	81
67	82
67	89
67	90
67	93
67	94
67	96
67	100
67	101
67	106
67	107
67	117
67	118
67	119
67	120
67	121
67	122
67	123
67	124
67	126
68	3
68	4
68	5
68	6
68	8
68	9
68	10
68	11
68	12
68	13
68	14
68	15
68	16
68	17
68	20
68	21
68	22
68	23
68	24
68	25
68	30
68	36
68	37
68	38
68	39
68	40
68	41
68	42
68	44
68	45
68	47
68	69
68	70
68	71
68	72
68	73
68	78
68	79
68	80
68	81
68	82
68	84
68	89
68	93
68	94
68	95
68	96
68	97
68	100
68	101
68	111
68	112
68	113
68	114
68	115
68	116
68	117
68	118
68	119
68	120
68	121
68	122
68	123
68	124
69	3
69	4
69	5
69	6
69	7
69	8
69	9
69	10
69	11
69	12
69	14
69	15
69	16
69	17
69	18
69	19
69	20
69	21
69	22
69	23
69	35
69	36
69	37
69	38
69	40
69	41
69	42
69	43
69	44
69	45
69	46
69	47
69	51
69	54
69	55
69	56
69	57
69	58
69	65
69	66
69	69
69	70
69	71
69	72
69	80
69	84
69	88
69	89
69	92
69	93
69	94
69	96
69	97
69	98
69	111
69	112
69	113
69	114
69	115
69	116
69	117
69	118
69	119
69	122
69	123
69	124
70	2
70	3
70	4
70	6
70	7
70	8
70	9
70	10
70	11
70	12
70	13
70	14
70	15
70	16
70	17
70	18
70	19
70	20
70	21
70	22
70	23
70	24
70	31
70	32
70	34
70	37
70	38
70	39
70	41
70	43
70	44
70	45
70	46
70	47
70	49
70	54
70	55
70	56
70	57
70	58
70	65
70	66
70	67
70	68
70	69
70	70
70	71
70	72
70	77
70	78
70	79
70	80
70	88
70	93
70	94
70	95
70	96
70	98
70	99
70	110
70	111
70	112
70	113
70	114
70	115
70	118
70	119
70	120
70	121
70	122
70	123
70	124
71	2
71	3
71	4
71	5
71	6
71	7
71	8
71	9
71	10
71	11
71	12
71	13
71	14
71	15
71	16
71	17
71	18
71	19
71	20
71	21
71	22
71	23
71	31
71	32
71	33
71	34
71	37
71	38
71	39
71	40
71	41
71	43
71	44
71	45
71	46
71	55
71	56
71	57
71	58
71	59
71	65
71	66
71	67
71	68
71	69
71	70
71	71
71	72
71	73
71	74
71	75
71	76
71	77
71	78
71	93
71	94
71	95
71	99
71	111
71	112
71	113
71	114
71	115
71	118
71	119
71	120
71	121
71	122
71	123
72	1
72	2
72	3
72	4
72	5
72	6
72	7
72	8
72	9
72	10
72	11
72	12
72	13
72	14
72	15
72	16
72	17
72	20
72	21
72	22
72	26
72	29
72	30
72	31
72	33
72	38
72	39
72	40
72	41
72	45
72	46
72	47
72	56
72	57
72	59
72	60
72	63
72	64
72	65
72	66
72	67
72	70
72	73
72	75
72	76
72	77
72	78
72	93
72	94
72	98
72	105
72	111
72	112
72	113
72	114
72	115
72	116
72	123
73	2
73	3
73	4
73	5
73	6
73	7
73	8
73	9
73	10
73	11
73	12
73	13
73	14
73	15
73	16
73	17
73	18
73	19
73	20
73	21
73	22
73	26
73	29
73	30
73	31
73	33
73	34
73	35
73	37
73	38
73	39
73	40
73	41
73	42
73	43
73	46
73	47
73	55
73	56
73	59
73	60
73	64
73	65
73	78
73	88
73	91
73	92
73	96
73	98
73	110
73	111
73	112
73	113
73	114
73	115
73	116
73	119
73	120
73	121
74	3
74	7
74	8
74	9
74	10
74	11
74	12
74	13
74	14
74	15
74	16
74	17
74	18
74	19
74	20
74	26
74	27
74	28
74	30
74	33
74	34
74	35
74	36
74	37
74	38
74	39
74	40
74	41
74	42
74	43
74	44
74	45
74	46
74	47
74	48
74	54
74	63
74	64
74	65
74	66
74	86
74	88
74	89
74	91
74	92
74	96
74	97
74	98
74	111
74	112
74	113
74	114
74	115
74	119
74	120
74	121
74	122
74	123
74	124
75	6
75	7
75	8
75	9
75	10
75	11
75	12
75	15
75	16
75	17
75	18
75	19
75	20
75	25
75	26
75	27
75	29
75	30
75	33
75	34
75	35
75	36
75	37
75	38
75	39
75	40
75	41
75	42
75	43
75	44
75	45
75	46
75	47
75	50
75	51
75	62
75	63
75	64
75	65
75	85
75	86
75	87
75	88
75	89
75	91
75	94
75	95
75	96
75	97
75	98
75	112
75	113
75	114
75	115
75	119
75	120
75	122
75	124
75	125
76	7
76	8
76	10
76	11
76	12
76	15
76	16
76	17
76	18
76	19
76	20
76	21
76	24
76	26
76	27
76	28
76	29
76	30
76	33
76	34
76	36
76	37
76	38
76	39
76	40
76	43
76	44
76	45
76	46
76	47
76	58
76	64
76	86
76	87
76	88
76	89
76	93
76	97
76	109
76	110
76	113
76	114
76	115
76	123
76	124
77	3
77	6
77	7
77	8
77	10
77	15
77	16
77	17
77	18
77	19
77	20
77	21
77	24
77	28
77	29
77	30
77	31
77	33
77	34
77	35
77	36
77	39
77	40
77	43
77	44
77	45
77	46
77	47
77	49
77	57
77	69
77	75
77	76
77	86
77	87
77	88
77	89
77	92
77	100
77	113
77	114
77	115
77	123
78	3
78	6
78	7
78	11
78	15
78	16
78	17
78	18
78	19
78	20
78	24
78	25
78	27
78	28
78	29
78	30
78	31
78	33
78	34
78	35
78	36
78	40
78	41
78	44
78	45
78	46
78	47
78	48
78	49
78	52
78	80
78	81
78	87
78	88
78	92
78	93
78	110
78	113
78	114
78	115
78	116
78	122
79	7
79	8
79	15
79	16
79	17
79	18
79	19
79	20
79	21
79	28
79	29
79	30
79	31
79	32
79	41
79	45
79	47
79	48
79	49
79	56
79	65
79	74
79	75
79	92
79	93
79	113
79	114
79	115
79	116
79	121
79	122
80	7
80	8
80	9
80	15
80	16
80	17
80	18
80	19
80	24
80	25
80	26
80	28
80	29
80	30
80	31
80	32
80	33
80	38
80	39
80	45
80	46
80	47
80	48
80	49
80	55
80	56
80	57
80	60
80	70
80	71
80	72
80	89
80	92
80	93
80	95
80	99
80	100
80	114
80	121
80	122
80	123
81	4
81	8
81	9
81	10
81	13
81	14
81	15
81	16
81	17
81	18
81	19
81	20
81	21
81	24
81	25
81	29
81	31
81	32
81	33
81	45
81	46
81	47
81	48
81	49
81	50
81	51
81	54
81	55
81	56
81	57
81	58
81	67
81	70
81	71
81	72
81	90
81	99
81	100
81	111
81	114
81	115
81	116
81	121
81	122
82	1
82	2
82	3
82	4
82	6
82	7
82	8
82	9
82	13
82	14
82	15
82	16
82	17
82	18
82	19
82	20
82	21
82	22
82	23
82	24
82	25
82	28
82	29
82	30
82	32
82	46
82	47
82	49
82	50
82	51
82	54
82	55
82	56
82	57
82	58
82	59
82	62
82	63
82	64
82	65
82	66
82	70
82	71
82	72
82	88
82	89
82	90
82	94
82	104
82	111
82	112
82	113
82	114
82	115
82	116
82	117
82	120
82	121
82	122
83	1
83	2
83	3
83	4
83	5
83	6
83	7
83	8
83	9
83	15
83	19
83	20
83	21
83	22
83	23
83	24
83	25
83	28
83	30
83	31
83	46
83	51
83	52
83	53
83	54
83	55
83	56
83	57
83	58
83	59
83	60
83	61
83	62
83	63
83	64
83	65
83	66
83	70
83	71
83	83
83	88
83	89
83	91
83	92
83	103
83	104
83	105
83	107
83	108
83	112
83	113
83	114
83	115
83	116
83	117
83	120
84	0
84	1
84	2
84	3
84	4
84	5
84	6
84	7
84	8
84	10
84	15
84	20
84	21
84	22
84	24
84	25
84	26
84	27
84	28
84	31
84	32
84	33
84	42
84	53
84	54
84	55
84	56
84	57
84	58
84	59
84	60
84	61
84	62
84	63
84	64
84	65
84	68
84	69
84	70
84	71
84	79
84	83
84	84
84	87
84	88
84	91
84	92
84	101
84	102
84	103
84	104
84	105
84	107
84	108
84	109
84	110
84	112
84	113
84	116
84	117
84	118
85	1
85	2
85	3
85	4
85	5
85	11
85	15
85	21
85	22
85	24
85	25
85	26
85	27
85	28
85	32
85	33
85	34
85	37
85	53
85	54
85	55
85	56
85	57
85	58
85	59
85	60
85	61
85	62
85	63
85	64
85	65
85	69
85	70
85	71
85	79
85	80
85	82
85	83
85	87
85	88
85	89
85	92
85	97
85	102
85	103
85	104
85	105
85	107
85	108
85	109
85	112
85	113
85	115
85	117
85	118
86	2
86	3
86	4
86	10
86	11
86	14
86	20
86	21
86	22
86	23
86	25
86	26
86	27
86	32
86	47
86	48
86	50
86	54
86	55
86	57
86	58
86	59
86	60
86	61
86	62
86	63
86	64
86	65
86	69
86	70
86	77
86	78
86	82
86	85
86	86
86	87
86	88
86	89
86	90
86	102
86	103
86	104
86	105
86	107
86	108
86	109
86	112
86	113
86	114
86	115
87	3
87	4
87	5
87	7
87	8
87	9
87	10
87	11
87	17
87	18
87	19
87	20
87	21
87	22
87	25
87	26
87	27
87	33
87	45
87	46
87	47
87	48
87	49
87	54
87	55
87	56
87	57
87	59
87	60
87	61
87	62
87	63
87	64
87	69
87	71
87	86
87	88
87	89
87	90
87	95
87	96
87	100
87	101
87	102
87	103
87	104
87	105
87	106
87	107
87	108
87	109
87	112
87	113
87	114
87	115
87	116
87	124
88	1
88	2
88	3
88	4
88	5
88	6
88	7
88	8
88	9
88	10
88	11
88	16
88	17
88	18
88	19
88	20
88	21
88	22
88	27
88	29
88	30
88	31
88	46
88	47
88	48
88	49
88	50
88	55
88	57
88	58
88	59
88	60
88	61
88	62
88	63
88	64
88	65
88	66
88	71
88	77
88	79
88	89
88	90
88	98
88	102
88	103
88	104
88	105
88	106
88	107
88	108
88	109
88	110
88	111
88	112
88	113
88	114
88	115
88	116
88	117
88	122
89	0
89	1
89	2
89	3
89	5
89	6
89	7
89	8
89	9
89	10
89	11
89	16
89	17
89	18
89	19
89	20
89	21
89	22
89	27
89	28
89	29
89	30
89	31
89	32
89	33
89	37
89	38
89	39
89	41
89	44
89	45
89	46
89	47
89	48
89	50
89	54
89	55
89	56
89	57
89	59
89	60
89	62
89	63
89	64
89	65
89	66
89	69
89	81
89	89
89	92
89	93
89	95
89	98
89	104
89	105
89	106
89	107
89	108
89	109
89	110
89	111
89	112
89	113
89	114
89	115
89	116
89	117
89	118
89	124
89	127
90	0
90	1
90	2
90	3
90	5
90	6
90	7
90	8
90	9
90	10
90	11
90	15
90	16
90	17
90	18
90	19
90	21
90	27
90	28
90	29
90	30
90	31
90	38
90	43
90	44
90	52
90	54
90	55
90	56
90	59
90	60
90	62
90	63
90	64
90	65
90	66
90	67
90	68
90	81
90	89
90	92
90	93
90	94
90	95
90	98
90	103
90	104
90	105
90	106
90	108
90	109
90	110
90	111
90	112
90	113
90	114
90	115
90	116
90	117
90	122
90	123
90	124
91	0
91	1
91	2
91	3
91	5
91	6
91	7
91	8
91	9
91	12
91	13
91	14
91	15
91	16
91	17
91	18
91	19
91	21
91	23
91	30
91	31
91	33
91	38
91	46
91	59
91	60
91	61
91	62
91	63
91	64
91	65
91	66
91	72
91	73
91	77
91	81
91	85
91	89
91	92
91	93
91	94
91	95
91	96
91	98
91	102
91	103
91	104
91	105
91	106
91	107
91	108
91	109
91	110
91	111
91	112
91	113
91	114
91	115
91	116
91	117
91	122
91	123
91	124
91	125
91	127
92	0
92	1
92	2
92	3
92	5
92	6
92	7
92	8
92	9
92	19
92	20
92	21
92	23
92	27
92	31
92	32
92	34
92	43
92	44
92	46
92	60
92	61
92	62
92	63
92	89
92	91
92	92
92	93
92	96
92	97
92	98
92	99
92	102
92	103
92	104
92	105
92	106
92	110
92	111
92	112
92	113
92	114
92	115
92	116
92	117
92	120
92	123
93	0
93	1
93	2
93	3
93	4
93	5
93	6
93	7
93	8
93	9
93	19
93	20
93	21
93	22
93	43
93	48
93	49
93	51
93	59
93	60
93	61
93	62
93	63
93	89
93	90
93	91
93	98
93	101
93	102
93	103
93	104
93	105
93	110
93	111
93	113
93	114
93	115
93	116
93	117
93	122
93	123
93	124
93	125
94	0
94	1
94	2
94	3
94	4
94	5
94	6
94	7
94	8
94	9
94	10
94	11
94	15
94	18
94	19
94	20
94	21
94	22
94	23
94	45
94	46
94	47
94	51
94	59
94	62
94	90
94	91
94	92
94	102
94	103
94	104
94	105
94	109
94	110
94	111
94	112
94	113
94	114
94	115
94	116
94	117
94	121
94	122
94	123
94	127
95	0
95	2
95	4
95	5
95	6
95	7
95	8
95	9
95	18
95	19
95	20
95	21
95	28
95	29
95	44
95	45
95	46
95	47
95	49
95	50
95	51
95	58
95	59
95	60
95	61
95	62
95	63
95	64
95	65
95	66
95	67
95	68
95	74
95	75
95	76
95	79
95	80
95	98
95	101
95	102
95	103
95	104
95	110
95	111
95	112
95	113
95	114
95	115
95	116
95	117
95	122
95	123
95	124
95	125
95	126
95	127
96	0
96	1
96	2
96	4
96	5
96	6
96	7
96	8
96	9
96	13
96	18
96	19
96	35
96	36
96	37
96	39
96	44
96	45
96	46
96	47
96	49
96	50
96	51
96	53
96	60
96	61
96	62
96	63
96	64
96	65
96	66
96	67
96	68
96	73
96	74
96	75
96	76
96	77
96	78
96	101
96	102
96	103
96	104
96	106
96	110
96	111
96	112
96	113
96	114
96	115
96	116
96	117
96	118
96	122
96	123
96	124
96	125
96	126
96	127
97	0
97	1
97	2
97	3
97	4
97	5
97	6
97	13
97	14
97	18
97	19
97	35
97	36
97	37
97	38
97	39
97	40
97	44
97	45
97	46
97	47
97	48
97	49
97	50
97	52
97	53
97	54
97	55
97	59
97	60
97	61
97	62
97	65
97	66
97	67
97	68
97	69
97	70
97	71
97	72
97	73
97	74
97	75
97	76
97	77
97	78
97	92
97	93
97	94
97	100
97	101
97	102
97	103
97	104
97	112
97	114
97	116
97	117
97	118
97	122
97	123
97	124
97	125
97	126
97	127
98	0
98	1
98	2
98	3
98	6
98	8
98	13
98	14
98	15
98	17
98	35
98	36
98	37
98	38
98	39
98	40
98	41
98	42
98	43
98	44
98	45
98	46
98	47
98	48
98	49
98	50
98	52
98	53
98	54
98	59
98	60
98	61
98	65
98	66
98	69
98	70
98	71
98	72
98	73
98	74
98	76
98	77
98	78
98	79
98	82
98	93
98	94
98	97
98	98
98	100
98	101
98	102
98	103
98	104
98	107
98	112
98	113
98	114
98	115
98	116
98	118
98	122
98	123
98	124
98	125
98	126
98	127
99	0
99	1
99	2
99	3
99	4
99	5
99	6
99	7
99	12
99	13
99	21
99	22
99	23
99	35
99	36
99	37
99	38
99	39
99	40
99	41
99	42
99	43
99	44
99	45
99	46
99	47
99	48
99	49
99	50
99	51
99	52
99	53
99	54
99	56
99	57
99	59
99	60
99	61
99	62
99	63
99	69
99	70
99	71
99	72
99	73
99	74
99	76
99	77
99	78
99	79
99	93
99	94
99	97
99	98
99	99
99	100
99	101
99	102
99	104
99	106
99	107
99	108
99	113
99	114
99	115
99	116
99	117
99	118
99	120
99	121
99	122
99	123
99	124
99	125
99	126
100	0
100	1
100	2
100	3
100	4
100	5
100	6
100	7
100	10
100	15
100	16
100	21
100	22
100	23
100	35
100	36
100	37
100	42
100	43
100	44
100	45
100	46
100	47
100	48
100	49
100	50
100	51
100	52
100	53
100	54
100	55
100	56
100	57
100	59
100	60
100	61
100	62
100	63
100	69
100	70
100	72
100	73
100	74
100	76
100	77
100	78
100	79
100	93
100	94
100	96
100	97
100	98
100	100
100	102
100	104
100	105
100	106
100	107
100	108
100	109
100	110
100	111
100	115
100	116
100	117
100	118
100	119
100	120
100	121
100	122
100	123
100	126
101	0
101	3
101	4
101	5
101	6
101	7
101	8
101	9
101	10
101	11
101	12
101	21
101	22
101	23
101	30
101	35
101	36
101	37
101	42
101	43
101	44
101	45
101	48
101	49
101	50
101	52
101	53
101	54
101	56
101	57
101	59
101	60
101	61
101	62
101	63
101	64
101	68
101	69
101	70
101	71
101	72
101	73
101	74
101	76
101	77
101	78
101	79
101	93
101	94
101	98
101	100
101	104
101	105
101	108
101	110
101	111
101	114
101	115
101	116
101	117
101	120
101	121
101	122
101	125
101	126
101	127
102	0
102	3
102	4
102	5
102	6
102	7
102	8
102	9
102	10
102	11
102	12
102	13
102	16
102	17
102	21
102	22
102	26
102	29
102	30
102	43
102	44
102	45
102	46
102	47
102	48
102	49
102	50
102	51
102	52
102	53
102	54
102	56
102	59
102	60
102	61
102	62
102	63
102	64
102	67
102	68
102	69
102	70
102	72
102	74
102	75
102	76
102	79
102	80
102	81
102	82
102	83
102	84
102	93
102	97
102	98
102	100
102	102
102	107
102	110
102	114
102	115
102	116
102	117
102	122
102	125
102	126
102	127
103	4
103	6
103	7
103	8
103	9
103	12
103	19
103	29
103	30
103	39
103	43
103	44
103	45
103	46
103	47
103	48
103	49
103	50
103	51
103	52
103	53
103	54
103	57
103	59
103	60
103	61
103	62
103	63
103	64
103	65
103	66
103	67
103	68
103	69
103	70
103	74
103	75
103	76
103	77
103	78
103	79
103	81
103	82
103	83
103	94
103	105
103	113
103	114
103	115
103	116
103	117
103	118
103	119
103	120
103	122
103	125
103	126
103	127
104	4
104	6
104	7
104	8
104	9
104	10
104	11
104	12
104	13
104	16
104	19
104	20
104	39
104	40
104	41
104	43
104	44
104	45
104	46
104	47
104	48
104	49
104	50
104	51
104	52
104	53
104	54
104	59
104	60
104	61
104	62
104	63
104	64
104	65
104	66
104	67
104	68
104	69
104	76
104	77
104	78
104	79
104	81
104	85
104	87
104	88
104	94
104	95
104	105
104	111
104	112
104	113
104	114
104	115
104	116
104	117
104	118
104	119
104	120
104	121
104	122
104	123
104	124
104	125
104	126
105	3
105	4
105	5
105	6
105	8
105	9
105	10
105	11
105	15
105	16
105	20
105	25
105	26
105	27
105	41
105	42
105	43
105	44
105	45
105	46
105	47
105	48
105	49
105	50
105	51
105	52
105	53
105	54
105	55
105	58
105	59
105	60
105	61
105	62
105	63
105	65
105	66
105	67
105	68
105	69
105	70
105	74
105	75
105	78
105	79
105	84
105	85
105	86
105	102
105	103
105	105
105	110
105	111
105	113
105	114
105	115
105	116
105	117
105	118
105	119
105	120
105	121
105	122
105	123
106	2
106	3
106	4
106	5
106	9
106	10
106	11
106	12
106	15
106	16
106	20
106	27
106	29
106	40
106	41
106	42
106	43
106	44
106	45
106	46
106	47
106	48
106	49
106	52
106	53
106	58
106	59
106	60
106	61
106	62
106	63
106	64
106	65
106	66
106	67
106	68
106	69
106	75
106	79
106	80
106	82
106	83
106	84
106	85
106	86
106	87
106	95
106	96
106	97
106	99
106	100
106	101
106	113
106	114
106	115
106	117
106	118
106	119
106	120
106	121
106	122
106	123
106	124
106	126
107	1
107	2
107	3
107	4
107	8
107	9
107	10
107	11
107	12
107	15
107	17
107	22
107	23
107	28
107	29
107	40
107	41
107	42
107	43
107	44
107	45
107	46
107	47
107	48
107	49
107	50
107	53
107	54
107	55
107	58
107	59
107	60
107	61
107	62
107	63
107	64
107	65
107	66
107	67
107	68
107	69
107	74
107	79
107	80
107	81
107	82
107	83
107	84
107	85
107	95
107	96
107	97
107	100
107	101
107	102
107	112
107	113
107	118
107	119
107	121
107	122
107	123
107	124
107	125
107	126
108	0
108	1
108	2
108	3
108	4
108	10
108	11
108	12
108	28
108	32
108	35
108	36
108	37
108	38
108	40
108	41
108	42
108	43
108	44
108	45
108	46
108	47
108	48
108	49
108	50
108	51
108	52
108	53
108	54
108	55
108	56
108	58
108	59
108	60
108	61
108	62
108	63
108	64
108	65
108	66
108	67
108	68
108	69
108	72
108	73
108	74
108	75
108	80
108	81
108	82
108	86
108	87
108	97
108	98
108	99
108	100
108	101
108	102
108	110
108	118
108	119
108	120
108	122
108	123
108	124
108	125
108	126
109	0
109	1
109	2
109	3
109	4
109	12
109	25
109	30
109	31
109	32
109	33
109	34
109	35
109	37
109	38
109	40
109	42
109	43
109	44
109	45
109	46
109	47
109	48
109	49
109	50
109	51
109	52
109	53
109	54
109	55
109	56
109	57
109	58
109	59
109	60
109	61
109	63
109	64
109	65
109	66
109	67
109	68
109	69
109	70
109	71
109	72
109	73
109	74
109	75
109	78
109	80
109	81
109	82
109	85
109	86
109	87
109	93
109	97
109	98
109	99
109	100
109	101
109	102
109	109
109	110
109	111
109	115
109	116
109	117
109	118
109	119
109	120
109	121
109	122
109	123
109	124
109	125
109	126
110	1
110	2
110	4
110	19
110	28
110	29
110	30
110	31
110	32
110	33
110	34
110	35
110	37
110	38
110	40
110	42
110	43
110	45
110	46
110	47
110	48
110	49
110	50
110	51
110	52
110	53
110	54
110	57
110	58
110	59
110	60
110	61
110	62
110	63
110	65
110	66
110	67
110	68
110	69
110	70
110	71
110	72
110	73
110	74
110	75
110	79
110	80
110	81
110	82
110	83
110	84
110	85
110	86
110	87
110	88
110	91
110	92
110	97
110	98
110	99
110	100
110	101
110	102
110	103
110	104
110	107
110	108
110	110
110	115
110	117
110	119
110	120
110	121
110	122
110	123
110	124
111	2
111	3
111	4
111	29
111	30
111	31
111	32
111	33
111	34
111	36
111	37
111	38
111	40
111	45
111	46
111	47
111	48
111	49
111	50
111	51
111	52
111	53
111	54
111	55
111	56
111	61
111	62
111	65
111	66
111	68
111	69
111	70
111	71
111	72
111	78
111	79
111	80
111	81
111	82
111	83
111	84
111	85
111	86
111	87
111	88
111	96
111	97
111	98
111	99
111	100
111	101
111	102
111	103
111	104
111	107
111	108
111	109
111	110
111	111
111	117
111	120
111	123
111	124
112	2
112	3
112	4
112	7
112	22
112	29
112	30
112	31
112	32
112	33
112	34
112	36
112	37
112	38
112	39
112	40
112	41
112	42
112	45
112	46
112	47
112	48
112	49
112	50
112	51
112	52
112	61
112	62
112	63
112	64
112	65
112	68
112	69
112	70
112	71
112	72
112	73
112	78
112	79
112	80
112	81
112	82
112	84
112	85
112	86
112	87
112	88
112	90
112	93
112	97
112	101
112	107
112	110
112	111
112	112
112	124
112	125
113	7
113	8
113	11
113	17
113	28
113	29
113	30
113	31
113	32
113	33
113	34
113	37
113	38
113	39
113	40
113	41
113	42
113	45
113	46
113	47
113	48
113	49
113	50
113	51
113	52
113	62
113	63
113	64
113	65
113	66
113	69
113	73
113	80
113	81
113	84
113	86
113	87
113	111
113	112
114	2
114	3
114	7
114	8
114	9
114	17
114	18
114	19
114	28
114	29
114	32
114	33
114	34
114	37
114	39
114	40
114	41
114	42
114	43
114	44
114	45
114	46
114	47
114	48
114	49
114	50
114	51
114	62
114	63
114	64
114	66
114	67
114	68
114	69
114	77
114	79
114	80
114	81
114	83
114	84
114	85
114	86
114	87
114	90
114	109
114	110
114	117
115	1
115	3
115	4
115	5
115	6
115	7
115	8
115	9
115	16
115	17
115	18
115	21
115	24
115	31
115	32
115	33
115	34
115	37
115	38
115	39
115	41
115	42
115	43
115	44
115	45
115	46
115	47
115	48
115	49
115	50
115	51
115	52
115	62
115	63
115	64
115	65
115	66
115	67
115	76
115	77
115	78
115	79
115	80
115	83
115	84
115	85
115	86
115	91
115	92
115	93
115	94
115	95
115	99
115	127
116	4
116	5
116	6
116	7
116	8
116	9
116	13
116	15
116	16
116	17
116	18
116	20
116	31
116	33
116	34
116	41
116	42
116	43
116	44
116	45
116	46
116	47
116	48
116	49
116	50
116	51
116	52
116	65
116	67
116	68
116	76
116	78
116	82
116	83
116	84
116	85
116	86
116	87
116	88
116	89
116	90
116	91
116	92
116	94
116	95
116	100
116	101
116	102
116	110
116	127
117	4
117	5
117	6
117	7
117	8
117	9
117	13
117	14
117	15
117	16
117	17
117	18
117	23
117	24
117	40
117	41
117	42
117	44
117	45
117	46
117	47
117	48
117	49
117	51
117	52
117	53
117	54
117	60
117	61
117	62
117	72
117	73
117	78
117	79
117	80
117	81
117	82
117	83
117	84
117	85
117	86
117	87
117	88
117	89
117	90
117	91
117	92
117	93
117	98
117	99
117	100
117	108
117	109
117	110
117	111
117	116
117	124
118	4
118	5
118	6
118	7
118	9
118	13
118	14
118	15
118	16
118	17
118	18
118	22
118	44
118	46
118	47
118	49
118	50
118	51
118	52
118	53
118	54
118	60
118	61
118	62
118	63
118	71
118	72
118	73
118	78
118	79
118	80
118	81
118	82
118	83
118	84
118	85
118	86
118	87
118	88
118	89
118	90
118	91
118	92
118	96
118	97
118	98
118	100
118	109
118	110
118	111
118	115
118	116
118	117
118	118
118	119
118	122
118	123
118	124
119	0
119	4
119	5
119	6
119	7
119	9
119	16
119	17
119	31
119	43
119	44
119	45
119	46
119	47
119	50
119	51
119	52
119	53
119	54
119	61
119	62
119	63
119	64
119	65
119	71
119	73
119	76
119	77
119	78
119	79
119	80
119	81
119	82
119	83
119	84
119	85
119	86
119	87
119	88
119	89
119	90
119	91
119	92
119	93
119	98
119	108
119	109
119	110
119	111
119	115
119	116
119	117
119	118
119	119
119	120
119	122
119	123
119	124
120	2
120	3
120	4
120	5
120	6
120	7
120	8
120	12
120	17
120	31
120	32
120	44
120	45
120	46
120	47
120	48
120	49
120	50
120	51
120	52
120	53
120	54
120	56
120	57
120	62
120	63
120	64
120	65
120	66
120	70
120	76
120	77
120	78
120	79
120	80
120	81
120	82
120	83
120	87
120	88
120	89
120	90
120	91
120	92
120	93
120	94
120	95
120	98
120	99
120	100
120	102
120	109
120	110
120	111
120	112
120	113
120	114
120	115
120	116
120	117
120	119
120	120
120	122
120	123
120	124
120	125
121	1
121	2
121	3
121	4
121	5
121	6
121	7
121	12
121	26
121	30
121	31
121	32
121	44
121	45
121	46
121	47
121	48
121	49
121	50
121	52
121	53
121	54
121	55
121	56
121	57
121	58
121	62
121	63
121	64
121	65
121	66
121	67
121	68
121	69
121	70
121	75
121	76
121	77
121	78
121	80
121	81
121	82
121	83
121	84
121	85
121	86
121	87
121	88
121	89
121	90
121	92
121	93
121	94
121	95
121	96
121	98
121	99
121	100
121	101
121	102
121	112
121	113
121	114
121	115
121	116
121	117
121	119
121	120
121	122
121	124
122	0
122	1
122	2
122	3
122	4
122	6
122	12
122	13
122	14
122	31
122	32
122	44
122	45
122	46
122	47
122	48
122	49
122	50
122	51
122	52
122	54
122	55
122	56
122	57
122	60
122	62
122	63
122	64
122	65
122	66
122	70
122	73
122	76
122	77
122	78
122	79
122	80
122	81
122	82
122	83
122	84
122	85
122	86
122	87
122	88
122	89
122	90
122	91
122	92
122	93
122	94
122	95
122	96
122	97
122	98
122	99
122	100
122	101
122	102
122	103
122	104
122	105
122	108
122	110
122	111
122	112
122	113
122	114
122	115
122	116
122	117
122	118
122	119
122	120
123	0
123	1
123	2
123	4
123	5
123	6
123	7
123	13
123	14
123	15
123	16
123	19
123	22
123	23
123	31
123	43
123	44
123	45
123	46
123	47
123	48
123	49
123	50
123	51
123	52
123	53
123	54
123	55
123	56
123	57
123	58
123	59
123	61
123	62
123	64
123	68
123	70
123	71
123	72
123	75
123	76
123	77
123	78
123	79
123	80
123	81
123	82
123	86
123	87
123	88
123	89
123	90
123	91
123	92
123	93
123	94
123	95
123	96
123	97
123	98
123	99
123	100
123	101
123	102
123	103
123	104
123	105
123	106
123	107
123	110
123	112
123	113
123	114
123	115
123	116
123	117
123	118
123	120
123	126
124	0
124	1
124	2
124	3
124	4
124	5
124	6
124	7
124	8
124	14
124	15
124	18
124	19
124	22
124	23
124	24
124	37
124	43
124	44
124	45
124	46
124	47
124	48
124	50
124	51
124	52
124	53
124	54
124	55
124	56
124	59
124	60
124	61
124	62
124	64
124	70
124	74
124	75
124	76
124	77
124	79
124	80
124	81
124	82
124	83
124	87
124	90
124	91
124	92
124	93
124	94
124	95
124	96
124	97
124	98
124	99
124	100
124	101
124	102
124	103
124	104
124	105
124	106
124	107
124	108
124	109
124	110
124	111
124	112
124	113
124	114
124	115
124	116
124	117
124	118
124	119
124	120
125	0
125	1
125	2
125	3
125	4
125	5
125	6
125	7
125	8
125	18
125	19
125	24
125	43
125	45
125	46
125	47
125	48
125	50
125	51
125	52
125	53
125	61
125	62
125	64
125	66
125	76
125	77
125	80
125	81
125	82
125	86
125	87
125	88
125	89
125	90
125	91
125	92
125	93
125	94
125	95
125	96
125	97
125	98
125	99
125	100
125	101
125	102
125	103
125	104
125	105
125	106
125	107
125	108
125	109
125	110
125	111
125	112
125	113
125	114
125	115
125	116
125	117
125	118
125	119
125	120
125	121
125	122
126	0
126	1
126	2
126	3
126	4
126	5
126	6
126	7
126	8
126	18
126	24
126	25
126	44
126	45
126	46
126	47
126	48
126	50
126	51
126	62
126	63
126	64
126	65
126	85
126	86
126	87
126	89
126	90
126	91
126	92
126	93
126	94
126	95
126	96
126	97
126	98
126	99
126	103
126	104
126	105
126	108
126	109
126	110
126	111
126	112
126	113
126	114
126	115
126	116
126	117
126	118
126	119
126	120
126	121
126	122
126	123
127	0
127	1
127	2
127	3
127	4
127	5
127	6
127	7
127	8
127	9
127	10
127	23
127	44
127	45
127	46
127	47
127	50
127	52
127	63
127	65
127	77
127	78
127	79
127	84
127	85
127	86
127	87
127	88
127	89
127	90
127	91
127	92
127	93
127	94
127	95
127	96
127	97
127	99
127	100
127	102
127	103
127	104
127	107
127	108
127	109
127	110
127	111
127	112
127	113
127	114
127	115
127	116
127	117
127	118
127	119
127	120
127	121
127	122
127	123
127	125
127	127
