size	128
T	2.5
J	1
H	0
x	y
0	10
0	16
0	17
0	18
0	19
0	21
0	22
0	29
0	33
0	34
0	38
0	40
0	41
0	44
0	45
0	46
0	47
0	54
0	55
0	56
0	57
0	63
0	65
0	66
0	67
0	70
0	71
0	77
0	78
0	82
0	83
0	84
0	85
0	86
0	87
0	88
0	89
0	90
0	91
0	98
0	101
0	102
0	103
0	104
0	105
0	106
0	108
0	111
1	1
1	11
1	17
1	18
1	21
1	33
1	39
1	40
1	41
1	42
1	43
1	44
1	45
1	46
1	47
1	50
1	54
1	55
1	56
1	57
1	58
1	60
1	61
1	63
1	65
1	66
1	67
1	68
1	69
1	70
1	75
1	76
1	77
1	78
1	79
1	80
1	81
1	82
1	83
1	84
1	85
1	86
1	87
1	88
1	89
1	98
1	101
1	102
1	103
1	104
1	108
1	109
1	115
1	116
1	123
1	124
1	127
2	0
2	11
2	17
2	18
2	19
2	20
2	21
2	27
2	28
2	39
2	40
2	41
2	42
2	43
2	44
2	45
2	46
2	47
2	48
2	49
2	50
2	51
2	55
2	56
2	57
2	58
2	59
2	60
2	61
2	63
2	65
2	66
2	67
2	74
2	75
2	76
2	77
2	78
2	79
2	80
2	81
2	82
2	83
2	84
2	85
2	86
2	88
2	89
2	92
2	93
2	105
2	108
2	113
2	115
2	121
2	122
2	123
2	124
2	125
2	126
2	127
3	4
3	11
3	39
3	40
3	41
3	42
3	43
3	44
3	45
3	46
3	47
3	48
3	49
3	50
3	51
3	52
3	53
3	54
3	55
3	56
3	57
3	58
3	59
3	65
3	66
3	67
3	68
3	75
3	76
3	77
3	78
3	79
3	80
3	81
3	82
3	83
3	84
3	85
3	86
3	87
3	88
3	91
3	92
3	93
3	94
3	122
3	123
3	124
3	125
3	126
3	127
4	0
4	3
4	4
4	11
4	14
4	45
4	46
4	47
4	48
4	49
4	51
4	52
4	53
4	54
4	55
4	56
4	57
4	64
4	65
4	66
4	68
4	69
4	77
4	78
4	79
4	80
4	82
4	83
4	84
4	85
4	86
4	87
4	88
4	89
4	90
4	91
4	92
4	93
4	94
4	95
4	96
4	102
4	103
4	104
4	105
4	122
4	123
4	124
4	125
4	126
4	127
5	0
5	9
5	13
5	14
5	20
5	21
5	22
5	33
5	39
5	42
5	43
5	45
5	46
5	47
5	48
5	49
5	50
5	51
5	52
5	53
5	54
5	55
5	56
5	64
5	65
5	66
5	68
5	73
5	77
5	80
5	82
5	83
5	84
5	85
5	86
5	87
5	88
5	89
5	90
5	91
5	92
5	93
5	94
5	95
5	96
5	97
5	101
5	102
5	105
5	107
5	122
5	123
5	124
5	125
5	127
6	1
6	8
6	9
6	13
6	14
6	15
6	20
6	21
6	22
6	23
6	26
6	27
6	41
6	42
6	47
6	48
6	49
6	50
6	51
6	52
6	53
6	58
6	64
6	65
6	71
6	80
6	81
6	82
6	83
6	84
6	85
6	86
6	87
6	88
6	89
6	90
6	92
6	93
6	95
6	96
6	97
6	101
6	102
6	105
6	117
6	118
6	119
6	124
6	125
6	126
7	9
7	14
7	15
7	19
7	20
7	21
7	22
7	25
7	26
7	27
7	41
7	42
7	44
7	48
7	49
7	50
7	51
7	52
7	53
7	56
7	57
7	58
7	59
7	60
7	65
7	78
7	80
7	81
7	82
7	83
7	84
7	85
7	86
7	87
7	88
7	89
7	90
7	91
7	95
7	96
7	102
7	103
7	104
7	105
7	126
8	3
8	4
8	7
8	8
8	9
8	12
8	13
8	14
8	15
8	17
8	18
8	19
8	20
8	21
8	22
8	23
8	24
8	25
8	26
8	27
8	38
8	41
8	42
8	43
8	45
8	46
8	47
8	48
8	49
8	50
8	51
8	52
8	53
8	54
8	57
8	58
8	59
8	65
8	79
8	81
8	82
8	83
8	84
8	85
8	86
8	87
8	88
8	89
8	90
8	91
8	93
8	95
8	102
8	103
8	104
8	105
8	111
8	124
8	125
8	126
9	3
9	6
9	7
9	8
9	12
9	13
9	14
9	15
9	16
9	17
9	18
9	19
9	20
9	22
9	23
9	24
9	25
9	26
9	27
9	34
9	35
9	36
9	40
9	41
9	42
9	43
9	44
9	45
9	46
9	47
9	48
9	49
9	50
9	51
9	52
9	53
9	58
9	79
9	81
9	82
9	83
9	84
9	85
9	86
9	89
9	90
9	91
9	92
9	101
9	102
9	104
9	105
9	108
9	109
9	125
9	126
10	2
10	3
10	4
10	5
10	6
10	7
10	8
10	9
10	10
10	11
10	12
10	13
10	14
10	15
10	16
10	17
10	18
10	19
10	21
10	22
10	23
10	27
10	28
10	29
10	30
10	31
10	32
10	33
10	34
10	35
10	36
10	38
10	39
10	40
10	41
10	42
10	43
10	44
10	45
10	46
10	48
10	49
10	50
10	51
10	55
10	56
10	63
10	64
10	68
10	78
10	79
10	80
10	81
10	82
10	83
10	84
10	85
10	86
10	88
10	89
10	90
10	97
10	98
10	101
10	102
10	123
10	126
10	127
11	0
11	2
11	3
11	4
11	5
11	6
11	7
11	8
11	9
11	10
11	11
11	12
11	13
11	14
11	15
11	16
11	17
11	18
11	19
11	20
11	21
11	22
11	23
11	27
11	29
11	30
11	31
11	32
11	33
11	34
11	35
11	36
11	39
11	40
11	41
11	42
11	43
11	44
11	45
11	46
11	47
11	48
11	49
11	50
11	51
11	53
11	54
11	55
11	56
11	57
11	61
11	62
11	63
11	70
11	71
11	75
11	76
11	77
11	79
11	80
11	81
11	82
11	83
11	84
11	85
11	86
11	89
11	90
11	97
11	98
11	108
11	111
11	121
11	123
11	126
11	127
12	0
12	1
12	2
12	3
12	4
12	5
12	6
12	7
12	8
12	10
12	15
12	16
12	17
12	18
12	20
12	21
12	27
12	29
12	30
12	31
12	32
12	33
12	34
12	35
12	40
12	41
12	42
12	43
12	44
12	45
12	46
12	47
12	49
12	50
12	51
12	52
12	53
12	54
12	55
12	56
12	57
12	58
12	59
12	60
12	61
12	62
12	63
12	68
12	70
12	71
12	72
12	73
12	74
12	75
12	76
12	77
12	78
12	80
12	81
12	82
12	83
12	90
12	98
12	99
12	100
12	101
12	108
12	109
12	110
12	116
12	119
12	122
12	125
13	2
13	3
13	4
13	5
13	6
13	7
13	8
13	10
13	11
13	12
13	17
13	18
13	24
13	27
13	28
13	29
13	30
13	31
13	33
13	34
13	35
13	36
13	38
13	39
13	40
13	41
13	42
13	43
13	44
13	45
13	46
13	47
13	49
13	50
13	51
13	52
13	53
13	54
13	55
13	57
13	58
13	59
13	60
13	61
13	62
13	63
13	65
13	66
13	67
13	68
13	71
13	72
13	73
13	74
13	75
13	76
13	77
13	78
13	79
13	80
13	81
13	82
13	83
13	90
13	98
13	99
13	100
13	101
13	102
13	108
13	109
13	110
13	111
13	124
14	1
14	2
14	3
14	4
14	5
14	6
14	7
14	8
14	21
14	27
14	28
14	32
14	33
14	34
14	35
14	37
14	38
14	39
14	40
14	41
14	42
14	43
14	44
14	45
14	46
14	47
14	48
14	49
14	50
14	51
14	52
14	54
14	55
14	56
14	57
14	58
14	59
14	60
14	61
14	62
14	64
14	65
14	66
14	67
14	68
14	71
14	72
14	73
14	74
14	75
14	76
14	77
14	78
14	79
14	80
14	81
14	98
14	99
14	100
14	101
14	108
14	109
14	110
14	111
14	112
15	1
15	2
15	3
15	4
15	5
15	21
15	22
15	23
15	24
15	29
15	30
15	32
15	33
15	34
15	35
15	38
15	41
15	42
15	43
15	44
15	45
15	46
15	47
15	48
15	49
15	50
15	51
15	52
15	53
15	54
15	55
15	56
15	57
15	58
15	61
15	62
15	63
15	64
15	65
15	66
15	67
15	68
15	69
15	70
15	71
15	72
15	73
15	74
15	75
15	76
15	77
15	78
15	79
15	80
15	81
15	85
15	86
15	89
15	93
15	94
15	95
15	97
15	98
15	99
15	100
15	101
15	102
15	103
15	108
15	109
15	110
15	112
15	113
15	115
15	116
15	117
15	118
16	4
16	5
16	19
16	20
16	21
16	22
16	23
16	24
16	25
16	26
16	32
16	33
16	34
16	35
16	42
16	43
16	44
16	45
16	49
16	50
16	51
16	52
16	53
16	54
16	55
16	56
16	57
16	59
16	60
16	61
16	63
16	64
16	65
16	66
16	67
16	68
16	69
16	70
16	71
16	72
16	73
16	74
16	75
16	76
16	77
16	78
16	79
16	80
16	81
16	82
16	86
16	97
16	98
16	99
16	100
16	101
16	102
16	103
16	109
16	113
16	115
16	116
16	117
16	118
17	8
17	11
17	13
17	14
17	18
17	19
17	22
17	23
17	24
17	25
17	26
17	27
17	30
17	31
17	32
17	33
17	34
17	35
17	36
17	38
17	39
17	40
17	41
17	42
17	43
17	44
17	45
17	50
17	51
17	53
17	54
17	55
17	56
17	57
17	58
17	59
17	60
17	61
17	62
17	63
17	64
17	65
17	66
17	67
17	68
17	69
17	70
17	71
17	72
17	73
17	74
17	75
17	76
17	77
17	78
17	79
17	80
17	82
17	85
17	97
17	98
17	99
17	100
17	101
17	102
17	103
17	104
17	113
17	114
17	115
17	116
17	117
17	118
18	7
18	8
18	11
18	12
18	15
18	16
18	18
18	19
18	20
18	21
18	22
18	23
18	24
18	25
18	26
18	27
18	28
18	30
18	31
18	32
18	33
18	34
18	35
18	36
18	37
18	39
18	40
18	41
18	44
18	51
18	58
18	59
18	60
18	61
18	62
18	63
18	64
18	65
18	66
18	67
18	68
18	69
18	70
18	71
18	72
18	73
18	74
18	75
18	76
18	77
18	78
18	79
18	80
18	81
18	82
18	83
18	84
18	85
18	89
18	90
18	94
18	99
18	100
18	101
18	113
18	114
18	115
18	116
18	117
18	118
19	7
19	8
19	12
19	13
19	14
19	15
19	16
19	18
19	19
19	20
19	21
19	22
19	23
19	24
19	25
19	26
19	27
19	28
19	29
19	30
19	31
19	32
19	33
19	34
19	35
19	36
19	37
19	38
19	39
19	40
19	41
19	42
19	44
19	45
19	51
19	56
19	58
19	59
19	60
19	61
19	63
19	64
19	65
19	66
19	67
19	68
19	70
19	71
19	72
19	73
19	74
19	75
19	76
19	78
19	79
19	80
19	81
19	82
19	83
19	84
19	85
19	87
19	90
19	91
19	93
19	98
19	99
19	100
19	101
19	112
19	113
19	114
19	115
19	116
19	117
20	11
20	12
20	13
20	14
20	15
20	16
20	17
20	18
20	19
20	20
20	22
20	23
20	24
20	25
20	26
20	27
20	28
20	29
20	30
20	31
20	32
20	33
20	34
20	35
20	36
20	37
20	38
20	39
20	40
20	41
20	42
20	44
20	58
20	59
20	60
20	61
20	62
20	63
20	64
20	65
20	66
20	67
20	68
20	69
20	70
20	71
20	72
20	74
20	75
20	76
20	78
20	79
20	80
20	82
20	83
20	84
20	85
20	86
20	87
20	88
20	89
20	90
20	91
20	97
20	98
20	99
20	100
20	101
20	111
20	112
20	113
20	115
20	116
20	117
20	127
21	7
21	10
21	15
21	17
21	18
21	19
21	20
21	22
21	25
21	26
21	27
21	28
21	29
21	30
21	31
21	32
21	33
21	34
21	35
21	36
21	37
21	38
21	39
21	40
21	41
21	42
21	59
21	60
21	61
21	62
21	63
21	68
21	69
21	70
21	71
21	72
21	73
21	74
21	75
21	76
21	77
21	78
21	79
21	80
21	82
21	83
21	84
21	86
21	87
21	88
21	89
21	90
21	91
21	97
21	98
21	99
21	105
21	116
21	117
21	119
21	120
21	127
22	0
22	3
22	8
22	9
22	16
22	17
22	18
22	19
22	21
22	22
22	27
22	28
22	29
22	30
22	33
22	34
22	35
22	36
22	37
22	38
22	39
22	40
22	41
22	59
22	60
22	61
22	62
22	63
22	64
22	69
22	70
22	71
22	72
22	73
22	74
22	75
22	76
22	77
22	79
22	80
22	81
22	82
22	83
22	86
22	87
22	89
22	90
22	91
22	92
22	97
22	98
22	99
22	115
22	116
22	118
22	119
22	120
22	121
22	122
22	123
22	126
22	127
23	0
23	1
23	7
23	8
23	12
23	17
23	18
23	19
23	20
23	22
23	30
23	33
23	34
23	35
23	36
23	37
23	38
23	39
23	41
23	42
23	57
23	59
23	61
23	62
23	63
23	64
23	70
23	71
23	72
23	73
23	74
23	75
23	76
23	77
23	78
23	79
23	80
23	81
23	82
23	83
23	87
23	89
23	90
23	91
23	92
23	93
23	97
23	98
23	99
23	116
23	119
23	120
23	121
23	122
23	123
23	126
23	127
24	0
24	1
24	8
24	12
24	15
24	17
24	18
24	19
24	20
24	30
24	31
24	32
24	33
24	34
24	35
24	36
24	37
24	38
24	39
24	40
24	41
24	42
24	46
24	47
24	48
24	49
24	50
24	54
24	61
24	62
24	63
24	64
24	65
24	70
24	71
24	72
24	73
24	74
24	75
24	76
24	77
24	78
24	79
24	80
24	81
24	82
24	83
24	84
24	85
24	90
24	92
24	93
24	94
24	95
24	97
24	98
24	99
24	119
24	120
24	121
24	122
24	123
24	124
24	125
24	127
25	0
25	1
25	5
25	8
25	18
25	19
25	20
25	29
25	30
25	31
25	32
25	33
25	36
25	37
25	38
25	39
25	40
25	41
25	42
25	47
25	48
25	49
25	50
25	55
25	62
25	63
25	64
25	65
25	67
25	69
25	70
25	71
25	72
25	73
25	74
25	75
25	76
25	77
25	79
25	80
25	81
25	82
25	85
25	88
25	89
25	90
25	91
25	92
25	93
25	94
25	95
25	96
25	97
25	98
25	99
25	103
25	114
25	118
25	119
25	120
25	121
25	122
25	123
25	127
26	0
26	1
26	7
26	18
26	19
26	20
26	31
26	36
26	37
26	38
26	39
26	40
26	41
26	47
26	48
26	49
26	50
26	55
26	56
26	59
26	62
26	63
26	65
26	66
26	67
26	68
26	69
26	70
26	71
26	72
26	73
26	74
26	75
26	76
26	77
26	78
26	79
26	80
26	81
26	82
26	85
26	88
26	89
26	90
26	91
26	92
26	93
26	94
26	96
26	97
26	103
26	104
26	105
26	106
26	107
26	111
26	112
26	118
26	119
26	120
26	121
26	122
26	123
26	124
26	127
27	0
27	5
27	20
27	21
27	22
27	30
27	31
27	37
27	38
27	39
27	40
27	41
27	47
27	48
27	50
27	68
27	69
27	70
27	71
27	72
27	73
27	74
27	75
27	76
27	77
27	78
27	79
27	80
27	81
27	82
27	83
27	84
27	85
27	86
27	87
27	88
27	89
27	90
27	91
27	92
27	93
27	94
27	95
27	98
27	103
27	104
27	106
27	107
27	108
27	110
27	111
27	112
27	118
27	119
27	120
27	121
27	122
28	4
28	5
28	8
28	20
28	21
28	22
28	30
28	31
28	37
28	38
28	39
28	40
28	41
28	44
28	45
28	50
28	51
28	68
28	69
28	70
28	71
28	72
28	73
28	74
28	75
28	76
28	77
28	78
28	79
28	80
28	81
28	82
28	83
28	84
28	85
28	86
28	87
28	88
28	89
28	90
28	91
28	92
28	93
28	94
28	95
28	96
28	97
28	98
28	104
28	106
28	107
28	108
28	109
28	110
28	111
28	112
28	118
28	119
28	120
28	121
28	124
29	8
29	9
29	10
29	14
29	16
29	17
29	18
29	23
29	30
29	37
29	38
29	39
29	40
29	41
29	42
29	43
29	44
29	45
29	46
29	50
29	51
29	52
29	53
29	56
29	57
29	65
29	66
29	67
29	68
29	69
29	70
29	71
29	72
29	73
29	74
29	75
29	76
29	77
29	78
29	79
29	80
29	83
29	84
29	85
29	86
29	88
29	89
29	90
29	91
29	92
29	93
29	94
29	95
29	96
29	97
29	107
29	108
29	109
29	110
29	111
29	112
29	113
29	118
29	119
29	120
29	123
29	124
30	3
30	4
30	5
30	6
30	7
30	9
30	10
30	11
30	12
30	17
30	26
30	27
30	28
30	29
30	30
30	39
30	40
30	41
30	42
30	44
30	45
30	46
30	49
30	50
30	51
30	52
30	53
30	56
30	62
30	65
30	67
30	68
30	69
30	70
30	71
30	72
30	73
30	74
30	75
30	76
30	77
30	78
30	79
30	81
30	82
30	83
30	85
30	86
30	87
30	90
30	91
30	92
30	93
30	94
30	95
30	96
30	97
30	100
30	107
30	110
30	111
30	112
30	113
30	118
30	119
30	120
30	123
30	127
31	0
31	2
31	3
31	4
31	5
31	6
31	7
31	8
31	9
31	10
31	11
31	12
31	26
31	29
31	30
31	38
31	39
31	40
31	41
31	50
31	51
31	52
31	53
31	54
31	56
31	57
31	58
31	68
31	69
31	70
31	71
31	72
31	73
31	74
31	75
31	76
31	77
31	78
31	79
31	81
31	83
31	86
31	87
31	90
31	91
31	92
31	93
31	94
31	95
31	96
31	97
31	98
31	109
31	110
31	111
31	112
31	124
31	125
31	126
31	127
32	0
32	2
32	3
32	4
32	8
32	9
32	10
32	11
32	12
32	26
32	30
32	31
32	38
32	39
32	40
32	42
32	50
32	51
32	52
32	53
32	54
32	55
32	56
32	57
32	69
32	70
32	71
32	72
32	73
32	75
32	76
32	77
32	78
32	79
32	84
32	85
32	86
32	87
32	88
32	90
32	91
32	92
32	93
32	94
32	95
32	96
32	97
32	98
32	100
32	101
32	109
32	110
32	111
32	112
32	124
32	125
32	126
32	127
33	0
33	1
33	2
33	3
33	11
33	19
33	26
33	30
33	31
33	32
33	37
33	38
33	39
33	47
33	48
33	49
33	50
33	51
33	52
33	53
33	54
33	55
33	56
33	59
33	70
33	71
33	72
33	73
33	75
33	76
33	77
33	78
33	79
33	84
33	86
33	87
33	88
33	89
33	90
33	91
33	92
33	93
33	94
33	95
33	96
33	97
33	98
33	109
33	110
33	117
33	118
33	119
33	125
33	126
33	127
34	0
34	11
34	19
34	23
34	26
34	30
34	39
34	41
34	42
34	49
34	50
34	51
34	52
34	53
34	54
34	55
34	56
34	59
34	60
34	70
34	71
34	72
34	73
34	74
34	75
34	76
34	77
34	78
34	84
34	87
34	88
34	89
34	90
34	91
34	92
34	93
34	94
34	95
34	96
34	97
34	98
34	101
34	102
34	109
34	123
34	126
34	127
35	0
35	2
35	4
35	19
35	20
35	29
35	30
35	31
35	41
35	42
35	49
35	50
35	51
35	52
35	53
35	54
35	55
35	56
35	57
35	60
35	69
35	70
35	71
35	72
35	73
35	74
35	75
35	77
35	78
35	79
35	80
35	88
35	89
35	90
35	91
35	92
35	93
35	94
35	122
35	123
35	124
35	126
35	127
36	7
36	19
36	29
36	30
36	31
36	45
36	46
36	47
36	48
36	49
36	50
36	51
36	52
36	53
36	54
36	55
36	56
36	57
36	58
36	59
36	60
36	61
36	63
36	64
36	65
36	66
36	67
36	68
36	69
36	70
36	71
36	72
36	73
36	74
36	75
36	80
36	87
36	88
36	89
36	91
36	92
36	93
36	94
36	122
36	123
36	124
36	125
36	127
37	7
37	8
37	9
37	11
37	14
37	27
37	29
37	30
37	31
37	32
37	33
37	38
37	39
37	46
37	47
37	48
37	49
37	50
37	51
37	52
37	53
37	54
37	55
37	56
37	57
37	58
37	62
37	65
37	66
37	67
37	68
37	69
37	70
37	71
37	72
37	73
37	78
37	79
37	86
37	87
37	88
37	89
37	90
37	91
37	92
37	93
37	94
37	95
37	104
37	110
37	111
37	112
37	113
37	120
37	122
38	1
38	6
38	7
38	8
38	9
38	10
38	11
38	28
38	29
38	31
38	32
38	33
38	37
38	38
38	39
38	45
38	46
38	47
38	48
38	49
38	50
38	51
38	52
38	53
38	54
38	55
38	56
38	57
38	60
38	61
38	62
38	63
38	64
38	65
38	66
38	67
38	70
38	71
38	72
38	73
38	76
38	77
38	86
38	87
38	88
38	93
38	95
38	96
38	97
38	109
38	110
38	111
38	112
38	113
38	117
38	118
39	6
39	9
39	10
39	18
39	28
39	29
39	30
39	31
39	32
39	33
39	36
39	37
39	38
39	39
39	40
39	41
39	49
39	51
39	52
39	56
39	61
39	62
39	63
39	70
39	81
39	88
39	93
39	96
39	97
39	108
39	109
39	110
39	111
39	112
39	113
39	114
39	115
39	117
39	118
40	0
40	1
40	2
40	5
40	6
40	7
40	22
40	28
40	29
40	30
40	31
40	32
40	33
40	37
40	38
40	39
40	40
40	41
40	51
40	61
40	62
40	63
40	64
40	79
40	93
40	96
40	97
40	98
40	99
40	100
40	109
40	110
40	111
40	112
40	113
40	114
40	115
40	116
40	117
40	126
40	127
41	0
41	1
41	2
41	5
41	6
41	7
41	22
41	26
41	32
41	33
41	37
41	38
41	39
41	52
41	56
41	60
41	61
41	62
41	96
41	97
41	98
41	99
41	100
41	110
41	111
41	112
41	113
41	114
41	115
41	116
41	117
41	120
41	121
41	126
41	127
42	0
42	1
42	2
42	5
42	6
42	7
42	17
42	18
42	37
42	38
42	61
42	79
42	80
42	85
42	86
42	87
42	88
42	89
42	90
42	101
42	104
42	111
42	112
42	113
42	116
42	117
42	118
42	122
42	126
42	127
43	0
43	1
43	2
43	3
43	4
43	5
43	18
43	24
43	29
43	33
43	34
43	35
43	36
43	55
43	79
43	80
43	85
43	87
43	88
43	99
43	100
43	101
43	103
43	111
43	112
43	113
43	114
43	115
43	116
43	125
43	126
43	127
44	0
44	1
44	2
44	3
44	4
44	5
44	6
44	7
44	10
44	12
44	29
44	35
44	36
44	37
44	41
44	47
44	48
44	55
44	70
44	78
44	79
44	80
44	85
44	86
44	87
44	88
44	89
44	90
44	98
44	99
44	100
44	101
44	102
44	103
44	109
44	110
44	111
44	112
44	114
44	115
44	116
44	121
44	122
44	125
44	126
44	127
45	0
45	1
45	2
45	3
45	4
45	5
45	6
45	28
45	59
45	60
45	70
45	71
45	73
45	78
45	79
45	80
45	84
45	85
45	87
45	88
45	97
45	99
45	100
45	104
45	105
45	108
45	109
45	110
45	111
45	112
45	114
45	115
45	116
45	119
45	121
45	125
45	126
45	127
46	0
46	1
46	2
46	3
46	4
46	12
46	13
46	36
46	55
46	64
46	70
46	71
46	78
46	80
46	84
46	85
46	86
46	87
46	95
46	96
46	97
46	105
46	106
46	107
46	108
46	109
46	110
46	111
46	112
46	116
46	119
46	121
46	122
46	124
46	125
46	127
47	1
47	2
47	3
47	4
47	5
47	6
47	9
47	10
47	13
47	29
47	70
47	71
47	72
47	77
47	78
47	79
47	80
47	84
47	85
47	87
47	88
47	94
47	95
47	96
47	97
47	98
47	99
47	100
47	102
47	103
47	104
47	105
47	106
47	107
47	108
47	109
47	110
47	111
47	112
47	115
47	116
47	117
47	119
48	2
48	5
48	13
48	23
48	24
48	25
48	71
48	72
48	73
48	76
48	77
48	78
48	79
48	80
48	81
48	82
48	84
48	85
48	86
48	87
48	88
48	94
48	95
48	96
48	97
48	98
48	99
48	100
48	101
48	102
48	103
48	104
48	105
48	106
48	107
48	109
48	110
48	111
48	112
48	113
48	115
48	116
48	117
49	11
49	12
49	13
49	21
49	22
49	23
49	26
49	27
49	34
49	37
49	48
49	49
49	50
49	68
49	69
49	70
49	71
49	72
49	73
49	74
49	75
49	76
49	77
49	78
49	79
49	80
49	81
49	82
49	83
49	84
49	85
49	86
49	87
49	88
49	93
49	94
49	95
49	96
49	97
49	102
49	103
49	104
49	105
49	106
49	107
49	108
49	109
49	110
49	111
49	112
49	114
49	115
49	116
49	117
49	122
50	0
50	7
50	8
50	12
50	15
50	16
50	20
50	21
50	22
50	23
50	26
50	27
50	30
50	38
50	39
50	40
50	41
50	42
50	49
50	50
50	66
50	67
50	68
50	69
50	70
50	71
50	72
50	73
50	74
50	75
50	76
50	77
50	78
50	79
50	81
50	82
50	83
50	84
50	85
50	86
50	93
50	94
50	95
50	101
50	102
50	103
50	104
50	105
50	106
50	107
50	108
50	109
50	110
50	111
50	112
50	114
50	115
50	117
50	118
51	7
51	9
51	12
51	13
51	14
51	16
51	23
51	27
51	28
51	29
51	30
51	31
51	39
51	40
51	41
51	42
51	49
51	50
51	65
51	66
51	67
51	68
51	69
51	70
51	72
51	73
51	74
51	75
51	76
51	77
51	78
51	79
51	80
51	86
51	90
51	91
51	92
51	93
51	94
51	96
51	101
51	102
51	103
51	104
51	105
51	106
51	107
51	108
51	109
51	110
51	111
51	112
51	113
51	114
51	115
51	116
51	117
52	12
52	13
52	19
52	27
52	28
52	29
52	30
52	31
52	32
52	33
52	40
52	41
52	42
52	60
52	61
52	62
52	63
52	64
52	65
52	66
52	67
52	69
52	70
52	71
52	72
52	73
52	74
52	75
52	76
52	77
52	78
52	79
52	80
52	90
52	91
52	92
52	93
52	94
52	95
52	96
52	97
52	98
52	99
52	100
52	101
52	102
52	103
52	104
52	105
52	106
52	107
52	108
52	109
52	110
52	111
52	112
52	113
52	114
52	115
52	116
52	117
52	118
53	0
53	6
53	11
53	13
53	19
53	25
53	27
53	28
53	29
53	30
53	31
53	32
53	33
53	37
53	39
53	40
53	42
53	45
53	46
53	47
53	56
53	60
53	61
53	63
53	68
53	69
53	70
53	71
53	72
53	73
53	74
53	75
53	76
53	77
53	78
53	79
53	82
53	84
53	90
53	91
53	92
53	93
53	94
53	95
53	98
53	99
53	100
53	101
53	102
53	103
53	104
53	105
53	106
53	107
53	108
53	109
53	110
53	111
53	112
53	113
53	114
53	115
53	118
53	119
53	120
54	10
54	11
54	17
54	18
54	19
54	22
54	25
54	26
54	27
54	29
54	30
54	31
54	32
54	33
54	37
54	44
54	45
54	46
54	47
54	56
54	60
54	61
54	63
54	68
54	69
54	70
54	71
54	72
54	74
54	75
54	76
54	90
54	91
54	92
54	93
54	94
54	95
54	97
54	98
54	99
54	100
54	101
54	102
54	103
54	104
54	105
54	106
54	107
54	108
54	109
54	110
54	111
54	112
54	113
54	116
54	118
54	119
54	120
54	121
55	1
55	11
55	12
55	13
55	14
55	25
55	26
55	27
55	28
55	29
55	30
55	31
55	32
55	46
55	55
55	57
55	68
55	69
55	70
55	71
55	72
55	73
55	74
55	75
55	76
55	90
55	91
55	92
55	93
55	94
55	95
55	96
55	97
55	98
55	99
55	100
55	102
55	103
55	104
55	105
55	106
55	108
55	109
55	110
55	111
55	112
55	113
55	114
55	115
55	116
55	118
55	119
55	120
55	121
55	123
56	8
56	11
56	12
56	13
56	14
56	25
56	26
56	27
56	28
56	29
56	30
56	31
56	32
56	35
56	47
56	51
56	54
56	55
56	56
56	58
56	61
56	67
56	70
56	71
56	72
56	73
56	74
56	75
56	76
56	80
56	81
56	89
56	90
56	91
56	92
56	94
56	95
56	97
56	98
56	103
56	104
56	105
56	106
56	107
56	108
56	109
56	110
56	112
56	113
56	114
56	115
56	116
56	118
56	119
57	7
57	8
57	10
57	11
57	12
57	13
57	14
57	25
57	26
57	27
57	28
57	29
57	30
57	31
57	32
57	33
57	34
57	35
57	36
57	37
57	47
57	48
57	49
57	54
57	55
57	56
57	69
57	70
57	71
57	72
57	73
57	74
57	81
57	82
57	89
57	90
57	92
57	95
57	96
57	97
57	98
57	99
57	105
57	106
57	107
57	108
57	109
57	112
57	113
57	114
57	115
58	2
58	11
58	12
58	15
58	20
58	21
58	25
58	26
58	29
58	30
58	31
58	32
58	56
58	58
58	69
58	70
58	71
58	72
58	73
58	74
58	75
58	76
58	81
58	82
58	83
58	89
58	90
58	94
58	95
58	96
58	97
58	98
58	99
58	100
58	104
58	105
58	106
58	107
58	108
58	109
58	110
58	112
58	113
58	114
58	116
59	16
59	20
59	21
59	29
59	30
59	31
59	32
59	40
59	51
59	64
59	68
59	69
59	70
59	71
59	72
59	73
59	74
59	75
59	76
59	80
59	82
59	83
59	86
59	94
59	95
59	97
59	98
59	99
59	100
59	101
59	104
59	105
59	106
59	107
59	108
59	109
59	112
59	113
59	114
60	16
60	17
60	18
60	19
60	26
60	27
60	28
60	29
60	30
60	31
60	32
60	64
60	67
60	68
60	69
60	70
60	71
60	72
60	74
60	75
60	76
60	78
60	81
60	82
60	83
60	84
60	93
60	94
60	95
60	96
60	99
60	100
60	101
60	102
60	103
60	104
60	105
60	106
60	107
60	108
60	111
60	112
60	114
60	115
60	121
60	124
60	125
60	126
61	14
61	15
61	16
61	17
61	18
61	19
61	26
61	27
61	28
61	29
61	30
61	31
61	32
61	41
61	44
61	45
61	56
61	64
61	65
61	67
61	68
61	69
61	70
61	71
61	72
61	74
61	75
61	76
61	77
61	81
61	82
61	83
61	84
61	93
61	95
61	96
61	97
61	99
61	100
61	101
61	102
61	103
61	104
61	105
61	106
61	107
61	108
61	111
61	112
61	113
61	114
61	115
61	116
61	121
61	124
61	125
61	126
61	127
62	10
62	14
62	15
62	16
62	17
62	18
62	19
62	26
62	27
62	28
62	29
62	30
62	31
62	37
62	38
62	44
62	45
62	56
62	57
62	59
62	60
62	64
62	65
62	66
62	67
62	68
62	69
62	70
62	71
62	75
62	76
62	77
62	81
62	82
62	83
62	95
62	96
62	97
62	98
62	99
62	100
62	101
62	102
62	103
62	104
62	105
62	106
62	107
62	108
62	114
62	115
62	116
62	121
62	122
62	124
62	125
63	7
63	8
63	9
63	10
63	14
63	15
63	16
63	17
63	18
63	20
63	22
63	23
63	24
63	25
63	26
63	27
63	28
63	29
63	30
63	31
63	32
63	33
63	55
63	56
63	57
63	58
63	59
63	60
63	65
63	66
63	67
63	68
63	69
63	70
63	75
63	76
63	77
63	85
63	86
63	92
63	94
63	95
63	96
63	97
63	98
63	99
63	100
63	101
63	102
63	103
63	104
63	105
63	106
63	107
63	109
63	113
63	114
63	115
63	116
63	124
63	126
64	3
64	8
64	9
64	10
64	11
64	14
64	16
64	17
64	18
64	19
64	20
64	21
64	22
64	23
64	24
64	25
64	26
64	27
64	28
64	29
64	30
64	31
64	32
64	34
64	35
64	36
64	41
64	42
64	44
64	54
64	55
64	56
64	57
64	58
64	59
64	60
64	66
64	67
64	68
64	69
64	70
64	73
64	74
64	75
64	76
64	77
64	84
64	85
64	92
64	93
64	94
64	95
64	96
64	97
64	98
64	99
64	100
64	101
64	102
64	103
64	104
64	110
64	114
64	120
64	121
64	126
64	127
65	3
65	7
65	9
65	10
65	11
65	12
65	13
65	14
65	16
65	17
65	18
65	19
65	20
65	21
65	22
65	23
65	24
65	25
65	26
65	27
65	28
65	29
65	30
65	31
65	32
65	33
65	34
65	35
65	36
65	37
65	38
65	40
65	41
65	42
65	54
65	58
65	59
65	61
65	62
65	66
65	67
65	68
65	70
65	74
65	75
65	76
65	77
65	78
65	84
65	85
65	86
65	92
65	93
65	94
65	95
65	96
65	97
65	98
65	99
65	100
65	101
65	102
65	103
65	104
65	108
66	2
66	3
66	6
66	7
66	8
66	9
66	10
66	11
66	12
66	13
66	15
66	16
66	17
66	18
66	19
66	20
66	22
66	24
66	25
66	26
66	27
66	29
66	30
66	31
66	32
66	33
66	34
66	35
66	37
66	41
66	45
66	48
66	49
66	57
66	66
66	67
66	68
66	72
66	73
66	74
66	75
66	76
66	77
66	78
66	82
66	83
66	84
66	85
66	88
66	92
66	93
66	94
66	95
66	96
66	97
66	98
66	99
66	100
66	101
66	102
66	103
66	104
66	119
66	120
67	1
67	2
67	3
67	4
67	5
67	6
67	7
67	8
67	9
67	10
67	11
67	12
67	13
67	15
67	16
67	17
67	18
67	19
67	20
67	24
67	25
67	26
67	27
67	30
67	31
67	32
67	33
67	34
67	35
67	37
67	41
67	46
67	63
67	66
67	67
67	68
67	73
67	77
67	78
67	82
67	83
67	84
67	85
67	88
67	92
67	93
67	96
67	97
67	98
67	99
67	100
67	101
67	102
67	103
67	104
67	105
67	117
67	119
67	120
68	0
68	4
68	5
68	6
68	7
68	8
68	9
68	10
68	13
68	14
68	15
68	16
68	17
68	19
68	20
68	24
68	25
68	26
68	27
68	33
68	34
68	35
68	36
68	39
68	44
68	45
68	46
68	47
68	48
68	60
68	61
68	62
68	63
68	64
68	65
68	66
68	67
68	68
68	77
68	78
68	79
68	80
68	81
68	82
68	90
68	95
68	96
68	97
68	98
68	99
68	100
68	102
68	103
68	104
68	105
68	107
68	119
68	120
69	4
69	5
69	6
69	7
69	8
69	9
69	10
69	13
69	14
69	15
69	16
69	23
69	24
69	25
69	26
69	27
69	29
69	30
69	33
69	34
69	35
69	36
69	37
69	40
69	41
69	43
69	44
69	45
69	46
69	60
69	61
69	62
69	65
69	66
69	67
69	68
69	74
69	75
69	78
69	79
69	80
69	81
69	82
69	89
69	91
69	92
69	93
69	96
69	97
69	98
69	99
69	101
69	102
69	103
69	104
69	105
69	114
69	115
69	116
69	117
69	118
69	119
69	124
70	4
70	5
70	6
70	11
70	13
70	14
70	15
70	16
70	17
70	19
70	20
70	21
70	22
70	23
70	24
70	25
70	26
70	27
70	28
70	29
70	30
70	31
70	34
70	35
70	36
70	37
70	41
70	43
70	44
70	45
70	46
70	54
70	55
70	58
70	59
70	60
70	61
70	62
70	65
70	66
70	67
70	68
70	69
70	78
70	79
70	85
70	91
70	93
70	96
70	98
70	99
70	100
70	101
70	104
70	105
70	106
70	107
70	111
70	114
70	115
70	116
70	117
70	118
70	119
70	120
70	121
70	122
70	123
70	124
71	2
71	4
71	5
71	6
71	7
71	8
71	9
71	13
71	14
71	15
71	16
71	17
71	18
71	19
71	20
71	21
71	22
71	23
71	24
71	27
71	28
71	29
71	30
71	32
71	33
71	34
71	35
71	36
71	37
71	41
71	43
71	44
71	45
71	46
71	55
71	59
71	60
71	61
71	62
71	67
71	68
71	69
71	78
71	84
71	85
71	86
71	88
71	89
71	100
71	101
71	104
71	105
71	106
71	114
71	115
71	116
71	117
71	118
71	119
71	120
71	122
72	1
72	2
72	3
72	4
72	5
72	6
72	7
72	8
72	9
72	10
72	12
72	13
72	14
72	16
72	17
72	19
72	20
72	21
72	22
72	24
72	25
72	28
72	29
72	30
72	31
72	32
72	33
72	35
72	36
72	39
72	42
72	43
72	44
72	45
72	46
72	47
72	54
72	55
72	56
72	57
72	59
72	60
72	67
72	71
72	72
72	83
72	84
72	85
72	87
72	88
72	89
72	92
72	100
72	101
72	104
72	105
72	106
72	107
72	113
72	114
72	117
72	118
72	119
73	1
73	2
73	3
73	4
73	6
73	7
73	8
73	9
73	10
73	11
73	12
73	13
73	14
73	15
73	16
73	17
73	18
73	19
73	20
73	21
73	22
73	23
73	24
73	25
73	28
73	29
73	30
73	31
73	37
73	38
73	39
73	40
73	41
73	42
73	43
73	46
73	47
73	48
73	49
73	53
73	54
73	55
73	56
73	57
73	58
73	59
73	60
73	63
73	70
73	71
73	72
73	84
73	85
73	87
73	88
73	94
73	95
73	101
73	105
73	117
73	118
74	1
74	2
74	3
74	4
74	7
74	8
74	10
74	11
74	12
74	13
74	14
74	15
74	17
74	18
74	20
74	21
74	22
74	23
74	24
74	25
74	27
74	28
74	29
74	30
74	31
74	37
74	38
74	39
74	40
74	41
74	42
74	43
74	44
74	45
74	46
74	47
74	48
74	49
74	50
74	51
74	52
74	53
74	54
74	55
74	56
74	57
74	58
74	59
74	63
74	72
74	81
74	82
74	86
74	101
74	105
74	107
74	111
74	112
74	113
74	114
74	115
74	116
74	117
74	118
74	121
74	122
74	124
75	0
75	1
75	3
75	7
75	8
75	9
75	10
75	14
75	15
75	16
75	17
75	18
75	19
75	21
75	23
75	24
75	25
75	27
75	28
75	30
75	31
75	36
75	37
75	38
75	39
75	40
75	41
75	42
75	43
75	44
75	45
75	46
75	47
75	48
75	49
75	50
75	51
75	53
75	54
75	55
75	56
75	57
75	58
75	59
75	62
75	63
75	69
75	72
75	73
75	81
75	82
75	85
75	86
75	93
75	103
75	104
75	105
75	106
75	107
75	108
75	109
75	110
75	111
75	112
75	113
75	114
75	115
75	116
75	117
75	118
75	119
75	122
75	124
76	0
76	3
76	4
76	5
76	6
76	7
76	8
76	9
76	10
76	11
76	14
76	15
76	16
76	17
76	18
76	19
76	21
76	22
76	24
76	27
76	28
76	29
76	30
76	31
76	32
76	36
76	37
76	38
76	39
76	40
76	41
76	42
76	43
76	44
76	45
76	46
76	47
76	48
76	49
76	50
76	52
76	53
76	54
76	55
76	56
76	57
76	58
76	61
76	62
76	63
76	69
76	70
76	71
76	79
76	82
76	83
76	84
76	85
76	86
76	87
76	88
76	101
76	102
76	103
76	104
76	105
76	106
76	107
76	108
76	110
76	111
76	112
76	113
76	114
76	115
76	116
76	117
76	122
77	0
77	4
77	5
77	6
77	7
77	8
77	9
77	10
77	11
77	12
77	13
77	14
77	15
77	16
77	17
77	18
77	19
77	20
77	21
77	23
77	24
77	25
77	26
77	27
77	28
77	29
77	30
77	34
77	35
77	36
77	37
77	38
77	39
77	40
77	41
77	43
77	44
77	45
77	46
77	47
77	49
77	50
77	51
77	52
77	53
77	54
77	55
77	57
77	58
77	61
77	70
77	71
77	72
77	81
77	82
77	83
77	84
77	85
77	86
77	87
77	100
77	101
77	102
77	103
77	104
77	105
77	106
77	107
77	108
77	110
77	112
77	113
77	114
77	115
77	117
77	118
77	127
78	4
78	5
78	6
78	7
78	8
78	9
78	10
78	11
78	12
78	13
78	14
78	15
78	16
78	17
78	18
78	19
78	21
78	22
78	23
78	24
78	25
78	27
78	28
78	30
78	33
78	34
78	35
78	37
78	38
78	39
78	40
78	41
78	42
78	43
78	44
78	46
78	47
78	48
78	49
78	54
78	55
78	58
78	59
78	68
78	69
78	71
78	72
78	79
78	80
78	81
78	82
78	83
78	85
78	86
78	99
78	100
78	101
78	103
78	104
78	105
78	106
78	107
78	108
78	109
78	110
78	111
78	112
78	113
78	114
78	115
78	116
78	117
79	2
79	3
79	4
79	5
79	6
79	7
79	8
79	9
79	10
79	11
79	12
79	13
79	14
79	15
79	16
79	17
79	19
79	20
79	21
79	22
79	23
79	31
79	36
79	37
79	38
79	39
79	40
79	41
79	42
79	43
79	44
79	48
79	49
79	50
79	51
79	52
79	60
79	66
79	67
79	68
79	69
79	79
79	80
79	81
79	82
79	83
79	85
79	86
79	98
79	99
79	100
79	101
79	102
79	103
79	104
79	105
79	106
79	107
79	108
79	109
79	110
79	111
79	112
79	113
79	114
79	115
79	117
80	1
80	2
80	3
80	4
80	6
80	7
80	8
80	9
80	10
80	12
80	13
80	15
80	16
80	18
80	19
80	20
80	21
80	22
80	24
80	25
80	26
80	28
80	36
80	37
80	38
80	39
80	40
80	41
80	42
80	43
80	44
80	45
80	46
80	47
80	48
80	51
80	61
80	67
80	68
80	79
80	81
80	82
80	83
80	84
80	85
80	86
80	90
80	94
80	95
80	96
80	97
80	98
80	99
80	100
80	103
80	104
80	105
80	106
80	107
80	108
80	109
80	110
80	111
80	112
80	113
80	114
80	121
80	122
80	123
80	124
81	3
81	4
81	6
81	8
81	9
81	10
81	11
81	12
81	13
81	14
81	15
81	16
81	17
81	18
81	19
81	20
81	21
81	37
81	38
81	39
81	40
81	41
81	42
81	43
81	44
81	45
81	46
81	47
81	48
81	51
81	52
81	53
81	54
81	57
81	62
81	63
81	65
81	79
81	80
81	81
81	82
81	83
81	84
81	85
81	88
81	90
81	91
81	93
81	94
81	95
81	96
81	97
81	98
81	99
81	100
81	101
81	102
81	103
81	104
81	107
81	108
81	110
81	111
81	121
81	122
82	2
82	4
82	5
82	6
82	7
82	8
82	9
82	11
82	12
82	13
82	14
82	15
82	16
82	17
82	18
82	19
82	20
82	21
82	22
82	23
82	24
82	28
82	29
82	30
82	36
82	37
82	38
82	39
82	40
82	41
82	42
82	43
82	44
82	45
82	46
82	47
82	49
82	50
82	51
82	52
82	53
82	54
82	57
82	58
82	60
82	72
82	74
82	78
82	79
82	80
82	81
82	82
82	83
82	84
82	85
82	88
82	90
82	93
82	94
82	96
82	97
82	98
82	99
82	100
82	101
82	102
82	103
82	104
82	111
82	112
82	113
82	114
82	115
82	116
82	117
82	121
82	127
83	0
83	1
83	2
83	4
83	5
83	6
83	7
83	8
83	9
83	10
83	11
83	12
83	13
83	14
83	15
83	20
83	21
83	22
83	23
83	24
83	28
83	35
83	36
83	37
83	38
83	43
83	44
83	45
83	46
83	47
83	48
83	49
83	50
83	51
83	52
83	53
83	54
83	55
83	56
83	57
83	58
83	59
83	60
83	61
83	62
83	72
83	78
83	79
83	83
83	84
83	85
83	88
83	89
83	90
83	91
83	96
83	97
83	98
83	99
83	100
83	101
83	102
83	103
83	104
83	105
83	107
83	109
83	110
83	111
83	112
83	113
83	114
83	115
83	123
83	124
83	125
83	126
83	127
84	1
84	2
84	3
84	4
84	5
84	6
84	7
84	8
84	9
84	10
84	11
84	12
84	13
84	14
84	15
84	19
84	21
84	22
84	23
84	24
84	28
84	34
84	35
84	36
84	37
84	38
84	42
84	43
84	44
84	45
84	46
84	47
84	48
84	49
84	50
84	51
84	52
84	53
84	54
84	55
84	57
84	58
84	59
84	60
84	61
84	66
84	76
84	77
84	82
84	83
84	96
84	97
84	98
84	99
84	100
84	101
84	102
84	103
84	104
84	105
84	109
84	110
84	111
84	112
84	113
84	114
84	115
84	123
84	124
84	125
84	126
84	127
85	0
85	3
85	5
85	6
85	7
85	8
85	9
85	10
85	11
85	12
85	13
85	14
85	15
85	19
85	20
85	21
85	22
85	23
85	26
85	27
85	28
85	37
85	38
85	45
85	46
85	47
85	48
85	49
85	50
85	51
85	52
85	53
85	54
85	55
85	56
85	57
85	58
85	59
85	60
85	61
85	66
85	69
85	70
85	76
85	77
85	78
85	79
85	80
85	81
85	82
85	83
85	84
85	85
85	97
85	98
85	99
85	100
85	101
85	102
85	103
85	104
85	105
85	109
85	110
85	111
85	112
85	113
85	114
85	115
85	116
85	117
85	118
85	119
85	120
85	122
85	123
85	124
85	126
85	127
86	3
86	6
86	7
86	8
86	9
86	10
86	11
86	12
86	13
86	14
86	20
86	21
86	22
86	23
86	24
86	25
86	26
86	27
86	30
86	32
86	33
86	37
86	38
86	39
86	45
86	46
86	47
86	48
86	50
86	51
86	52
86	53
86	54
86	55
86	56
86	57
86	58
86	59
86	60
86	61
86	69
86	70
86	71
86	80
86	81
86	82
86	83
86	84
86	85
86	99
86	100
86	102
86	103
86	107
86	108
86	109
86	110
86	111
86	112
86	113
86	114
86	115
86	116
86	117
86	118
86	119
86	120
86	121
86	122
86	123
86	124
86	125
86	126
87	3
87	4
87	5
87	6
87	7
87	8
87	9
87	10
87	11
87	20
87	21
87	22
87	23
87	24
87	25
87	26
87	27
87	32
87	33
87	37
87	38
87	50
87	51
87	52
87	53
87	54
87	55
87	56
87	57
87	58
87	59
87	60
87	61
87	69
87	70
87	71
87	72
87	73
87	79
87	80
87	81
87	82
87	83
87	85
87	94
87	95
87	99
87	101
87	102
87	103
87	104
87	105
87	106
87	107
87	108
87	109
87	110
87	113
87	114
87	115
87	116
87	117
87	118
87	119
87	120
87	121
87	122
87	123
87	124
87	125
87	126
88	2
88	3
88	4
88	5
88	6
88	7
88	8
88	9
88	10
88	11
88	12
88	20
88	21
88	22
88	23
88	24
88	25
88	26
88	27
88	31
88	32
88	38
88	46
88	51
88	52
88	53
88	54
88	55
88	56
88	57
88	58
88	59
88	60
88	61
88	68
88	69
88	71
88	72
88	73
88	79
88	81
88	82
88	83
88	85
88	95
88	102
88	103
88	104
88	105
88	106
88	107
88	108
88	109
88	110
88	111
88	116
88	118
88	119
88	120
88	121
88	122
88	123
88	124
88	125
88	126
88	127
89	3
89	4
89	5
89	7
89	8
89	9
89	10
89	11
89	12
89	13
89	21
89	22
89	23
89	24
89	26
89	27
89	28
89	29
89	39
89	40
89	46
89	51
89	52
89	53
89	54
89	55
89	57
89	58
89	59
89	60
89	61
89	62
89	63
89	68
89	69
89	73
89	75
89	76
89	82
89	83
89	84
89	101
89	102
89	105
89	106
89	107
89	108
89	109
89	110
89	111
89	112
89	118
89	119
89	120
89	121
89	122
89	123
89	124
89	125
89	126
90	3
90	4
90	5
90	7
90	8
90	9
90	10
90	11
90	12
90	13
90	17
90	18
90	21
90	23
90	24
90	38
90	39
90	40
90	50
90	51
90	52
90	53
90	54
90	55
90	56
90	57
90	59
90	63
90	70
90	75
90	76
90	77
90	78
90	79
90	80
90	81
90	82
90	83
90	84
90	85
90	87
90	101
90	102
90	104
90	105
90	106
90	108
90	109
90	110
90	111
90	113
90	114
90	120
90	121
90	122
90	123
90	124
90	125
90	126
91	1
91	3
91	4
91	5
91	6
91	7
91	8
91	9
91	12
91	13
91	14
91	17
91	18
91	23
91	24
91	25
91	32
91	39
91	40
91	43
91	44
91	50
91	51
91	52
91	53
91	54
91	55
91	56
91	57
91	58
91	59
91	63
91	64
91	65
91	66
91	68
91	69
91	70
91	75
91	76
91	77
91	78
91	79
91	80
91	81
91	82
91	83
91	84
91	85
91	86
91	87
91	88
91	95
91	96
91	97
91	98
91	99
91	101
91	102
91	104
91	108
91	109
91	110
91	111
91	113
91	114
91	115
91	120
92	3
92	4
92	5
92	6
92	7
92	8
92	9
92	19
92	20
92	21
92	22
92	23
92	24
92	25
92	30
92	32
92	37
92	38
92	39
92	40
92	44
92	49
92	50
92	51
92	52
92	53
92	54
92	55
92	56
92	57
92	58
92	59
92	63
92	64
92	65
92	66
92	67
92	68
92	69
92	75
92	76
92	77
92	78
92	80
92	81
92	82
92	83
92	84
92	86
92	87
92	88
92	89
92	96
92	98
92	99
92	100
92	101
92	102
92	103
92	104
92	106
92	110
92	113
92	114
92	115
92	120
93	2
93	3
93	5
93	6
93	7
93	8
93	9
93	19
93	20
93	21
93	23
93	24
93	25
93	31
93	32
93	37
93	38
93	39
93	40
93	41
93	42
93	44
93	46
93	47
93	48
93	49
93	50
93	51
93	52
93	53
93	54
93	55
93	56
93	57
93	58
93	59
93	63
93	64
93	66
93	68
93	69
93	71
93	72
93	73
93	75
93	76
93	78
93	80
93	81
93	82
93	83
93	84
93	85
93	86
93	87
93	88
93	89
93	90
93	91
93	92
93	96
93	97
93	98
93	99
93	100
93	101
93	102
93	103
93	106
93	107
93	110
93	111
93	113
93	114
93	119
93	120
93	125
93	126
93	127
94	0
94	1
94	2
94	3
94	4
94	6
94	7
94	8
94	9
94	11
94	12
94	14
94	19
94	20
94	21
94	22
94	23
94	24
94	25
94	26
94	35
94	36
94	37
94	38
94	39
94	40
94	41
94	42
94	43
94	46
94	47
94	49
94	50
94	52
94	53
94	54
94	55
94	56
94	57
94	58
94	59
94	63
94	64
94	65
94	66
94	68
94	69
94	70
94	72
94	73
94	74
94	75
94	76
94	78
94	80
94	81
94	82
94	83
94	84
94	85
94	86
94	87
94	88
94	89
94	90
94	91
94	92
94	96
94	97
94	98
94	99
94	100
94	101
94	103
94	105
94	106
94	107
94	109
94	123
94	127
95	0
95	1
95	2
95	4
95	5
95	6
95	7
95	8
95	9
95	19
95	20
95	21
95	22
95	23
95	24
95	25
95	26
95	36
95	37
95	38
95	39
95	40
95	41
95	42
95	43
95	49
95	53
95	54
95	56
95	57
95	58
95	59
95	60
95	63
95	64
95	65
95	66
95	68
95	69
95	70
95	72
95	73
95	74
95	75
95	76
95	78
95	80
95	81
95	82
95	84
95	85
95	86
95	87
95	88
95	89
95	96
95	98
95	99
95	100
95	101
95	102
95	103
95	104
95	105
95	106
95	107
95	111
95	112
95	123
95	124
96	0
96	1
96	2
96	3
96	4
96	5
96	6
96	7
96	8
96	18
96	19
96	20
96	21
96	22
96	23
96	24
96	25
96	26
96	36
96	37
96	38
96	39
96	40
96	41
96	42
96	43
96	44
96	52
96	53
96	56
96	57
96	58
96	59
96	61
96	62
96	63
96	64
96	65
96	66
96	68
96	69
96	70
96	71
96	72
96	73
96	74
96	75
96	76
96	77
96	78
96	79
96	80
96	81
96	82
96	83
96	84
96	85
96	86
96	87
96	88
96	89
96	90
96	97
96	98
96	99
96	100
96	101
96	102
96	103
96	105
96	106
96	122
96	123
96	124
97	0
97	2
97	3
97	4
97	6
97	7
97	18
97	19
97	20
97	21
97	22
97	23
97	24
97	25
97	26
97	27
97	29
97	37
97	38
97	39
97	40
97	41
97	42
97	43
97	44
97	45
97	46
97	49
97	50
97	51
97	52
97	53
97	54
97	55
97	56
97	57
97	58
97	61
97	62
97	64
97	65
97	66
97	67
97	68
97	69
97	70
97	71
97	72
97	73
97	74
97	75
97	76
97	77
97	78
97	79
97	80
97	81
97	82
97	83
97	84
97	85
97	86
97	87
97	88
97	89
97	90
97	97
97	98
97	99
97	102
97	105
97	106
97	116
97	122
97	123
97	124
97	125
97	126
97	127
98	0
98	1
98	2
98	3
98	5
98	7
98	9
98	15
98	16
98	17
98	18
98	19
98	20
98	21
98	22
98	23
98	24
98	25
98	26
98	27
98	37
98	38
98	40
98	41
98	42
98	43
98	44
98	45
98	49
98	50
98	51
98	52
98	53
98	54
98	55
98	56
98	57
98	58
98	65
98	66
98	67
98	68
98	69
98	70
98	71
98	72
98	73
98	74
98	75
98	76
98	79
98	80
98	83
98	84
98	85
98	86
98	88
98	89
98	106
98	107
98	109
98	116
98	122
98	123
98	124
98	125
98	126
98	127
99	0
99	1
99	2
99	3
99	4
99	5
99	6
99	7
99	8
99	9
99	10
99	16
99	17
99	18
99	19
99	20
99	21
99	22
99	23
99	24
99	26
99	27
99	32
99	37
99	38
99	39
99	40
99	41
99	42
99	43
99	48
99	49
99	50
99	51
99	52
99	53
99	54
99	55
99	56
99	57
99	58
99	64
99	65
99	66
99	67
99	68
99	69
99	70
99	71
99	72
99	73
99	74
99	75
99	83
99	84
99	85
99	86
99	87
99	88
99	90
99	96
99	98
99	99
99	102
99	103
99	104
99	105
99	107
99	108
99	109
99	110
99	111
99	112
99	119
99	121
99	122
99	123
99	124
99	127
100	0
100	1
100	2
100	3
100	4
100	5
100	6
100	7
100	8
100	9
100	10
100	11
100	12
100	13
100	14
100	15
100	16
100	17
100	18
100	19
100	20
100	21
100	22
100	23
100	24
100	27
100	32
100	39
100	40
100	41
100	42
100	43
100	44
100	47
100	48
100	49
100	50
100	51
100	52
100	53
100	55
100	56
100	62
100	63
100	64
100	65
100	66
100	68
100	69
100	70
100	71
100	72
100	73
100	82
100	83
100	84
100	85
100	86
100	87
100	88
100	89
100	91
100	92
100	99
100	103
100	104
100	105
100	107
100	108
100	109
100	110
100	111
100	112
100	115
100	116
100	118
100	119
100	120
100	121
100	122
100	123
101	0
101	1
101	2
101	3
101	4
101	6
101	7
101	8
101	9
101	10
101	11
101	12
101	13
101	14
101	15
101	16
101	17
101	18
101	19
101	20
101	21
101	22
101	23
101	24
101	25
101	26
101	27
101	28
101	36
101	38
101	40
101	41
101	42
101	43
101	44
101	49
101	50
101	51
101	52
101	53
101	54
101	60
101	62
101	65
101	66
101	68
101	69
101	71
101	82
101	83
101	84
101	85
101	86
101	87
101	88
101	89
101	90
101	104
101	107
101	108
101	110
101	114
101	115
101	117
101	118
101	119
101	120
101	121
101	122
101	123
101	124
102	0
102	1
102	2
102	3
102	4
102	5
102	6
102	7
102	8
102	9
102	10
102	11
102	13
102	15
102	16
102	17
102	18
102	19
102	20
102	21
102	22
102	23
102	24
102	25
102	38
102	39
102	40
102	41
102	42
102	43
102	56
102	60
102	64
102	65
102	66
102	67
102	68
102	69
102	70
102	71
102	72
102	82
102	83
102	84
102	85
102	86
102	87
102	88
102	89
102	90
102	104
102	107
102	110
102	120
102	121
102	122
102	123
102	124
102	125
103	2
103	3
103	4
103	5
103	6
103	7
103	8
103	9
103	15
103	16
103	17
103	18
103	19
103	20
103	21
103	22
103	23
103	24
103	25
103	30
103	34
103	35
103	36
103	38
103	39
103	41
103	42
103	43
103	46
103	56
103	66
103	68
103	69
103	70
103	71
103	72
103	83
103	84
103	85
103	86
103	87
103	88
103	89
103	101
103	109
103	117
103	118
103	120
103	122
103	123
103	124
103	125
103	126
104	4
104	5
104	6
104	7
104	8
104	9
104	10
104	12
104	13
104	14
104	15
104	16
104	17
104	18
104	19
104	20
104	21
104	22
104	23
104	24
104	25
104	26
104	27
104	28
104	29
104	30
104	31
104	32
104	33
104	34
104	35
104	36
104	42
104	43
104	44
104	45
104	64
104	65
104	68
104	69
104	70
104	71
104	72
104	82
104	83
104	84
104	85
104	87
104	114
104	120
104	121
104	122
104	123
104	124
104	125
104	126
105	1
105	2
105	3
105	4
105	5
105	6
105	7
105	8
105	13
105	14
105	15
105	16
105	17
105	18
105	19
105	20
105	21
105	22
105	23
105	24
105	25
105	26
105	27
105	28
105	29
105	30
105	31
105	32
105	33
105	34
105	35
105	36
105	38
105	39
105	40
105	43
105	44
105	45
105	46
105	47
105	56
105	65
105	69
105	70
105	71
105	72
105	73
105	74
105	75
105	83
105	84
105	99
105	105
105	108
105	115
105	116
105	120
105	123
106	0
106	1
106	2
106	3
106	4
106	5
106	6
106	7
106	16
106	17
106	18
106	19
106	20
106	21
106	22
106	23
106	24
106	25
106	26
106	27
106	29
106	30
106	31
106	32
106	33
106	34
106	35
106	36
106	44
106	45
106	46
106	47
106	48
106	64
106	65
106	67
106	68
106	69
106	70
106	71
106	72
106	73
106	74
106	75
106	82
106	83
106	84
106	95
106	108
106	115
106	123
106	124
106	126
106	127
107	0
107	1
107	3
107	4
107	5
107	6
107	7
107	16
107	17
107	18
107	20
107	21
107	22
107	23
107	24
107	25
107	26
107	29
107	30
107	31
107	32
107	33
107	34
107	35
107	44
107	46
107	47
107	57
107	58
107	61
107	66
107	67
107	69
107	70
107	71
107	72
107	73
107	74
107	82
107	83
107	84
107	95
107	102
107	109
107	114
107	122
107	123
107	124
107	125
107	126
107	127
108	0
108	1
108	3
108	4
108	5
108	6
108	7
108	16
108	17
108	18
108	19
108	20
108	21
108	22
108	23
108	24
108	25
108	26
108	28
108	34
108	46
108	47
108	48
108	53
108	57
108	62
108	63
108	64
108	65
108	66
108	67
108	68
108	69
108	70
108	71
108	72
108	73
108	74
108	75
108	85
108	86
108	87
108	102
108	103
108	110
108	122
108	123
108	124
108	125
108	126
108	127
109	0
109	1
109	2
109	3
109	4
109	5
109	7
109	15
109	16
109	17
109	18
109	19
109	20
109	21
109	22
109	23
109	24
109	25
109	28
109	29
109	34
109	47
109	53
109	54
109	55
109	56
109	58
109	63
109	64
109	65
109	66
109	67
109	68
109	69
109	70
109	71
109	72
109	73
109	74
109	75
109	85
109	86
109	87
109	88
109	89
109	90
109	96
109	113
109	114
109	115
109	116
109	117
109	119
109	120
109	123
109	124
109	125
109	126
109	127
110	0
110	1
110	2
110	3
110	4
110	5
110	15
110	16
110	17
110	18
110	20
110	21
110	22
110	23
110	28
110	53
110	54
110	55
110	56
110	58
110	62
110	65
110	66
110	67
110	68
110	69
110	70
110	71
110	75
110	84
110	85
110	86
110	87
110	88
110	89
110	90
110	107
110	112
110	113
110	114
110	115
110	116
110	123
110	126
110	127
111	0
111	1
111	2
111	3
111	4
111	5
111	20
111	21
111	22
111	23
111	24
111	26
111	27
111	28
111	29
111	30
111	42
111	54
111	55
111	56
111	61
111	62
111	65
111	66
111	67
111	68
111	69
111	70
111	71
111	72
111	76
111	80
111	82
111	83
111	84
111	86
111	87
111	88
111	96
111	111
111	112
111	113
111	114
111	116
111	117
111	123
111	124
111	126
111	127
112	0
112	1
112	2
112	3
112	4
112	5
112	22
112	23
112	24
112	28
112	55
112	57
112	58
112	61
112	62
112	63
112	64
112	65
112	66
112	67
112	68
112	69
112	70
112	75
112	76
112	77
112	82
112	83
112	84
112	85
112	86
112	87
112	88
112	110
112	111
112	112
112	113
112	114
112	116
112	117
112	118
112	119
112	120
112	121
112	122
112	123
112	124
112	125
112	126
112	127
113	0
113	1
113	2
113	3
113	4
113	5
113	10
113	16
113	17
113	20
113	21
113	22
113	28
113	35
113	36
113	53
113	57
113	58
113	59
113	60
113	62
113	63
113	64
113	65
113	66
113	67
113	68
113	69
113	76
113	77
113	83
113	84
113	85
113	86
113	87
113	88
113	89
113	96
113	97
113	100
113	106
113	111
113	112
113	114
113	115
113	116
113	117
113	118
113	119
113	120
113	121
113	122
113	123
113	124
113	125
113	126
113	127
114	0
114	2
114	3
114	4
114	5
114	6
114	16
114	21
114	22
114	28
114	35
114	36
114	37
114	41
114	42
114	45
114	59
114	60
114	62
114	63
114	64
114	66
114	67
114	68
114	69
114	76
114	84
114	85
114	86
114	87
114	96
114	97
114	98
114	99
114	100
114	101
114	102
114	106
114	109
114	110
114	111
114	112
114	113
114	114
114	115
114	116
114	117
114	118
114	119
114	120
114	121
114	122
114	125
114	126
114	127
115	1
115	3
115	10
115	25
115	26
115	27
115	28
115	40
115	42
115	49
115	50
115	59
115	60
115	61
115	62
115	63
115	64
115	65
115	69
115	73
115	74
115	75
115	76
115	82
115	84
115	85
115	86
115	93
115	96
115	97
115	98
115	99
115	100
115	101
115	102
115	105
115	106
115	107
115	108
115	109
115	110
115	111
115	112
115	113
115	114
115	115
115	116
115	117
115	118
115	119
115	120
115	121
115	122
115	123
115	124
115	125
115	126
115	127
116	10
116	11
116	12
116	26
116	27
116	28
116	31
116	32
116	38
116	39
116	40
116	46
116	50
116	54
116	59
116	60
116	61
116	65
116	68
116	69
116	74
116	75
116	76
116	78
116	79
116	80
116	81
116	82
116	83
116	84
116	85
116	86
116	96
116	97
116	98
116	100
116	101
116	102
116	104
116	105
116	106
116	107
116	108
116	109
116	110
116	111
116	112
116	113
116	114
116	115
116	116
116	117
116	118
116	119
116	120
116	121
116	122
116	123
116	124
116	125
116	126
116	127
117	4
117	10
117	26
117	27
117	28
117	29
117	31
117	32
117	34
117	35
117	37
117	38
117	39
117	40
117	44
117	58
117	59
117	60
117	61
117	62
117	68
117	69
117	70
117	71
117	72
117	73
117	74
117	75
117	78
117	79
117	80
117	81
117	82
117	83
117	84
117	85
117	86
117	95
117	96
117	97
117	98
117	99
117	100
117	101
117	102
117	103
117	104
117	105
117	106
117	107
117	108
117	109
117	110
117	111
117	112
117	113
117	114
117	115
117	116
117	118
117	119
117	120
117	121
117	122
117	123
117	124
118	4
118	13
118	15
118	16
118	27
118	28
118	29
118	31
118	32
118	34
118	35
118	37
118	38
118	39
118	44
118	57
118	58
118	59
118	60
118	61
118	62
118	63
118	67
118	69
118	70
118	71
118	72
118	73
118	74
118	75
118	77
118	78
118	79
118	80
118	81
118	82
118	83
118	84
118	85
118	86
118	91
118	92
118	94
118	95
118	96
118	97
118	98
118	99
118	100
118	101
118	102
118	103
118	104
118	105
118	107
118	108
118	109
118	110
118	111
118	112
118	113
118	114
118	115
118	118
118	119
118	120
118	121
118	122
118	123
119	0
119	4
119	16
119	22
119	26
119	27
119	28
119	30
119	31
119	32
119	59
119	60
119	61
119	62
119	63
119	64
119	65
119	67
119	69
119	70
119	71
119	72
119	73
119	74
119	75
119	76
119	77
119	79
119	80
119	81
119	82
119	83
119	84
119	85
119	86
119	87
119	88
119	89
119	90
119	91
119	92
119	93
119	94
119	95
119	96
119	97
119	98
119	99
119	100
119	101
119	102
119	103
119	104
119	105
119	106
119	107
119	108
119	109
119	111
119	113
119	114
119	117
119	118
119	119
120	3
120	4
120	15
120	16
120	26
120	27
120	56
120	59
120	62
120	63
120	64
120	65
120	66
120	69
120	70
120	71
120	72
120	73
120	74
120	75
120	76
120	79
120	80
120	81
120	82
120	83
120	84
120	85
120	86
120	87
120	88
120	89
120	90
120	91
120	92
120	93
120	94
120	95
120	97
120	98
120	99
120	100
120	101
120	102
120	103
120	104
120	105
120	106
120	107
120	108
120	109
120	110
120	111
120	113
120	114
120	117
120	118
120	119
120	125
121	1
121	25
121	26
121	27
121	32
121	33
121	34
121	37
121	44
121	59
121	60
121	61
121	62
121	63
121	64
121	65
121	66
121	69
121	70
121	71
121	72
121	73
121	74
121	75
121	76
121	80
121	81
121	82
121	83
121	84
121	85
121	86
121	87
121	88
121	89
121	90
121	91
121	92
121	93
121	94
121	95
121	97
121	98
121	99
121	100
121	101
121	102
121	103
121	104
121	106
121	108
121	109
121	110
121	111
121	112
121	117
121	118
121	119
121	121
121	122
121	123
121	124
121	125
122	3
122	21
122	27
122	57
122	59
122	60
122	61
122	62
122	63
122	64
122	65
122	66
122	67
122	68
122	69
122	70
122	71
122	72
122	73
122	75
122	76
122	77
122	78
122	79
122	80
122	81
122	82
122	83
122	84
122	85
122	86
122	87
122	89
122	90
122	91
122	92
122	93
122	94
122	95
122	96
122	98
122	99
122	100
122	101
122	103
122	104
122	105
122	106
122	108
122	110
122	111
122	112
122	117
122	118
122	119
122	120
122	121
122	122
122	123
122	124
122	125
123	16
123	17
123	20
123	21
123	25
123	57
123	58
123	59
123	60
123	61
123	62
123	63
123	66
123	67
123	68
123	69
123	70
123	71
123	72
123	73
123	75
123	76
123	77
123	78
123	79
123	80
123	81
123	82
123	86
123	87
123	88
123	89
123	90
123	91
123	92
123	94
123	96
123	98
123	99
123	100
123	101
123	103
123	104
123	105
123	106
123	110
123	112
123	117
123	118
123	119
123	120
123	121
123	122
123	123
123	124
124	15
124	16
124	20
124	21
124	22
124	23
124	24
124	25
124	34
124	35
124	57
124	58
124	59
124	60
124	61
124	62
124	63
124	66
124	67
124	68
124	69
124	70
124	71
124	72
124	73
124	74
124	75
124	77
124	78
124	79
124	80
124	81
124	82
124	83
124	87
124	88
124	89
124	90
124	91
124	92
124	96
124	98
124	99
124	100
124	101
124	102
124	103
124	104
124	105
124	111
124	112
125	1
125	2
125	16
125	20
125	21
125	22
125	23
125	24
125	33
125	35
125	38
125	39
125	50
125	51
125	54
125	55
125	56
125	57
125	58
125	59
125	60
125	61
125	62
125	63
125	64
125	67
125	68
125	69
125	70
125	71
125	72
125	74
125	77
125	80
125	81
125	82
125	86
125	87
125	88
125	89
125	90
125	92
125	99
125	100
125	101
125	102
125	103
125	104
125	105
125	106
125	109
125	110
125	111
125	112
125	113
125	114
125	115
125	116
125	120
125	121
125	127
126	1
126	2
126	16
126	17
126	18
126	19
126	20
126	21
126	22
126	23
126	24
126	25
126	32
126	33
126	34
126	35
126	40
126	41
126	42
126	45
126	46
126	47
126	50
126	53
126	54
126	56
126	57
126	58
126	59
126	60
126	61
126	62
126	63
126	64
126	69
126	70
126	74
126	85
126	86
126	87
126	89
126	90
126	91
126	98
126	99
126	100
126	101
126	102
126	103
126	104
126	106
126	107
126	108
126	109
126	114
126	115
126	116
126	117
126	118
126	120
127	16
127	17
127	18
127	19
127	20
127	21
127	22
127	26
127	32
127	33
127	34
127	38
127	39
127	40
127	41
127	45
127	46
127	47
127	54
127	55
127	56
127	57
127	59
127	60
127	63
127	69
127	70
127	77
127	78
127	79
127	84
127	85
127	86
127	87
127	88
127	89
127	90
127	91
127	97
127	98
127	99
127	100
127	101
127	102
127	103
127	104
127	106
127	107
127	115
127	116
127	125
127	127
