size	128
T	2.5
J	1
H	0
x	y
0	1
0	2
0	6
0	7
0	8
0	9
0	10
0	11
0	12
0	13
0	14
0	15
0	16
0	18
0	19
0	22
0	24
0	33
0	34
0	35
0	36
0	37
0	38
0	42
0	45
0	46
0	47
0	48
0	49
0	50
0	56
0	63
0	82
0	83
0	84
0	85
0	96
0	97
0	98
0	100
0	101
0	102
0	104
0	105
0	114
0	117
0	119
0	120
0	121
1	1
1	5
1	10
1	11
1	14
1	15
1	16
1	17
1	18
1	19
1	21
1	29
1	30
1	31
1	35
1	36
1	37
1	38
1	42
1	45
1	47
1	48
1	49
1	50
1	56
1	60
1	63
1	65
1	66
1	67
1	68
1	79
1	88
1	89
1	94
1	96
1	98
1	99
1	100
1	101
1	102
1	118
1	125
2	0
2	1
2	3
2	10
2	11
2	12
2	13
2	14
2	15
2	16
2	17
2	18
2	19
2	21
2	24
2	25
2	26
2	27
2	28
2	29
2	30
2	31
2	36
2	44
2	45
2	46
2	47
2	48
2	49
2	50
2	56
2	60
2	63
2	65
2	79
2	81
2	88
2	89
2	92
2	93
2	94
2	98
2	115
2	116
2	117
2	118
3	0
3	11
3	12
3	13
3	14
3	15
3	18
3	19
3	20
3	25
3	26
3	27
3	28
3	34
3	36
3	43
3	44
3	45
3	46
3	47
3	48
3	49
3	50
3	55
3	56
3	58
3	60
3	63
3	64
3	75
3	78
3	79
3	83
3	86
3	92
3	96
3	99
3	103
3	112
3	114
3	115
3	116
3	117
3	118
3	122
3	127
4	0
4	3
4	12
4	13
4	14
4	15
4	16
4	19
4	20
4	25
4	26
4	27
4	28
4	42
4	43
4	44
4	45
4	47
4	48
4	52
4	53
4	54
4	55
4	60
4	78
4	81
4	82
4	83
4	85
4	86
4	92
4	99
4	103
4	106
4	114
4	115
4	116
4	117
4	118
4	120
4	122
4	125
4	126
4	127
5	13
5	15
5	16
5	20
5	21
5	24
5	25
5	28
5	32
5	42
5	43
5	44
5	45
5	46
5	47
5	48
5	58
5	59
5	64
5	75
5	81
5	82
5	83
5	85
5	91
5	105
5	112
5	113
5	114
5	115
5	116
5	117
5	118
5	120
5	125
5	126
5	127
6	5
6	6
6	25
6	27
6	31
6	32
6	45
6	46
6	47
6	48
6	53
6	65
6	66
6	82
6	83
6	84
6	85
6	86
6	89
6	90
6	91
6	92
6	113
6	114
6	115
6	116
6	117
6	118
6	119
6	120
6	122
7	5
7	6
7	9
7	10
7	12
7	16
7	25
7	26
7	27
7	33
7	37
7	38
7	47
7	48
7	53
7	70
7	71
7	78
7	82
7	83
7	84
7	85
7	102
7	103
7	107
7	115
7	116
7	117
7	118
7	119
7	120
8	9
8	12
8	18
8	19
8	25
8	27
8	28
8	37
8	45
8	48
8	49
8	52
8	53
8	54
8	70
8	72
8	73
8	75
8	76
8	82
8	83
8	90
8	91
8	92
8	96
8	97
8	100
8	102
8	104
8	107
8	113
8	115
8	116
8	117
8	118
8	119
9	12
9	26
9	27
9	28
9	34
9	44
9	45
9	48
9	49
9	52
9	53
9	54
9	58
9	59
9	62
9	64
9	69
9	70
9	77
9	78
9	82
9	90
9	92
9	103
9	104
9	107
9	115
9	116
9	117
9	118
9	125
9	126
10	2
10	4
10	5
10	11
10	12
10	17
10	18
10	22
10	23
10	26
10	30
10	37
10	38
10	42
10	43
10	44
10	48
10	49
10	51
10	52
10	53
10	54
10	55
10	56
10	57
10	58
10	59
10	70
10	80
10	81
10	82
10	87
10	94
10	97
10	98
10	99
10	102
10	103
10	104
10	115
10	117
10	118
10	125
10	127
11	5
11	17
11	18
11	20
11	21
11	22
11	23
11	24
11	28
11	33
11	34
11	37
11	38
11	39
11	42
11	43
11	44
11	45
11	46
11	47
11	48
11	49
11	50
11	51
11	52
11	53
11	54
11	55
11	56
11	57
11	58
11	59
11	67
11	70
11	78
11	93
11	94
11	97
11	98
11	100
11	101
11	102
11	103
11	111
11	112
11	115
11	118
11	119
11	120
11	121
11	123
11	124
11	125
12	20
12	21
12	28
12	29
12	31
12	32
12	33
12	37
12	38
12	39
12	45
12	46
12	47
12	48
12	49
12	50
12	51
12	52
12	53
12	54
12	55
12	56
12	57
12	59
12	66
12	71
12	79
12	80
12	81
12	83
12	84
12	85
12	88
12	94
12	99
12	100
12	101
12	112
12	116
12	119
12	120
12	121
12	122
12	123
12	125
12	126
13	3
13	4
13	15
13	28
13	29
13	34
13	36
13	45
13	46
13	47
13	48
13	49
13	50
13	51
13	52
13	53
13	54
13	55
13	56
13	57
13	64
13	66
13	75
13	81
13	82
13	83
13	90
13	112
13	113
13	119
13	120
13	121
13	122
13	125
14	3
14	6
14	7
14	8
14	18
14	19
14	20
14	21
14	28
14	29
14	30
14	31
14	34
14	45
14	46
14	47
14	48
14	49
14	50
14	51
14	52
14	53
14	54
14	55
14	56
14	57
14	75
14	76
14	77
14	81
14	100
14	103
14	106
14	107
14	108
14	113
14	117
14	120
14	121
14	122
14	124
15	3
15	17
15	18
15	19
15	21
15	28
15	29
15	30
15	31
15	38
15	41
15	44
15	46
15	47
15	48
15	49
15	50
15	51
15	52
15	53
15	54
15	55
15	57
15	64
15	75
15	84
15	85
15	86
15	91
15	97
15	98
15	103
15	106
15	107
15	108
15	113
15	116
15	117
15	121
15	122
15	123
15	124
15	125
16	1
16	7
16	27
16	28
16	30
16	42
16	44
16	48
16	49
16	50
16	51
16	52
16	53
16	54
16	55
16	64
16	71
16	84
16	85
16	86
16	87
16	101
16	102
16	112
16	120
16	121
16	122
17	2
17	11
17	14
17	15
17	17
17	27
17	28
17	32
17	39
17	42
17	43
17	44
17	45
17	48
17	49
17	50
17	51
17	54
17	61
17	84
17	85
17	86
17	87
17	88
17	92
17	93
17	97
17	98
17	99
17	120
17	121
17	122
18	0
18	1
18	3
18	14
18	15
18	16
18	18
18	20
18	21
18	22
18	27
18	31
18	37
18	42
18	43
18	44
18	45
18	47
18	48
18	49
18	50
18	51
18	58
18	61
18	77
18	81
18	82
18	83
18	84
18	85
18	86
18	87
18	90
18	91
18	96
18	97
18	99
18	100
18	116
18	122
18	123
18	124
18	125
19	0
19	6
19	15
19	16
19	18
19	19
19	20
19	21
19	37
19	38
19	41
19	42
19	43
19	44
19	45
19	46
19	47
19	48
19	49
19	50
19	58
19	60
19	61
19	62
19	63
19	65
19	72
19	79
19	80
19	81
19	82
19	83
19	85
19	86
19	87
19	88
19	89
19	90
19	91
19	92
19	95
19	96
19	97
19	116
19	117
19	122
19	124
19	125
19	126
19	127
20	0
20	1
20	2
20	12
20	13
20	14
20	18
20	28
20	38
20	39
20	40
20	41
20	42
20	43
20	44
20	45
20	46
20	47
20	48
20	57
20	59
20	60
20	62
20	65
20	71
20	78
20	80
20	81
20	82
20	83
20	84
20	85
20	86
20	87
20	88
20	89
20	90
20	91
20	92
20	95
20	96
20	97
20	98
20	99
20	100
20	117
20	118
20	122
20	124
20	125
20	126
20	127
21	0
21	4
21	5
21	15
21	16
21	18
21	20
21	33
21	40
21	41
21	42
21	46
21	73
21	77
21	78
21	79
21	80
21	81
21	82
21	84
21	85
21	86
21	87
21	88
21	89
21	90
21	94
21	96
21	97
21	98
21	99
21	100
21	101
21	102
21	107
21	108
21	109
21	110
21	111
21	112
21	117
21	118
21	121
21	122
21	124
21	125
21	127
22	0
22	1
22	4
22	5
22	6
22	8
22	9
22	12
22	13
22	15
22	23
22	24
22	27
22	34
22	40
22	67
22	69
22	78
22	79
22	80
22	81
22	82
22	86
22	87
22	88
22	89
22	90
22	91
22	92
22	97
22	98
22	99
22	100
22	101
22	102
22	104
22	105
22	107
22	108
22	109
22	110
22	111
22	112
22	113
22	117
22	118
22	119
22	120
22	121
22	122
22	123
22	124
22	125
22	126
22	127
23	0
23	1
23	7
23	8
23	9
23	10
23	11
23	12
23	13
23	15
23	27
23	37
23	53
23	61
23	71
23	78
23	79
23	80
23	81
23	82
23	86
23	87
23	88
23	90
23	91
23	92
23	96
23	97
23	98
23	99
23	100
23	101
23	105
23	107
23	108
23	111
23	112
23	117
23	118
23	119
23	120
23	121
23	122
23	123
23	124
23	127
24	25
24	26
24	36
24	37
24	62
24	71
24	72
24	78
24	79
24	80
24	81
24	82
24	83
24	86
24	87
24	88
24	89
24	90
24	91
24	94
24	96
24	97
24	98
24	99
24	100
24	101
24	102
24	103
24	104
24	105
24	107
24	108
24	109
24	110
24	111
24	112
24	117
24	118
24	119
24	120
24	121
24	122
24	123
24	124
25	5
25	6
25	20
25	23
25	34
25	35
25	36
25	37
25	50
25	60
25	62
25	71
25	78
25	79
25	80
25	81
25	82
25	83
25	84
25	85
25	86
25	87
25	88
25	89
25	90
25	91
25	92
25	93
25	94
25	96
25	97
25	98
25	99
25	100
25	101
25	102
25	103
25	104
25	107
25	108
25	109
25	110
25	112
25	113
25	116
25	117
25	118
25	119
25	120
25	121
25	122
25	123
25	124
25	125
25	126
26	13
26	26
26	32
26	34
26	35
26	40
26	49
26	60
26	62
26	63
26	72
26	78
26	79
26	80
26	81
26	82
26	83
26	84
26	85
26	86
26	87
26	88
26	89
26	90
26	91
26	92
26	93
26	94
26	95
26	96
26	97
26	99
26	100
26	102
26	107
26	108
26	109
26	110
26	113
26	114
26	118
26	119
26	120
26	121
26	122
26	123
26	124
27	6
27	11
27	14
27	19
27	26
27	38
27	39
27	42
27	43
27	45
27	50
27	54
27	58
27	59
27	60
27	68
27	71
27	72
27	73
27	74
27	78
27	79
27	80
27	81
27	82
27	83
27	84
27	85
27	86
27	87
27	89
27	90
27	91
27	92
27	93
27	94
27	95
27	96
27	97
27	98
27	99
27	100
27	101
27	102
27	107
27	108
27	113
27	118
27	119
27	120
27	121
27	122
27	123
27	124
28	12
28	17
28	22
28	23
28	35
28	43
28	44
28	45
28	49
28	50
28	54
28	55
28	57
28	58
28	59
28	66
28	67
28	69
28	70
28	71
28	72
28	73
28	78
28	79
28	80
28	81
28	82
28	83
28	84
28	85
28	86
28	87
28	88
28	89
28	90
28	91
28	92
28	93
28	94
28	95
28	98
28	99
28	100
28	101
28	107
28	108
28	110
28	111
28	112
28	118
28	119
28	120
28	121
28	122
29	4
29	8
29	9
29	10
29	11
29	12
29	15
29	21
29	22
29	23
29	30
29	31
29	32
29	39
29	40
29	43
29	44
29	49
29	50
29	51
29	54
29	55
29	56
29	59
29	64
29	65
29	66
29	69
29	70
29	71
29	72
29	73
29	74
29	80
29	81
29	82
29	83
29	84
29	85
29	86
29	87
29	88
29	89
29	90
29	91
29	92
29	93
29	94
29	97
29	98
29	99
29	100
29	101
29	102
29	104
29	105
29	107
29	112
29	118
29	119
29	120
29	121
30	4
30	12
30	37
30	39
30	40
30	41
30	42
30	43
30	49
30	50
30	51
30	52
30	54
30	55
30	64
30	65
30	66
30	67
30	69
30	71
30	72
30	73
30	74
30	75
30	76
30	80
30	81
30	82
30	83
30	85
30	86
30	87
30	88
30	89
30	90
30	91
30	92
30	93
30	94
30	97
30	98
30	99
30	100
30	101
30	102
30	103
30	104
30	105
30	106
30	107
30	110
30	113
30	118
30	119
30	120
30	121
31	1
31	2
31	3
31	12
31	22
31	25
31	32
31	39
31	40
31	41
31	42
31	43
31	54
31	55
31	62
31	63
31	64
31	65
31	66
31	67
31	68
31	69
31	70
31	71
31	72
31	73
31	74
31	75
31	76
31	77
31	78
31	82
31	83
31	84
31	85
31	86
31	87
31	88
31	89
31	90
31	91
31	92
31	100
31	101
31	102
31	103
31	104
31	105
31	106
31	107
31	110
31	113
31	117
31	118
32	1
32	2
32	3
32	7
32	18
32	28
32	33
32	37
32	38
32	39
32	40
32	41
32	43
32	46
32	55
32	56
32	59
32	62
32	63
32	64
32	65
32	66
32	67
32	68
32	69
32	70
32	71
32	72
32	73
32	74
32	75
32	77
32	78
32	86
32	87
32	88
32	89
32	90
32	91
32	101
32	102
32	103
32	104
32	105
32	106
32	107
32	108
32	109
32	111
32	113
32	116
32	117
32	123
32	124
33	6
33	7
33	8
33	18
33	25
33	27
33	28
33	29
33	37
33	38
33	39
33	40
33	41
33	42
33	43
33	44
33	53
33	54
33	55
33	56
33	58
33	66
33	69
33	70
33	71
33	72
33	73
33	74
33	75
33	76
33	77
33	78
33	79
33	84
33	85
33	86
33	87
33	88
33	89
33	90
33	91
33	95
33	96
33	103
33	104
33	105
33	106
33	107
33	108
33	119
34	3
34	16
34	30
34	37
34	38
34	39
34	40
34	41
34	42
34	43
34	44
34	45
34	50
34	53
34	54
34	55
34	56
34	57
34	62
34	67
34	69
34	70
34	73
34	74
34	75
34	76
34	77
34	78
34	79
34	81
34	85
34	86
34	88
34	89
34	90
34	94
34	95
34	96
34	103
34	104
34	105
34	106
34	107
34	108
34	109
34	113
34	115
34	116
34	120
35	14
35	15
35	21
35	22
35	28
35	29
35	30
35	31
35	37
35	38
35	39
35	40
35	41
35	42
35	43
35	44
35	45
35	52
35	53
35	54
35	55
35	56
35	61
35	62
35	69
35	70
35	71
35	72
35	73
35	74
35	75
35	76
35	77
35	78
35	79
35	80
35	81
35	86
35	92
35	93
35	96
35	97
35	98
35	102
35	103
35	104
35	106
35	107
35	108
35	109
35	113
35	115
35	117
35	120
35	121
35	122
35	126
36	5
36	6
36	16
36	17
36	28
36	29
36	30
36	31
36	37
36	38
36	39
36	40
36	41
36	42
36	43
36	44
36	45
36	52
36	53
36	54
36	55
36	56
36	62
36	65
36	66
36	68
36	69
36	70
36	71
36	72
36	73
36	74
36	75
36	78
36	79
36	80
36	81
36	82
36	84
36	85
36	86
36	92
36	94
36	95
36	98
36	104
36	105
36	106
36	107
36	108
36	109
36	113
36	120
36	121
36	122
36	126
36	127
37	17
37	29
37	30
37	31
37	32
37	33
37	37
37	39
37	40
37	41
37	42
37	43
37	44
37	45
37	46
37	52
37	53
37	54
37	55
37	56
37	57
37	58
37	60
37	66
37	70
37	71
37	72
37	73
37	74
37	75
37	76
37	77
37	78
37	79
37	80
37	81
37	82
37	83
37	84
37	85
37	104
37	106
37	107
37	113
37	120
37	121
37	122
37	123
38	3
38	14
38	29
38	30
38	31
38	41
38	42
38	43
38	44
38	53
38	54
38	55
38	56
38	57
38	58
38	59
38	60
38	61
38	71
38	72
38	73
38	76
38	77
38	78
38	79
38	80
38	81
38	82
38	83
38	84
38	99
38	101
38	102
38	103
38	106
38	107
38	114
38	115
38	122
38	123
38	124
39	1
39	2
39	3
39	4
39	5
39	19
39	27
39	29
39	30
39	31
39	35
39	41
39	42
39	43
39	44
39	53
39	54
39	55
39	56
39	57
39	58
39	59
39	60
39	61
39	70
39	71
39	72
39	73
39	74
39	76
39	77
39	78
39	79
39	80
39	81
39	82
39	83
39	84
39	102
39	103
39	104
39	105
39	106
39	107
39	108
39	111
39	115
39	116
39	118
39	120
39	121
39	122
39	123
39	124
39	125
40	1
40	9
40	12
40	14
40	18
40	29
40	30
40	31
40	32
40	38
40	39
40	40
40	41
40	42
40	43
40	53
40	54
40	55
40	56
40	57
40	58
40	59
40	60
40	63
40	64
40	69
40	70
40	71
40	72
40	73
40	77
40	78
40	79
40	80
40	81
40	82
40	83
40	84
40	86
40	96
40	100
40	103
40	104
40	107
40	108
40	109
40	110
40	111
40	112
40	113
40	114
40	115
40	116
40	117
40	118
40	122
40	124
40	125
40	126
41	9
41	23
41	24
41	26
41	32
41	34
41	39
41	40
41	41
41	42
41	43
41	53
41	54
41	55
41	56
41	57
41	60
41	69
41	70
41	71
41	72
41	75
41	76
41	77
41	78
41	79
41	80
41	81
41	82
41	83
41	84
41	91
41	92
41	96
41	97
41	105
41	106
41	107
41	108
41	109
41	110
41	112
41	113
41	114
41	116
41	117
41	118
41	122
41	125
42	0
42	1
42	4
42	5
42	10
42	11
42	20
42	27
42	40
42	41
42	42
42	43
42	49
42	54
42	55
42	56
42	57
42	71
42	72
42	75
42	77
42	78
42	79
42	80
42	81
42	82
42	83
42	84
42	91
42	92
42	95
42	97
42	104
42	105
42	106
42	107
42	108
42	109
42	110
42	111
42	112
42	113
42	114
42	115
42	116
42	122
43	0
43	1
43	10
43	11
43	12
43	13
43	14
43	22
43	24
43	30
43	40
43	41
43	42
43	43
43	48
43	49
43	50
43	52
43	54
43	55
43	56
43	57
43	58
43	63
43	71
43	72
43	73
43	74
43	75
43	76
43	77
43	78
43	82
43	83
43	84
43	85
43	86
43	87
43	88
43	94
43	95
43	105
43	106
43	108
43	109
43	110
43	111
43	112
43	113
43	114
43	116
43	117
43	118
43	119
43	126
44	4
44	12
44	13
44	14
44	15
44	16
44	17
44	18
44	25
44	27
44	28
44	37
44	42
44	47
44	48
44	52
44	55
44	56
44	57
44	58
44	59
44	74
44	75
44	76
44	77
44	80
44	81
44	82
44	83
44	84
44	85
44	86
44	87
44	95
44	96
44	97
44	108
44	109
44	110
44	111
44	112
44	113
44	114
44	116
44	117
44	118
44	124
45	2
45	3
45	5
45	15
45	16
45	36
45	47
45	48
45	54
45	55
45	56
45	57
45	58
45	59
45	60
45	66
45	71
45	72
45	74
45	75
45	76
45	77
45	78
45	79
45	80
45	81
45	82
45	83
45	84
45	90
45	91
45	96
45	97
45	112
45	113
45	114
45	115
45	116
45	117
45	118
46	4
46	5
46	12
46	15
46	17
46	23
46	24
46	26
46	27
46	28
46	29
46	31
46	41
46	47
46	48
46	54
46	55
46	56
46	57
46	58
46	59
46	70
46	71
46	72
46	73
46	74
46	75
46	82
46	83
46	84
46	96
46	97
46	98
46	102
46	103
46	104
46	111
46	112
46	113
46	114
46	115
46	116
46	117
46	118
47	0
47	4
47	10
47	11
47	12
47	17
47	23
47	26
47	28
47	41
47	48
47	54
47	55
47	57
47	58
47	59
47	60
47	65
47	70
47	71
47	72
47	73
47	74
47	75
47	84
47	85
47	93
47	96
47	97
47	98
47	102
47	103
47	107
47	112
47	113
47	114
47	115
47	117
47	118
47	121
47	127
48	4
48	7
48	8
48	13
48	15
48	20
48	26
48	28
48	32
48	37
48	38
48	41
48	50
48	54
48	55
48	56
48	57
48	58
48	59
48	62
48	69
48	70
48	71
48	72
48	73
48	74
48	75
48	88
48	89
48	90
48	91
48	92
48	93
48	94
48	95
48	96
48	97
48	98
48	101
48	112
48	113
48	114
48	115
48	117
48	118
48	120
49	4
49	8
49	16
49	28
49	32
49	38
49	41
49	44
49	56
49	57
49	58
49	59
49	70
49	71
49	72
49	73
49	74
49	75
49	76
49	86
49	87
49	88
49	89
49	90
49	91
49	92
49	93
49	94
49	95
49	96
49	97
49	98
49	103
49	113
49	114
49	116
50	6
50	7
50	16
50	20
50	21
50	40
50	41
50	43
50	44
50	46
50	54
50	55
50	56
50	59
50	60
50	63
50	72
50	73
50	76
50	77
50	80
50	81
50	84
50	85
50	90
50	91
50	92
50	93
50	94
50	95
50	96
50	97
50	98
50	99
50	108
50	111
50	112
50	113
50	114
50	119
51	6
51	11
51	16
51	21
51	32
51	33
51	41
51	42
51	46
51	47
51	48
51	54
51	55
51	56
51	59
51	60
51	63
51	65
51	70
51	71
51	79
51	80
51	81
51	84
51	85
51	86
51	87
51	90
51	91
51	92
51	93
51	94
51	96
51	105
51	106
51	108
51	111
51	112
51	117
51	118
51	119
51	122
51	123
52	0
52	7
52	15
52	21
52	30
52	31
52	41
52	46
52	47
52	53
52	54
52	55
52	57
52	58
52	59
52	60
52	70
52	81
52	82
52	85
52	86
52	87
52	88
52	89
52	93
52	94
52	95
52	96
52	97
52	98
52	102
52	105
52	106
52	107
52	109
52	110
52	114
52	115
52	122
52	123
52	124
52	125
52	126
52	127
53	0
53	1
53	7
53	11
53	12
53	13
53	14
53	15
53	21
53	22
53	38
53	43
53	44
53	50
53	51
53	52
53	53
53	54
53	55
53	56
53	57
53	58
53	59
53	61
53	63
53	73
53	75
53	76
53	80
53	81
53	82
53	85
53	86
53	87
53	88
53	93
53	94
53	95
53	102
53	103
53	104
53	109
53	110
53	111
53	117
53	118
53	119
53	123
53	124
53	125
53	127
54	4
54	6
54	7
54	9
54	10
54	12
54	21
54	28
54	42
54	50
54	51
54	52
54	53
54	54
54	55
54	56
54	57
54	59
54	60
54	61
54	62
54	63
54	75
54	78
54	83
54	84
54	85
54	86
54	93
54	94
54	97
54	102
54	103
54	109
54	110
54	111
54	116
54	117
54	118
54	119
54	123
54	127
55	6
55	7
55	34
55	53
55	56
55	57
55	59
55	60
55	61
55	62
55	63
55	64
55	65
55	66
55	67
55	70
55	77
55	78
55	80
55	82
55	83
55	84
55	85
55	86
55	87
55	94
55	98
55	99
55	110
55	117
55	118
55	119
56	1
56	3
56	4
56	5
56	6
56	7
56	9
56	11
56	17
56	18
56	32
56	33
56	41
56	42
56	56
56	57
56	59
56	60
56	61
56	62
56	63
56	70
56	77
56	78
56	83
56	84
56	85
56	86
56	87
56	88
56	89
56	90
56	91
56	92
56	94
56	97
56	98
56	106
56	107
56	117
56	118
56	127
57	10
57	22
57	28
57	33
57	40
57	41
57	55
57	56
57	57
57	58
57	59
57	70
57	80
57	81
57	82
57	83
57	84
57	85
57	86
57	87
57	88
57	89
57	90
57	91
57	92
57	93
57	94
57	95
57	99
57	100
57	103
57	107
57	109
57	115
57	117
57	118
57	119
57	120
57	121
57	122
57	126
57	127
58	0
58	2
58	3
58	9
58	14
58	19
58	20
58	21
58	22
58	28
58	29
58	30
58	31
58	32
58	56
58	57
58	59
58	60
58	62
58	81
58	82
58	83
58	84
58	85
58	86
58	88
58	89
58	90
58	92
58	93
58	94
58	95
58	116
58	118
58	119
58	120
58	121
58	122
59	4
59	8
59	9
59	19
59	20
59	21
59	22
59	23
59	29
59	30
59	31
59	32
59	35
59	37
59	40
59	44
59	45
59	47
59	48
59	53
59	54
59	56
59	57
59	60
59	61
59	62
59	80
59	82
59	83
59	84
59	85
59	86
59	89
59	90
59	91
59	92
59	93
59	94
59	96
59	115
59	116
59	117
59	118
59	119
59	120
59	121
59	122
59	123
60	6
60	9
60	10
60	17
60	20
60	21
60	22
60	23
60	24
60	29
60	30
60	31
60	32
60	38
60	44
60	45
60	47
60	48
60	49
60	50
60	51
60	52
60	53
60	54
60	55
60	56
60	57
60	58
60	79
60	80
60	81
60	82
60	83
60	84
60	85
60	86
60	87
60	88
60	90
60	91
60	92
60	93
60	98
60	103
60	105
60	112
60	114
60	116
60	117
60	118
60	119
60	121
60	122
60	123
60	124
61	6
61	7
61	10
61	20
61	21
61	22
61	23
61	24
61	25
61	34
61	36
61	38
61	42
61	43
61	44
61	45
61	46
61	47
61	48
61	49
61	50
61	51
61	52
61	54
61	55
61	56
61	57
61	58
61	61
61	62
61	63
61	81
61	82
61	83
61	84
61	85
61	86
61	88
61	91
61	98
61	103
61	104
61	105
61	108
61	109
61	110
61	111
61	112
61	113
61	114
61	116
61	117
61	118
61	119
61	121
61	124
62	6
62	13
62	18
62	22
62	23
62	24
62	26
62	27
62	28
62	36
62	37
62	38
62	42
62	43
62	44
62	45
62	46
62	47
62	48
62	49
62	50
62	51
62	54
62	55
62	56
62	57
62	58
62	63
62	69
62	70
62	71
62	72
62	81
62	83
62	84
62	85
62	86
62	88
62	94
62	95
62	96
62	101
62	102
62	103
62	109
62	110
62	112
62	113
62	114
62	115
62	116
62	117
62	118
62	121
62	122
63	6
63	12
63	13
63	14
63	15
63	19
63	22
63	23
63	24
63	25
63	26
63	27
63	35
63	36
63	37
63	41
63	42
63	43
63	44
63	45
63	46
63	48
63	49
63	50
63	51
63	54
63	55
63	56
63	57
63	59
63	60
63	61
63	69
63	83
63	85
63	86
63	87
63	88
63	89
63	96
63	98
63	107
63	112
63	113
63	114
63	115
63	116
63	117
63	118
63	121
63	124
63	127
64	6
64	11
64	12
64	13
64	14
64	15
64	19
64	20
64	21
64	22
64	23
64	24
64	25
64	26
64	27
64	35
64	36
64	39
64	41
64	42
64	43
64	44
64	45
64	46
64	47
64	48
64	51
64	54
64	59
64	61
64	62
64	69
64	83
64	85
64	87
64	88
64	89
64	93
64	106
64	107
64	113
64	114
64	115
64	116
64	117
64	118
64	119
64	120
64	121
65	2
65	3
65	4
65	9
65	10
65	11
65	12
65	13
65	14
65	15
65	16
65	17
65	18
65	19
65	20
65	21
65	22
65	23
65	24
65	25
65	26
65	27
65	35
65	36
65	41
65	42
65	43
65	44
65	45
65	46
65	51
65	61
65	62
65	63
65	64
65	67
65	87
65	88
65	89
65	94
65	100
65	101
65	102
65	108
65	109
65	114
65	115
65	116
65	117
65	119
65	120
65	121
65	122
66	0
66	1
66	2
66	3
66	7
66	8
66	9
66	10
66	11
66	12
66	13
66	14
66	15
66	16
66	17
66	18
66	19
66	20
66	21
66	22
66	23
66	24
66	25
66	26
66	27
66	28
66	29
66	31
66	33
66	36
66	38
66	43
66	44
66	45
66	46
66	49
66	61
66	68
66	79
66	87
66	98
66	100
66	101
66	108
66	111
66	113
66	114
66	115
66	116
66	117
66	118
66	119
66	120
66	121
66	122
66	123
66	125
66	127
67	0
67	12
67	14
67	15
67	16
67	18
67	22
67	23
67	24
67	25
67	26
67	27
67	28
67	30
67	31
67	33
67	34
67	35
67	38
67	39
67	43
67	49
67	61
67	93
67	100
67	111
67	112
67	113
67	114
67	115
67	116
67	117
67	118
67	119
67	120
67	121
67	122
67	123
67	124
67	126
67	127
68	0
68	1
68	7
68	11
68	12
68	14
68	15
68	16
68	17
68	19
68	21
68	22
68	23
68	24
68	25
68	26
68	28
68	29
68	31
68	32
68	38
68	39
68	40
68	43
68	47
68	54
68	62
68	64
68	89
68	93
68	109
68	110
68	111
68	112
68	113
68	114
68	115
68	116
68	117
68	118
68	119
68	120
68	121
68	122
68	123
68	124
69	0
69	9
69	10
69	11
69	12
69	16
69	18
69	21
69	23
69	24
69	25
69	29
69	30
69	31
69	32
69	33
69	35
69	38
69	40
69	41
69	59
69	62
69	87
69	88
69	89
69	92
69	93
69	94
69	96
69	97
69	98
69	110
69	111
69	112
69	113
69	114
69	115
69	116
69	117
69	118
69	119
69	120
69	122
69	123
69	124
69	127
70	9
70	10
70	11
70	12
70	13
70	15
70	16
70	20
70	23
70	24
70	29
70	30
70	31
70	32
70	33
70	34
70	41
70	45
70	46
70	49
70	71
70	84
70	85
70	86
70	87
70	91
70	92
70	98
70	99
70	106
70	107
70	110
70	111
70	112
70	113
70	114
70	115
70	118
70	119
70	120
70	121
70	122
70	123
70	124
70	127
71	9
71	10
71	11
71	12
71	28
71	29
71	30
71	31
71	33
71	34
71	41
71	43
71	44
71	45
71	46
71	47
71	55
71	56
71	65
71	75
71	76
71	77
71	84
71	85
71	87
71	88
71	91
71	92
71	95
71	99
71	100
71	105
71	106
71	107
71	110
71	111
71	112
71	113
71	114
71	115
71	118
71	119
71	120
71	121
71	122
71	123
71	124
71	125
71	126
71	127
72	1
72	2
72	3
72	15
72	25
72	28
72	29
72	30
72	31
72	33
72	34
72	45
72	46
72	47
72	51
72	52
72	59
72	60
72	75
72	76
72	87
72	88
72	89
72	98
72	105
72	106
72	110
72	111
72	112
72	113
72	114
72	115
72	123
72	124
73	2
73	3
73	4
73	6
73	7
73	29
73	30
73	31
73	32
73	33
73	34
73	35
73	36
73	37
73	42
73	43
73	44
73	45
73	46
73	53
73	54
73	59
73	60
73	64
73	67
73	70
73	72
73	74
73	75
73	76
73	78
73	79
73	88
73	89
73	96
73	98
73	102
73	103
73	104
73	105
73	106
73	107
73	108
73	109
73	110
73	111
73	112
73	113
73	114
73	115
73	119
73	120
74	3
74	5
74	6
74	7
74	8
74	17
74	18
74	27
74	28
74	30
74	31
74	32
74	33
74	34
74	35
74	36
74	38
74	39
74	40
74	41
74	42
74	43
74	44
74	45
74	48
74	53
74	54
74	64
74	68
74	69
74	73
74	74
74	75
74	76
74	77
74	78
74	79
74	80
74	89
74	96
74	97
74	98
74	100
74	101
74	103
74	106
74	107
74	108
74	109
74	110
74	111
74	112
74	113
74	114
74	115
74	119
75	5
75	6
75	7
75	8
75	9
75	17
75	18
75	24
75	28
75	29
75	30
75	31
75	32
75	33
75	35
75	36
75	37
75	38
75	39
75	40
75	41
75	42
75	45
75	46
75	47
75	64
75	68
75	69
75	73
75	74
75	75
75	76
75	77
75	78
75	79
75	80
75	86
75	87
75	88
75	89
75	90
75	96
75	97
75	98
75	99
75	100
75	102
75	103
75	104
75	105
75	106
75	107
75	108
75	109
75	110
75	112
75	113
75	114
75	115
75	116
75	119
76	5
76	6
76	7
76	8
76	9
76	10
76	15
76	20
76	24
76	25
76	26
76	27
76	28
76	29
76	30
76	31
76	32
76	33
76	34
76	35
76	36
76	37
76	38
76	39
76	40
76	41
76	64
76	75
76	76
76	77
76	78
76	80
76	81
76	82
76	83
76	84
76	85
76	86
76	87
76	88
76	89
76	90
76	91
76	93
76	94
76	95
76	96
76	97
76	98
76	99
76	100
76	101
76	102
76	103
76	105
76	106
76	107
76	108
76	109
76	110
76	112
76	113
76	114
76	115
76	116
76	117
76	118
76	119
76	123
77	3
77	4
77	5
77	6
77	10
77	15
77	23
77	25
77	26
77	28
77	29
77	30
77	31
77	32
77	34
77	35
77	37
77	38
77	39
77	40
77	41
77	42
77	60
77	63
77	70
77	76
77	77
77	80
77	82
77	83
77	84
77	86
77	87
77	88
77	89
77	90
77	91
77	92
77	93
77	94
77	95
77	96
77	97
77	98
77	99
77	100
77	101
77	102
77	103
77	104
77	105
77	106
77	107
77	108
77	109
77	110
77	112
77	113
77	114
77	115
77	116
77	117
77	118
77	119
77	120
77	123
78	3
78	4
78	5
78	6
78	7
78	8
78	10
78	11
78	21
78	22
78	23
78	27
78	28
78	29
78	30
78	31
78	32
78	34
78	35
78	36
78	37
78	38
78	39
78	40
78	41
78	42
78	53
78	55
78	60
78	65
78	66
78	70
78	76
78	77
78	78
78	82
78	83
78	84
78	85
78	86
78	87
78	88
78	89
78	90
78	92
78	93
78	95
78	96
78	97
78	98
78	99
78	100
78	101
78	102
78	103
78	104
78	105
78	106
78	107
78	108
78	109
78	110
78	111
78	112
78	113
78	114
78	115
78	116
78	117
78	118
78	119
78	120
78	122
79	4
79	5
79	6
79	7
79	8
79	9
79	10
79	11
79	12
79	16
79	17
79	20
79	21
79	23
79	24
79	28
79	29
79	32
79	33
79	35
79	37
79	38
79	39
79	40
79	41
79	42
79	56
79	57
79	62
79	65
79	75
79	76
79	77
79	78
79	82
79	83
79	84
79	85
79	86
79	87
79	88
79	89
79	90
79	92
79	93
79	94
79	95
79	96
79	97
79	98
79	99
79	100
79	101
79	102
79	103
79	105
79	106
79	107
79	108
79	109
79	111
79	112
79	113
79	114
79	115
79	118
79	119
79	120
79	121
79	122
79	125
80	4
80	5
80	6
80	7
80	8
80	9
80	10
80	11
80	12
80	15
80	16
80	17
80	18
80	19
80	20
80	21
80	23
80	24
80	31
80	33
80	34
80	36
80	37
80	38
80	39
80	40
80	41
80	42
80	55
80	70
80	72
80	74
80	75
80	76
80	77
80	78
80	82
80	83
80	84
80	85
80	86
80	87
80	88
80	89
80	92
80	93
80	94
80	95
80	97
80	98
80	99
80	100
80	101
80	103
80	104
80	105
80	106
80	107
80	108
80	109
80	110
80	111
80	112
80	113
80	114
80	115
80	116
80	117
80	118
80	119
80	120
80	121
80	122
80	123
80	124
80	125
81	0
81	4
81	5
81	6
81	7
81	8
81	9
81	10
81	11
81	12
81	13
81	14
81	15
81	16
81	17
81	18
81	20
81	21
81	33
81	34
81	36
81	37
81	38
81	39
81	40
81	41
81	42
81	43
81	47
81	50
81	51
81	52
81	67
81	69
81	70
81	71
81	72
81	73
81	74
81	75
81	76
81	77
81	78
81	79
81	80
81	86
81	87
81	88
81	90
81	94
81	95
81	96
81	97
81	98
81	99
81	100
81	103
81	104
81	105
81	106
81	107
81	108
81	109
81	110
81	111
81	112
81	113
81	114
81	115
81	116
81	117
81	118
81	119
81	121
81	122
81	123
81	124
81	125
81	126
81	127
82	0
82	1
82	2
82	4
82	5
82	6
82	7
82	9
82	10
82	11
82	12
82	13
82	14
82	15
82	16
82	17
82	18
82	19
82	20
82	24
82	25
82	26
82	29
82	30
82	34
82	35
82	36
82	37
82	38
82	39
82	40
82	41
82	42
82	43
82	46
82	47
82	52
82	66
82	69
82	70
82	71
82	72
82	73
82	74
82	75
82	76
82	77
82	78
82	79
82	82
82	86
82	89
82	90
82	92
82	93
82	94
82	95
82	96
82	97
82	98
82	99
82	100
82	102
82	103
82	104
82	105
82	106
82	107
82	108
82	109
82	110
82	111
82	112
82	113
82	114
82	115
82	116
82	117
82	118
82	119
82	120
82	121
82	122
82	123
82	125
82	126
82	127
83	0
83	1
83	2
83	4
83	5
83	6
83	7
83	8
83	9
83	10
83	11
83	12
83	13
83	16
83	17
83	18
83	19
83	20
83	24
83	25
83	30
83	31
83	33
83	34
83	35
83	36
83	37
83	38
83	39
83	40
83	41
83	42
83	43
83	44
83	45
83	46
83	62
83	68
83	69
83	70
83	71
83	72
83	73
83	74
83	75
83	76
83	77
83	78
83	83
83	89
83	91
83	92
83	93
83	94
83	95
83	96
83	97
83	98
83	99
83	100
83	103
83	105
83	106
83	107
83	108
83	109
83	110
83	111
83	112
83	115
83	116
83	117
83	118
83	119
83	120
83	121
83	122
83	123
83	125
83	126
83	127
84	0
84	1
84	2
84	3
84	4
84	5
84	6
84	7
84	8
84	9
84	10
84	12
84	13
84	14
84	15
84	16
84	17
84	18
84	19
84	20
84	21
84	22
84	31
84	32
84	33
84	34
84	35
84	36
84	37
84	38
84	39
84	40
84	41
84	42
84	43
84	44
84	45
84	46
84	53
84	54
84	65
84	68
84	69
84	70
84	71
84	72
84	73
84	75
84	76
84	77
84	78
84	79
84	80
84	81
84	82
84	83
84	91
84	92
84	93
84	94
84	95
84	96
84	97
84	98
84	99
84	100
84	105
84	106
84	107
84	108
84	109
84	111
84	112
84	113
84	114
84	116
84	117
84	118
84	120
84	121
84	122
84	123
84	125
84	126
85	0
85	1
85	2
85	3
85	4
85	6
85	7
85	8
85	9
85	10
85	11
85	12
85	13
85	14
85	15
85	16
85	17
85	18
85	19
85	20
85	21
85	22
85	23
85	32
85	33
85	34
85	35
85	36
85	37
85	38
85	39
85	40
85	41
85	42
85	44
85	52
85	53
85	54
85	58
85	69
85	70
85	71
85	72
85	73
85	74
85	75
85	76
85	77
85	78
85	79
85	80
85	81
85	82
85	83
85	92
85	93
85	94
85	95
85	96
85	97
85	98
85	99
85	100
85	105
85	106
85	107
85	108
85	109
85	111
85	112
85	113
85	114
85	115
85	120
85	121
85	122
85	123
85	124
85	125
85	126
85	127
86	0
86	1
86	2
86	3
86	4
86	5
86	6
86	7
86	8
86	9
86	10
86	11
86	12
86	13
86	14
86	15
86	16
86	17
86	18
86	19
86	20
86	23
86	32
86	35
86	36
86	37
86	38
86	39
86	40
86	41
86	44
86	45
86	50
86	52
86	53
86	54
86	55
86	64
86	65
86	69
86	70
86	71
86	72
86	73
86	74
86	75
86	76
86	77
86	78
86	79
86	80
86	81
86	82
86	83
86	93
86	94
86	96
86	97
86	99
86	100
86	105
86	106
86	107
86	108
86	109
86	110
86	111
86	112
86	113
86	115
86	119
86	120
86	121
86	122
86	123
86	124
86	125
86	126
86	127
87	0
87	1
87	7
87	8
87	10
87	11
87	12
87	13
87	14
87	15
87	16
87	18
87	25
87	27
87	33
87	37
87	38
87	39
87	40
87	41
87	42
87	43
87	44
87	45
87	46
87	47
87	54
87	55
87	56
87	69
87	70
87	71
87	72
87	73
87	74
87	78
87	79
87	80
87	81
87	82
87	83
87	92
87	93
87	94
87	95
87	96
87	97
87	98
87	99
87	100
87	101
87	105
87	106
87	107
87	108
87	109
87	110
87	111
87	112
87	113
87	120
87	121
87	122
87	123
87	124
87	126
87	127
88	0
88	1
88	6
88	7
88	8
88	9
88	10
88	11
88	12
88	13
88	14
88	15
88	16
88	27
88	29
88	30
88	31
88	37
88	38
88	39
88	40
88	41
88	42
88	43
88	44
88	49
88	50
88	55
88	59
88	66
88	67
88	68
88	71
88	72
88	73
88	77
88	78
88	79
88	80
88	81
88	82
88	83
88	84
88	85
88	90
88	92
88	93
88	94
88	95
88	96
88	97
88	98
88	99
88	100
88	105
88	106
88	107
88	108
88	109
88	110
88	111
88	120
88	121
88	122
88	123
88	124
88	126
88	127
89	5
89	6
89	7
89	8
89	9
89	10
89	11
89	12
89	13
89	14
89	15
89	16
89	17
89	18
89	19
89	27
89	28
89	29
89	30
89	31
89	32
89	33
89	37
89	38
89	39
89	40
89	41
89	43
89	44
89	50
89	66
89	68
89	69
89	70
89	71
89	72
89	73
89	74
89	75
89	78
89	79
89	80
89	81
89	82
89	83
89	92
89	93
89	95
89	96
89	97
89	98
89	99
89	100
89	106
89	107
89	108
89	109
89	110
89	111
89	112
89	115
89	120
89	121
89	124
89	127
90	3
90	4
90	5
90	6
90	7
90	8
90	9
90	10
90	11
90	12
90	13
90	14
90	15
90	16
90	17
90	18
90	19
90	20
90	27
90	28
90	29
90	30
90	31
90	37
90	38
90	40
90	41
90	42
90	43
90	44
90	52
90	54
90	61
90	66
90	67
90	68
90	70
90	71
90	74
90	75
90	80
90	81
90	82
90	83
90	84
90	85
90	86
90	88
90	89
90	95
90	96
90	97
90	98
90	99
90	100
90	101
90	102
90	103
90	104
90	105
90	106
90	110
90	111
90	112
90	113
90	118
90	120
91	4
91	5
91	6
91	7
91	8
91	9
91	10
91	11
91	12
91	13
91	14
91	15
91	16
91	17
91	18
91	30
91	31
91	33
91	38
91	40
91	41
91	42
91	46
91	70
91	71
91	73
91	77
91	80
91	81
91	82
91	83
91	84
91	85
91	86
91	88
91	89
91	93
91	94
91	95
91	96
91	97
91	98
91	99
91	100
91	101
91	102
91	103
91	105
91	110
91	111
91	112
91	113
91	121
91	122
91	123
92	4
92	5
92	6
92	7
92	8
92	9
92	10
92	11
92	12
92	13
92	14
92	15
92	16
92	17
92	18
92	27
92	31
92	32
92	34
92	38
92	39
92	43
92	44
92	46
92	61
92	64
92	69
92	70
92	71
92	72
92	77
92	78
92	79
92	80
92	81
92	82
92	83
92	84
92	85
92	86
92	87
92	88
92	89
92	93
92	96
92	97
92	98
92	99
92	100
92	101
92	102
92	106
92	108
92	111
92	112
92	113
92	121
92	126
92	127
93	2
93	3
93	4
93	5
93	7
93	8
93	9
93	10
93	13
93	14
93	15
93	16
93	35
93	37
93	38
93	39
93	43
93	51
93	58
93	70
93	71
93	72
93	73
93	76
93	77
93	78
93	79
93	80
93	81
93	82
93	83
93	84
93	85
93	86
93	89
93	90
93	97
93	98
93	99
93	100
93	101
93	102
93	106
93	109
93	111
93	119
93	126
94	6
94	7
94	8
94	13
94	14
94	15
94	16
94	17
94	23
94	34
94	35
94	36
94	37
94	45
94	46
94	47
94	51
94	62
94	69
94	73
94	74
94	76
94	79
94	80
94	81
94	82
94	83
94	84
94	85
94	87
94	90
94	91
94	92
94	99
94	100
94	101
94	102
94	109
95	2
95	4
95	6
95	7
95	8
95	12
95	13
95	14
95	15
95	17
95	19
95	28
95	29
95	34
95	35
95	36
95	37
95	44
95	45
95	46
95	47
95	49
95	50
95	51
95	63
95	64
95	73
95	80
95	82
95	83
95	84
95	85
95	86
95	87
95	88
95	89
95	90
95	98
95	99
95	100
95	101
95	102
95	103
95	104
95	106
95	109
95	123
96	2
96	4
96	6
96	7
96	12
96	13
96	15
96	18
96	19
96	20
96	22
96	33
96	34
96	35
96	36
96	37
96	39
96	44
96	45
96	49
96	51
96	56
96	57
96	63
96	64
96	65
96	66
96	79
96	83
96	84
96	85
96	86
96	87
96	88
96	89
96	90
96	100
96	101
96	102
96	103
96	104
96	105
96	116
96	117
96	123
97	3
97	4
97	5
97	6
97	8
97	13
97	18
97	19
97	32
97	33
97	34
97	35
97	36
97	37
97	38
97	39
97	40
97	44
97	45
97	48
97	49
97	52
97	55
97	56
97	62
97	65
97	68
97	82
97	83
97	84
97	85
97	86
97	87
97	88
97	89
97	90
97	91
97	92
97	93
97	99
97	100
97	101
97	102
97	103
97	104
97	105
98	6
98	8
98	15
98	17
98	31
98	33
98	34
98	35
98	36
98	37
98	38
98	39
98	40
98	41
98	42
98	50
98	65
98	78
98	79
98	82
98	83
98	84
98	85
98	86
98	87
98	88
98	89
98	90
98	91
98	92
98	93
98	94
98	95
98	97
98	98
98	99
98	100
98	101
98	102
98	103
98	122
98	123
98	124
98	125
99	0
99	3
99	4
99	5
99	6
99	7
99	12
99	13
99	21
99	22
99	23
99	31
99	32
99	33
99	34
99	35
99	36
99	37
99	38
99	39
99	40
99	41
99	42
99	55
99	59
99	62
99	63
99	72
99	76
99	78
99	79
99	83
99	84
99	85
99	86
99	87
99	88
99	89
99	90
99	91
99	92
99	93
99	94
99	95
99	97
99	98
99	100
99	101
99	102
99	103
99	106
99	107
99	118
99	126
100	0
100	1
100	2
100	3
100	4
100	5
100	6
100	7
100	10
100	15
100	16
100	25
100	31
100	32
100	33
100	35
100	36
100	37
100	43
100	44
100	48
100	49
100	59
100	62
100	63
100	78
100	83
100	84
100	85
100	86
100	87
100	88
100	89
100	90
100	91
100	92
100	93
100	94
100	95
100	96
100	97
100	98
100	99
100	100
100	101
100	102
100	103
100	104
100	105
100	106
100	107
100	108
100	109
100	126
101	0
101	3
101	4
101	5
101	6
101	7
101	8
101	9
101	10
101	11
101	12
101	30
101	31
101	32
101	33
101	34
101	35
101	36
101	37
101	43
101	44
101	48
101	51
101	52
101	57
101	59
101	62
101	63
101	64
101	74
101	84
101	85
101	86
101	87
101	88
101	89
101	90
101	91
101	92
101	93
101	94
101	95
101	96
101	97
101	98
101	99
101	100
101	101
101	102
101	103
101	104
101	105
101	106
101	108
101	110
101	111
101	125
101	126
101	127
102	0
102	3
102	4
102	5
102	6
102	7
102	8
102	9
102	10
102	11
102	12
102	13
102	16
102	17
102	21
102	26
102	29
102	30
102	33
102	34
102	35
102	36
102	43
102	44
102	45
102	46
102	57
102	63
102	64
102	67
102	70
102	72
102	74
102	75
102	76
102	82
102	83
102	84
102	85
102	86
102	87
102	88
102	89
102	90
102	91
102	92
102	93
102	94
102	95
102	96
102	97
102	98
102	99
102	100
102	102
102	103
102	104
102	105
102	106
102	110
102	112
102	114
102	117
102	122
102	125
102	126
102	127
103	0
103	1
103	2
103	4
103	6
103	7
103	9
103	12
103	19
103	26
103	29
103	30
103	31
103	32
103	33
103	34
103	35
103	36
103	39
103	46
103	48
103	57
103	59
103	62
103	66
103	67
103	68
103	70
103	74
103	75
103	76
103	81
103	82
103	84
103	85
103	86
103	87
103	88
103	89
103	90
103	91
103	92
103	93
103	94
103	95
103	96
103	97
103	98
103	99
103	100
103	103
103	104
103	105
103	106
103	108
103	109
103	120
103	122
103	125
103	126
103	127
104	1
104	2
104	4
104	9
104	10
104	11
104	16
104	19
104	20
104	21
104	26
104	30
104	31
104	32
104	33
104	34
104	35
104	36
104	37
104	38
104	39
104	40
104	41
104	46
104	47
104	48
104	50
104	76
104	81
104	84
104	85
104	86
104	87
104	88
104	89
104	90
104	91
104	92
104	93
104	94
104	95
104	96
104	97
104	98
104	99
104	100
104	101
104	103
104	104
104	105
104	106
104	108
104	109
104	111
104	112
104	114
104	115
104	116
104	120
104	121
104	122
104	123
104	124
104	125
104	126
104	127
105	0
105	1
105	2
105	3
105	8
105	14
105	15
105	16
105	20
105	21
105	24
105	25
105	26
105	27
105	28
105	29
105	30
105	32
105	33
105	34
105	35
105	36
105	41
105	42
105	45
105	46
105	47
105	48
105	55
105	73
105	74
105	75
105	78
105	81
105	84
105	85
105	86
105	87
105	88
105	89
105	90
105	91
105	92
105	93
105	94
105	95
105	96
105	97
105	98
105	99
105	100
105	101
105	102
105	103
105	104
105	105
105	106
105	107
105	108
105	109
105	110
105	111
105	114
105	115
105	116
105	125
105	126
105	127
106	0
106	1
106	2
106	3
106	14
106	15
106	16
106	17
106	20
106	21
106	24
106	25
106	27
106	28
106	29
106	30
106	31
106	32
106	33
106	34
106	35
106	36
106	37
106	38
106	40
106	41
106	42
106	43
106	45
106	46
106	47
106	48
106	49
106	75
106	76
106	77
106	80
106	84
106	85
106	86
106	87
106	88
106	89
106	90
106	91
106	92
106	93
106	94
106	95
106	96
106	97
106	98
106	100
106	101
106	102
106	103
106	105
106	106
106	107
106	108
106	109
106	110
106	111
106	112
106	113
106	114
106	115
106	117
106	122
106	124
106	125
106	126
106	127
107	0
107	1
107	2
107	3
107	5
107	13
107	14
107	15
107	16
107	17
107	18
107	23
107	24
107	25
107	28
107	29
107	31
107	32
107	33
107	34
107	35
107	36
107	37
107	38
107	39
107	40
107	41
107	42
107	43
107	44
107	45
107	46
107	47
107	48
107	49
107	50
107	51
107	53
107	54
107	55
107	59
107	64
107	69
107	75
107	76
107	79
107	80
107	83
107	84
107	85
107	87
107	88
107	89
107	90
107	91
107	92
107	93
107	94
107	95
107	96
107	97
107	98
107	100
107	101
107	105
107	106
107	107
107	108
107	109
107	110
107	111
107	112
107	113
107	118
107	119
107	125
107	126
107	127
108	0
108	1
108	10
108	11
108	12
108	13
108	14
108	15
108	16
108	17
108	18
108	19
108	20
108	21
108	25
108	28
108	32
108	34
108	35
108	36
108	37
108	38
108	39
108	40
108	41
108	42
108	43
108	44
108	46
108	47
108	48
108	49
108	50
108	51
108	52
108	53
108	54
108	55
108	56
108	59
108	63
108	69
108	76
108	80
108	82
108	83
108	84
108	85
108	86
108	87
108	88
108	89
108	91
108	92
108	96
108	97
108	98
108	99
108	100
108	101
108	105
108	106
108	107
108	108
108	109
108	110
108	111
108	112
108	113
108	114
108	118
108	119
108	120
108	122
108	125
108	126
108	127
109	0
109	9
109	10
109	11
109	12
109	13
109	14
109	15
109	16
109	18
109	19
109	20
109	21
109	25
109	30
109	31
109	32
109	34
109	35
109	37
109	38
109	40
109	41
109	42
109	43
109	44
109	46
109	47
109	48
109	50
109	51
109	52
109	53
109	54
109	55
109	56
109	59
109	60
109	61
109	63
109	64
109	66
109	68
109	73
109	74
109	76
109	77
109	78
109	80
109	81
109	82
109	84
109	88
109	89
109	90
109	91
109	92
109	94
109	96
109	98
109	99
109	100
109	101
109	102
109	103
109	108
109	109
109	110
109	111
109	112
109	113
109	115
109	116
109	117
109	118
109	119
109	120
109	121
109	122
109	123
109	125
109	126
109	127
110	0
110	11
110	12
110	13
110	14
110	15
110	16
110	18
110	19
110	28
110	34
110	35
110	40
110	42
110	43
110	44
110	45
110	46
110	47
110	48
110	52
110	53
110	54
110	55
110	56
110	57
110	59
110	60
110	61
110	62
110	63
110	74
110	75
110	76
110	77
110	78
110	79
110	82
110	86
110	88
110	89
110	90
110	91
110	92
110	93
110	94
110	99
110	107
110	108
110	109
110	110
110	111
110	112
110	113
110	114
110	115
110	117
110	118
110	119
110	121
110	122
110	123
110	124
110	127
111	0
111	12
111	13
111	14
111	15
111	16
111	18
111	19
111	21
111	22
111	32
111	35
111	40
111	43
111	44
111	45
111	46
111	53
111	54
111	55
111	56
111	57
111	58
111	59
111	60
111	61
111	62
111	63
111	72
111	73
111	74
111	75
111	76
111	77
111	78
111	79
111	80
111	82
111	86
111	88
111	89
111	90
111	91
111	92
111	93
111	98
111	104
111	105
111	106
111	107
111	108
111	109
111	110
111	111
111	112
111	113
111	115
111	118
111	119
111	121
111	123
111	124
111	126
111	127
112	0
112	1
112	2
112	10
112	11
112	12
112	13
112	14
112	15
112	16
112	17
112	18
112	19
112	22
112	25
112	40
112	41
112	42
112	43
112	44
112	45
112	46
112	47
112	52
112	53
112	54
112	55
112	57
112	58
112	59
112	60
112	62
112	63
112	64
112	72
112	73
112	74
112	75
112	76
112	77
112	78
112	79
112	83
112	86
112	89
112	90
112	91
112	92
112	93
112	104
112	105
112	106
112	107
112	109
112	110
112	111
112	112
112	115
112	121
112	122
112	123
112	124
112	125
112	126
112	127
113	0
113	5
113	6
113	9
113	10
113	11
113	12
113	13
113	15
113	16
113	17
113	18
113	19
113	22
113	24
113	25
113	30
113	40
113	41
113	42
113	45
113	46
113	47
113	52
113	53
113	54
113	55
113	56
113	57
113	58
113	59
113	60
113	61
113	62
113	63
113	69
113	73
113	74
113	75
113	76
113	77
113	78
113	86
113	91
113	92
113	96
113	97
113	103
113	104
113	105
113	106
113	107
113	109
113	110
113	111
113	112
113	115
113	122
113	123
113	124
113	126
113	127
114	2
114	3
114	9
114	10
114	11
114	12
114	13
114	15
114	16
114	17
114	18
114	19
114	24
114	44
114	45
114	46
114	47
114	49
114	53
114	54
114	55
114	56
114	57
114	58
114	59
114	60
114	61
114	71
114	72
114	73
114	74
114	75
114	77
114	85
114	86
114	87
114	95
114	96
114	97
114	98
114	100
114	104
114	105
114	106
114	107
114	118
114	123
114	124
115	2
115	3
115	9
115	11
115	12
115	13
115	14
115	15
115	16
115	17
115	18
115	21
115	24
115	25
115	28
115	32
115	33
115	34
115	45
115	47
115	52
115	55
115	56
115	57
115	58
115	59
115	60
115	62
115	65
115	71
115	72
115	73
115	74
115	75
115	76
115	77
115	96
115	97
115	99
115	100
115	119
115	120
115	127
116	11
116	12
116	13
116	15
116	17
116	18
116	20
116	21
116	24
116	25
116	33
116	34
116	52
116	55
116	56
116	57
116	58
116	59
116	60
116	65
116	68
116	71
116	72
116	73
116	74
116	75
116	76
116	92
116	96
116	97
116	100
116	113
116	114
116	115
116	118
116	122
116	123
116	127
117	1
117	12
117	13
117	14
117	15
117	16
117	17
117	18
117	19
117	20
117	37
117	42
117	47
117	48
117	52
117	54
117	56
117	57
117	58
117	59
117	60
117	61
117	62
117	71
117	72
117	73
117	74
117	75
117	78
117	79
117	93
117	96
117	98
117	99
117	100
117	113
117	114
117	115
117	123
118	2
118	5
118	7
118	10
118	14
118	15
118	16
118	17
118	18
118	19
118	20
118	31
118	32
118	38
118	39
118	42
118	44
118	47
118	54
118	55
118	56
118	57
118	60
118	61
118	62
118	71
118	72
118	73
118	74
118	75
118	76
118	77
118	78
118	79
118	85
118	86
118	96
118	97
118	98
118	100
118	107
118	109
118	113
118	114
118	115
119	0
119	4
119	5
119	6
119	7
119	14
119	15
119	16
119	17
119	18
119	19
119	28
119	31
119	38
119	39
119	42
119	43
119	44
119	54
119	55
119	56
119	57
119	61
119	62
119	71
119	73
119	74
119	75
119	83
119	85
119	86
119	93
119	95
119	98
119	104
119	107
119	108
119	115
119	116
119	117
119	118
120	12
120	15
120	16
120	17
120	18
120	23
120	24
120	31
120	32
120	41
120	42
120	43
120	44
120	49
120	50
120	51
120	53
120	55
120	56
120	57
120	70
120	71
120	74
120	75
120	76
120	80
120	81
120	91
120	92
120	93
120	94
120	95
120	99
120	100
120	102
120	104
120	105
120	106
120	107
120	113
120	114
120	115
120	116
120	117
121	1
121	5
121	6
121	7
121	11
121	14
121	15
121	16
121	17
121	18
121	29
121	30
121	31
121	32
121	36
121	42
121	43
121	44
121	48
121	49
121	50
121	58
121	69
121	70
121	71
121	74
121	75
121	76
121	78
121	85
121	86
121	93
121	94
121	95
121	96
121	101
121	102
121	109
121	112
121	113
121	114
121	115
121	116
121	117
121	122
122	0
122	1
122	2
122	6
122	8
122	9
122	15
122	16
122	17
122	18
122	27
122	29
122	38
122	42
122	44
122	57
122	60
122	70
122	73
122	85
122	86
122	89
122	96
122	97
122	101
122	102
122	108
122	109
122	115
122	116
122	117
122	118
123	4
123	5
123	6
123	7
123	8
123	9
123	10
123	11
123	12
123	16
123	17
123	18
123	21
123	22
123	27
123	33
123	34
123	35
123	36
123	37
123	42
123	49
123	53
123	57
123	58
123	61
123	62
123	64
123	70
123	71
123	72
123	86
123	87
123	88
123	89
123	91
123	92
123	97
123	100
123	105
123	108
123	112
123	117
123	118
124	3
124	4
124	5
124	6
124	7
124	8
124	9
124	10
124	11
124	12
124	14
124	15
124	16
124	17
124	18
124	21
124	27
124	37
124	39
124	41
124	42
124	45
124	46
124	47
124	48
124	49
124	50
124	51
124	52
124	54
124	55
124	59
124	60
124	61
124	62
124	64
124	68
124	70
124	80
124	81
124	87
124	92
124	93
124	100
124	107
124	108
125	2
125	3
125	4
125	5
125	6
125	7
125	8
125	10
125	11
125	12
125	13
125	14
125	15
125	16
125	17
125	18
125	19
125	41
125	42
125	46
125	47
125	48
125	49
125	50
125	52
125	53
125	54
125	61
125	62
125	64
125	66
125	75
125	80
125	81
125	86
125	87
125	104
125	105
125	106
125	107
125	110
125	111
126	4
126	5
126	6
126	7
126	8
126	9
126	11
126	12
126	13
126	14
126	15
126	16
126	17
126	18
126	25
126	27
126	28
126	29
126	30
126	36
126	37
126	42
126	46
126	47
126	48
126	49
126	50
126	53
126	54
126	62
126	63
126	64
126	65
126	73
126	75
126	85
126	86
126	87
126	96
126	99
126	103
126	104
126	105
126	108
126	116
127	2
127	4
127	7
127	8
127	9
127	11
127	12
127	13
127	14
127	15
127	16
127	17
127	18
127	23
127	34
127	35
127	36
127	37
127	38
127	42
127	43
127	45
127	46
127	47
127	48
127	49
127	50
127	63
127	65
127	72
127	73
127	74
127	75
127	79
127	84
127	85
127	86
127	87
127	88
127	96
127	97
127	99
127	100
127	102
127	103
127	104
127	107
127	116
127	122
127	125
