size	128
T	2.5
J	1
H	0
x	y
0	0
0	1
0	3
0	12
0	13
0	14
0	15
0	16
0	18
0	20
0	21
0	22
0	33
0	34
0	35
0	36
0	54
0	55
0	56
0	57
0	63
0	64
0	67
0	68
0	69
0	71
0	72
0	73
0	75
0	81
0	82
0	83
0	86
0	94
0	95
0	96
0	103
0	104
0	109
0	110
0	111
0	112
0	113
0	114
0	115
0	116
0	117
0	118
0	119
0	120
0	121
0	123
0	124
0	125
0	126
0	127
1	0
1	1
1	2
1	6
1	7
1	11
1	12
1	13
1	14
1	15
1	16
1	18
1	20
1	21
1	22
1	25
1	33
1	34
1	35
1	36
1	42
1	52
1	53
1	54
1	55
1	56
1	57
1	58
1	63
1	64
1	66
1	67
1	68
1	71
1	75
1	76
1	81
1	82
1	83
1	85
1	95
1	108
1	109
1	110
1	111
1	113
1	114
1	115
1	116
1	117
1	118
1	119
1	120
1	121
1	125
1	126
1	127
2	0
2	1
2	2
2	3
2	4
2	5
2	6
2	7
2	8
2	9
2	10
2	11
2	12
2	13
2	14
2	15
2	16
2	17
2	18
2	19
2	20
2	21
2	22
2	24
2	25
2	36
2	41
2	46
2	53
2	54
2	55
2	56
2	57
2	58
2	64
2	65
2	66
2	67
2	68
2	69
2	70
2	71
2	81
2	82
2	83
2	108
2	109
2	110
2	111
2	112
2	114
2	115
2	116
2	117
2	118
2	119
2	120
2	121
2	122
2	123
2	124
2	125
2	126
2	127
3	0
3	1
3	2
3	3
3	4
3	5
3	6
3	7
3	8
3	9
3	10
3	11
3	12
3	13
3	14
3	15
3	16
3	17
3	18
3	19
3	22
3	24
3	25
3	26
3	33
3	34
3	35
3	36
3	40
3	41
3	42
3	43
3	44
3	45
3	53
3	54
3	55
3	56
3	57
3	58
3	60
3	62
3	65
3	66
3	67
3	68
3	69
3	70
3	108
3	109
3	110
3	111
3	112
3	114
3	115
3	116
3	118
3	119
3	121
3	122
3	123
3	124
3	125
3	126
3	127
4	0
4	1
4	2
4	3
4	4
4	5
4	6
4	7
4	8
4	9
4	10
4	11
4	12
4	13
4	14
4	15
4	16
4	17
4	18
4	19
4	20
4	21
4	22
4	23
4	24
4	25
4	26
4	34
4	35
4	38
4	39
4	40
4	41
4	42
4	43
4	44
4	53
4	54
4	55
4	56
4	57
4	59
4	60
4	61
4	62
4	66
4	70
4	71
4	79
4	80
4	98
4	99
4	102
4	107
4	108
4	109
4	110
4	111
4	112
4	113
4	114
4	115
4	116
4	117
4	118
4	119
4	123
4	124
4	125
4	127
5	2
5	4
5	5
5	6
5	7
5	8
5	9
5	11
5	13
5	14
5	15
5	16
5	17
5	18
5	19
5	20
5	21
5	22
5	23
5	24
5	25
5	28
5	29
5	30
5	31
5	32
5	33
5	34
5	35
5	36
5	37
5	39
5	40
5	41
5	42
5	43
5	44
5	45
5	46
5	49
5	50
5	53
5	54
5	55
5	56
5	57
5	60
5	61
5	63
5	72
5	73
5	74
5	79
5	80
5	92
5	110
5	111
5	112
5	113
5	114
5	115
5	116
5	117
5	118
5	119
5	121
5	123
5	124
5	125
5	126
5	127
6	2
6	3
6	4
6	5
6	6
6	7
6	8
6	13
6	14
6	15
6	16
6	17
6	18
6	19
6	20
6	21
6	22
6	23
6	24
6	25
6	26
6	27
6	29
6	30
6	31
6	32
6	34
6	35
6	36
6	37
6	40
6	41
6	42
6	43
6	44
6	45
6	46
6	47
6	48
6	49
6	50
6	54
6	55
6	56
6	57
6	58
6	59
6	60
6	65
6	69
6	73
6	92
6	93
6	101
6	107
6	109
6	110
6	111
6	112
6	113
6	114
6	115
6	116
6	117
6	118
6	119
6	121
6	123
6	124
6	125
6	126
6	127
7	0
7	2
7	3
7	4
7	5
7	6
7	7
7	15
7	16
7	17
7	18
7	19
7	20
7	21
7	22
7	23
7	24
7	25
7	26
7	27
7	28
7	29
7	30
7	31
7	32
7	33
7	34
7	35
7	36
7	37
7	40
7	43
7	44
7	45
7	46
7	47
7	48
7	49
7	50
7	54
7	55
7	56
7	57
7	58
7	59
7	60
7	61
7	65
7	75
7	89
7	92
7	103
7	104
7	107
7	108
7	109
7	110
7	111
7	112
7	114
7	115
7	116
7	117
7	124
7	125
7	126
7	127
8	0
8	1
8	2
8	3
8	4
8	10
8	11
8	16
8	17
8	18
8	19
8	20
8	21
8	22
8	23
8	24
8	25
8	26
8	27
8	28
8	29
8	30
8	31
8	32
8	33
8	34
8	35
8	36
8	37
8	43
8	44
8	45
8	46
8	47
8	48
8	54
8	55
8	56
8	57
8	58
8	73
8	74
8	75
8	76
8	77
8	84
8	104
8	105
8	106
8	108
8	109
8	110
8	111
8	112
8	113
8	114
8	115
8	124
8	125
8	126
8	127
9	0
9	1
9	2
9	3
9	4
9	5
9	7
9	11
9	22
9	23
9	24
9	25
9	26
9	27
9	28
9	29
9	30
9	31
9	32
9	33
9	34
9	35
9	36
9	37
9	43
9	44
9	45
9	46
9	54
9	55
9	56
9	57
9	58
9	68
9	69
9	70
9	72
9	73
9	74
9	75
9	76
9	84
9	85
9	89
9	100
9	106
9	108
9	109
9	110
9	111
9	112
9	113
9	114
9	125
9	126
9	127
10	0
10	1
10	2
10	3
10	4
10	5
10	6
10	7
10	9
10	10
10	11
10	13
10	14
10	15
10	22
10	24
10	25
10	26
10	27
10	28
10	29
10	30
10	32
10	33
10	34
10	35
10	36
10	37
10	41
10	42
10	43
10	44
10	45
10	46
10	47
10	50
10	51
10	52
10	54
10	55
10	58
10	59
10	60
10	70
10	72
10	73
10	74
10	75
10	76
10	77
10	84
10	85
10	89
10	105
10	106
10	107
10	108
10	109
10	110
10	111
10	112
10	113
10	114
10	122
10	123
10	124
10	125
10	126
10	127
11	0
11	2
11	3
11	4
11	5
11	6
11	7
11	8
11	9
11	10
11	15
11	17
11	24
11	25
11	26
11	27
11	28
11	29
11	30
11	31
11	32
11	33
11	34
11	35
11	36
11	37
11	38
11	42
11	43
11	45
11	46
11	47
11	50
11	51
11	52
11	55
11	56
11	57
11	58
11	59
11	60
11	62
11	63
11	64
11	70
11	71
11	72
11	73
11	76
11	84
11	93
11	104
11	105
11	106
11	107
11	108
11	109
11	110
11	111
11	112
11	113
11	114
11	115
11	116
11	117
11	121
11	122
11	123
11	124
11	125
11	126
11	127
12	0
12	1
12	2
12	3
12	4
12	5
12	6
12	8
12	9
12	24
12	25
12	26
12	27
12	28
12	29
12	30
12	31
12	32
12	33
12	34
12	35
12	36
12	37
12	38
12	41
12	42
12	45
12	46
12	47
12	48
12	50
12	51
12	52
12	53
12	57
12	58
12	59
12	60
12	61
12	62
12	63
12	73
12	74
12	76
12	99
12	100
12	102
12	103
12	104
12	105
12	106
12	107
12	109
12	110
12	111
12	112
12	113
12	114
12	117
12	119
12	120
12	122
12	123
12	124
12	125
12	126
12	127
13	0
13	1
13	2
13	3
13	4
13	9
13	11
13	25
13	26
13	28
13	29
13	32
13	34
13	35
13	36
13	37
13	38
13	39
13	40
13	41
13	42
13	45
13	46
13	47
13	48
13	49
13	50
13	51
13	53
13	58
13	59
13	60
13	73
13	74
13	75
13	78
13	102
13	103
13	105
13	107
13	108
13	109
13	110
13	111
13	113
13	114
13	116
13	117
13	118
13	119
13	120
13	121
13	122
13	123
13	124
13	125
13	126
13	127
14	0
14	3
14	6
14	7
14	12
14	13
14	23
14	29
14	30
14	31
14	34
14	35
14	36
14	37
14	38
14	39
14	40
14	41
14	45
14	46
14	47
14	48
14	49
14	50
14	51
14	52
14	53
14	54
14	59
14	60
14	71
14	72
14	73
14	74
14	75
14	77
14	78
14	79
14	80
14	81
14	82
14	83
14	84
14	104
14	107
14	108
14	109
14	110
14	111
14	112
14	113
14	114
14	115
14	116
14	117
14	118
14	119
14	120
14	121
14	123
14	124
14	125
14	126
15	7
15	21
15	28
15	30
15	32
15	33
15	34
15	35
15	36
15	37
15	38
15	39
15	40
15	41
15	42
15	44
15	45
15	46
15	47
15	48
15	49
15	50
15	51
15	52
15	53
15	54
15	59
15	60
15	72
15	75
15	76
15	77
15	78
15	79
15	80
15	81
15	82
15	83
15	84
15	85
15	86
15	105
15	106
15	107
15	108
15	109
15	110
15	111
15	112
15	113
15	114
15	115
15	116
15	117
15	118
15	119
15	120
15	125
16	0
16	3
16	7
16	12
16	21
16	24
16	29
16	30
16	31
16	35
16	36
16	38
16	39
16	40
16	41
16	42
16	43
16	44
16	45
16	47
16	48
16	49
16	50
16	51
16	52
16	53
16	54
16	55
16	56
16	59
16	60
16	62
16	66
16	75
16	76
16	77
16	78
16	79
16	80
16	81
16	82
16	83
16	85
16	86
16	93
16	94
16	95
16	96
16	97
16	102
16	105
16	106
16	111
16	112
16	115
16	116
16	117
16	120
16	121
16	122
17	1
17	2
17	21
17	22
17	23
17	24
17	25
17	27
17	28
17	29
17	30
17	31
17	32
17	35
17	39
17	40
17	41
17	42
17	43
17	44
17	45
17	46
17	47
17	48
17	49
17	50
17	51
17	52
17	53
17	54
17	55
17	56
17	57
17	58
17	59
17	64
17	65
17	70
17	71
17	72
17	73
17	74
17	75
17	76
17	77
17	79
17	80
17	81
17	82
17	83
17	93
17	94
17	95
17	96
17	102
17	109
17	111
17	115
17	116
17	117
17	118
17	119
17	120
17	121
17	122
18	1
18	3
18	17
18	21
18	23
18	24
18	25
18	27
18	28
18	30
18	31
18	32
18	33
18	34
18	35
18	37
18	38
18	39
18	40
18	41
18	43
18	44
18	45
18	46
18	47
18	49
18	50
18	51
18	53
18	54
18	56
18	57
18	58
18	59
18	60
18	62
18	63
18	64
18	65
18	66
18	67
18	69
18	70
18	71
18	72
18	73
18	74
18	75
18	76
18	77
18	78
18	79
18	80
18	82
18	83
18	93
18	94
18	95
18	96
18	97
18	98
18	99
18	100
18	102
18	103
18	104
18	105
18	109
18	110
18	114
18	115
18	116
18	117
18	118
18	119
18	120
18	121
18	122
19	0
19	1
19	2
19	3
19	4
19	13
19	28
19	29
19	30
19	31
19	32
19	33
19	34
19	35
19	37
19	38
19	39
19	40
19	41
19	42
19	43
19	44
19	45
19	46
19	47
19	48
19	49
19	50
19	51
19	52
19	53
19	54
19	55
19	56
19	57
19	58
19	63
19	64
19	65
19	66
19	68
19	69
19	70
19	71
19	72
19	73
19	74
19	75
19	76
19	77
19	78
19	79
19	81
19	83
19	84
19	85
19	93
19	94
19	95
19	96
19	97
19	98
19	99
19	100
19	101
19	102
19	103
19	104
19	105
19	108
19	109
19	110
19	117
19	118
19	119
19	120
19	121
19	122
19	123
19	126
19	127
20	0
20	1
20	2
20	3
20	4
20	22
20	27
20	28
20	29
20	30
20	31
20	32
20	33
20	34
20	37
20	38
20	40
20	41
20	45
20	46
20	47
20	48
20	49
20	50
20	51
20	52
20	53
20	54
20	55
20	56
20	57
20	58
20	59
20	61
20	62
20	63
20	64
20	65
20	70
20	71
20	72
20	73
20	74
20	75
20	76
20	77
20	78
20	81
20	82
20	83
20	84
20	86
20	93
20	94
20	95
20	96
20	97
20	98
20	99
20	100
20	101
20	102
20	103
20	104
20	105
20	106
20	110
20	111
20	117
20	118
20	119
20	120
20	121
20	122
20	123
20	124
20	125
20	126
20	127
21	0
21	1
21	2
21	4
21	5
21	11
21	12
21	20
21	22
21	23
21	28
21	29
21	30
21	31
21	32
21	34
21	35
21	37
21	38
21	41
21	43
21	44
21	45
21	46
21	47
21	48
21	49
21	50
21	51
21	52
21	53
21	54
21	55
21	59
21	60
21	61
21	62
21	63
21	64
21	65
21	66
21	70
21	71
21	72
21	73
21	74
21	75
21	76
21	77
21	84
21	86
21	93
21	94
21	95
21	96
21	97
21	98
21	99
21	100
21	101
21	102
21	103
21	104
21	105
21	106
21	111
21	115
21	116
21	117
21	118
21	122
21	123
21	124
21	125
21	126
21	127
22	0
22	1
22	2
22	4
22	5
22	6
22	7
22	8
22	9
22	11
22	28
22	29
22	30
22	31
22	32
22	33
22	34
22	35
22	36
22	37
22	38
22	40
22	41
22	42
22	43
22	44
22	45
22	46
22	47
22	48
22	51
22	52
22	53
22	54
22	57
22	58
22	59
22	60
22	61
22	62
22	63
22	65
22	66
22	67
22	69
22	70
22	71
22	72
22	73
22	74
22	75
22	76
22	82
22	84
22	85
22	86
22	93
22	94
22	95
22	97
22	98
22	99
22	100
22	101
22	102
22	103
22	104
22	105
22	106
22	107
22	108
22	109
22	110
22	111
22	116
22	117
22	118
22	123
22	124
22	125
22	126
22	127
23	1
23	2
23	3
23	4
23	5
23	6
23	7
23	9
23	11
23	27
23	28
23	29
23	30
23	31
23	32
23	33
23	34
23	35
23	36
23	37
23	39
23	40
23	41
23	42
23	43
23	44
23	45
23	46
23	47
23	48
23	49
23	50
23	51
23	52
23	53
23	54
23	55
23	56
23	57
23	58
23	59
23	60
23	61
23	62
23	63
23	65
23	66
23	67
23	68
23	69
23	70
23	71
23	72
23	73
23	74
23	75
23	76
23	80
23	81
23	82
23	84
23	85
23	86
23	93
23	94
23	95
23	96
23	97
23	98
23	99
23	100
23	101
23	102
23	103
23	104
23	105
23	106
23	107
23	108
23	109
23	110
23	111
23	112
24	1
24	2
24	3
24	4
24	5
24	6
24	7
24	8
24	9
24	13
24	25
24	26
24	27
24	29
24	30
24	31
24	33
24	34
24	35
24	37
24	38
24	39
24	40
24	41
24	42
24	43
24	44
24	45
24	46
24	47
24	48
24	49
24	50
24	51
24	52
24	53
24	54
24	55
24	56
24	57
24	58
24	59
24	60
24	61
24	63
24	67
24	68
24	69
24	70
24	73
24	74
24	75
24	76
24	77
24	80
24	81
24	82
24	83
24	84
24	85
24	86
24	88
24	89
24	90
24	91
24	92
24	93
24	94
24	95
24	96
24	97
24	98
24	99
24	100
24	101
24	103
24	105
24	106
24	107
24	108
24	109
24	110
24	111
24	112
24	126
25	0
25	1
25	2
25	3
25	4
25	5
25	6
25	7
25	8
25	9
25	10
25	11
25	12
25	13
25	14
25	20
25	22
25	23
25	24
25	25
25	28
25	29
25	30
25	31
25	34
25	37
25	38
25	39
25	40
25	41
25	42
25	43
25	44
25	45
25	46
25	47
25	48
25	49
25	50
25	51
25	52
25	53
25	54
25	55
25	56
25	57
25	58
25	59
25	61
25	62
25	63
25	67
25	68
25	69
25	72
25	73
25	74
25	75
25	76
25	77
25	78
25	79
25	80
25	81
25	83
25	84
25	86
25	87
25	89
25	90
25	91
25	92
25	95
25	96
25	97
25	98
25	99
25	101
25	105
25	108
25	109
25	110
25	111
25	112
25	117
25	125
25	126
25	127
26	0
26	1
26	2
26	3
26	4
26	5
26	6
26	7
26	8
26	9
26	10
26	11
26	12
26	13
26	14
26	20
26	24
26	25
26	29
26	30
26	31
26	34
26	35
26	38
26	39
26	40
26	41
26	42
26	43
26	44
26	45
26	46
26	47
26	48
26	49
26	50
26	51
26	52
26	53
26	54
26	55
26	56
26	57
26	58
26	59
26	60
26	65
26	66
26	67
26	68
26	69
26	71
26	72
26	73
26	74
26	75
26	76
26	77
26	78
26	79
26	80
26	81
26	82
26	83
26	84
26	90
26	91
26	92
26	95
26	96
26	97
26	98
26	99
26	108
26	109
26	110
26	111
26	112
26	125
26	126
26	127
27	0
27	1
27	2
27	4
27	6
27	7
27	8
27	9
27	10
27	11
27	12
27	13
27	14
27	20
27	22
27	23
27	24
27	28
27	29
27	30
27	31
27	34
27	35
27	36
27	37
27	38
27	39
27	40
27	41
27	42
27	43
27	44
27	45
27	46
27	47
27	48
27	53
27	54
27	55
27	56
27	57
27	58
27	59
27	62
27	63
27	64
27	65
27	66
27	67
27	68
27	69
27	70
27	71
27	72
27	73
27	74
27	75
27	76
27	77
27	78
27	79
27	80
27	81
27	82
27	83
27	84
27	90
27	95
27	96
27	97
27	98
27	99
27	109
27	110
27	111
27	122
27	124
27	125
27	126
27	127
28	0
28	2
28	6
28	8
28	9
28	10
28	20
28	22
28	23
28	24
28	28
28	29
28	31
28	35
28	36
28	37
28	38
28	39
28	40
28	41
28	42
28	43
28	44
28	45
28	46
28	47
28	48
28	53
28	55
28	56
28	57
28	58
28	59
28	62
28	63
28	64
28	65
28	66
28	67
28	68
28	69
28	70
28	73
28	74
28	75
28	76
28	77
28	78
28	79
28	80
28	81
28	82
28	83
28	84
28	85
28	86
28	95
28	96
28	97
28	98
28	108
28	109
28	110
28	111
28	124
28	125
28	126
28	127
29	0
29	1
29	2
29	3
29	7
29	13
29	14
29	19
29	20
29	21
29	23
29	24
29	29
29	34
29	35
29	36
29	37
29	38
29	39
29	40
29	43
29	44
29	45
29	46
29	47
29	48
29	49
29	53
29	54
29	55
29	56
29	58
29	62
29	63
29	64
29	65
29	66
29	67
29	68
29	69
29	70
29	71
29	72
29	73
29	74
29	75
29	76
29	77
29	78
29	80
29	81
29	82
29	84
29	85
29	86
29	87
29	88
29	89
29	105
29	106
29	107
29	109
29	110
29	111
29	112
29	114
29	115
29	126
29	127
30	0
30	1
30	2
30	10
30	13
30	14
30	15
30	16
30	22
30	23
30	35
30	36
30	37
30	38
30	39
30	40
30	43
30	44
30	45
30	46
30	47
30	48
30	53
30	54
30	55
30	56
30	57
30	58
30	62
30	63
30	64
30	65
30	66
30	67
30	69
30	70
30	71
30	72
30	74
30	75
30	77
30	78
30	79
30	80
30	81
30	84
30	85
30	86
30	87
30	88
30	89
30	90
30	99
30	100
30	104
30	105
30	106
30	107
30	110
30	111
30	112
30	114
30	115
30	126
30	127
31	0
31	1
31	3
31	5
31	6
31	10
31	15
31	22
31	23
31	25
31	26
31	30
31	35
31	36
31	40
31	44
31	48
31	49
31	50
31	51
31	55
31	56
31	57
31	58
31	64
31	65
31	66
31	68
31	69
31	70
31	71
31	72
31	73
31	74
31	75
31	84
31	85
31	86
31	87
31	88
31	89
31	90
31	91
31	95
31	98
31	100
31	101
31	104
31	105
31	106
31	107
31	108
31	109
31	110
31	111
31	112
31	114
31	126
31	127
32	0
32	2
32	3
32	4
32	5
32	14
32	15
32	18
32	19
32	20
32	26
32	29
32	30
32	36
32	38
32	41
32	47
32	49
32	50
32	51
32	54
32	55
32	57
32	63
32	64
32	65
32	66
32	67
32	68
32	69
32	70
32	71
32	72
32	73
32	84
32	85
32	86
32	87
32	88
32	89
32	90
32	91
32	97
32	98
32	99
32	100
32	101
32	102
32	103
32	104
32	105
32	107
32	108
32	109
32	110
32	111
32	112
32	113
32	114
32	122
32	126
32	127
33	0
33	2
33	3
33	5
33	14
33	15
33	18
33	19
33	20
33	23
33	36
33	37
33	38
33	41
33	42
33	44
33	45
33	47
33	48
33	49
33	53
33	61
33	65
33	66
33	67
33	68
33	69
33	71
33	73
33	76
33	83
33	84
33	85
33	86
33	87
33	88
33	93
33	94
33	97
33	98
33	99
33	100
33	101
33	102
33	103
33	105
33	106
33	107
33	108
33	109
33	110
33	112
33	114
33	126
33	127
34	0
34	1
34	2
34	3
34	19
34	20
34	21
34	22
34	23
34	24
34	32
34	37
34	38
34	41
34	42
34	43
34	44
34	45
34	46
34	47
34	48
34	49
34	62
34	63
34	64
34	65
34	66
34	67
34	68
34	71
34	72
34	73
34	76
34	78
34	83
34	84
34	85
34	86
34	87
34	88
34	90
34	91
34	94
34	95
34	96
34	97
34	98
34	99
34	100
34	101
34	102
34	103
34	104
34	105
34	106
34	107
34	108
34	109
34	110
34	113
34	114
34	115
34	117
34	123
34	124
34	125
34	126
34	127
35	0
35	1
35	2
35	3
35	4
35	5
35	11
35	19
35	20
35	21
35	22
35	23
35	24
35	29
35	30
35	31
35	32
35	36
35	37
35	41
35	42
35	43
35	44
35	45
35	46
35	47
35	48
35	62
35	63
35	64
35	65
35	68
35	69
35	70
35	71
35	73
35	77
35	79
35	86
35	90
35	93
35	94
35	95
35	96
35	97
35	98
35	103
35	104
35	105
35	106
35	107
35	108
35	109
35	110
35	112
35	113
35	114
35	115
35	117
35	118
35	123
35	124
35	125
35	126
35	127
36	0
36	1
36	2
36	3
36	4
36	11
36	12
36	20
36	21
36	22
36	24
36	29
36	30
36	31
36	32
36	33
36	34
36	35
36	36
36	37
36	40
36	41
36	42
36	43
36	44
36	45
36	46
36	47
36	48
36	54
36	63
36	64
36	67
36	68
36	69
36	73
36	76
36	77
36	91
36	94
36	95
36	96
36	97
36	98
36	99
36	103
36	104
36	105
36	106
36	107
36	108
36	109
36	110
36	111
36	112
36	114
36	115
36	116
36	117
36	118
36	126
36	127
37	0
37	1
37	2
37	19
37	20
37	22
37	23
37	28
37	29
37	30
37	31
37	32
37	33
37	34
37	35
37	36
37	37
37	40
37	44
37	45
37	46
37	47
37	48
37	64
37	69
37	75
37	77
37	78
37	81
37	82
37	94
37	95
37	96
37	97
37	98
37	99
37	102
37	103
37	104
37	105
37	106
37	107
37	108
37	109
37	110
37	111
37	112
37	113
37	114
37	115
37	122
37	123
37	124
37	125
37	126
38	0
38	1
38	2
38	3
38	10
38	18
38	19
38	20
38	21
38	22
38	23
38	24
38	25
38	29
38	30
38	31
38	32
38	35
38	36
38	37
38	39
38	42
38	43
38	44
38	45
38	47
38	48
38	49
38	50
38	51
38	77
38	78
38	79
38	87
38	90
38	91
38	93
38	94
38	95
38	96
38	97
38	98
38	99
38	102
38	103
38	104
38	108
38	109
38	110
38	111
38	112
38	113
38	124
38	125
38	126
38	127
39	1
39	2
39	3
39	5
39	6
39	7
39	8
39	9
39	10
39	14
39	18
39	19
39	20
39	21
39	22
39	23
39	24
39	25
39	26
39	27
39	28
39	29
39	30
39	31
39	32
39	35
39	36
39	42
39	45
39	46
39	47
39	48
39	49
39	50
39	55
39	76
39	77
39	78
39	79
39	80
39	81
39	82
39	87
39	91
39	93
39	94
39	95
39	96
39	97
39	98
39	100
39	101
39	102
39	104
39	105
39	106
39	107
39	108
39	109
39	110
39	111
39	112
39	124
39	125
39	126
39	127
40	0
40	1
40	2
40	3
40	5
40	6
40	7
40	8
40	9
40	18
40	20
40	23
40	24
40	25
40	27
40	28
40	29
40	30
40	31
40	47
40	48
40	50
40	55
40	59
40	60
40	61
40	62
40	66
40	76
40	77
40	78
40	79
40	80
40	81
40	82
40	90
40	91
40	92
40	93
40	94
40	95
40	96
40	97
40	98
40	100
40	101
40	102
40	103
40	104
40	105
40	106
40	107
40	108
40	109
40	110
40	111
40	112
40	118
40	121
40	122
40	123
40	124
40	125
40	126
40	127
41	0
41	1
41	2
41	3
41	4
41	5
41	6
41	7
41	8
41	9
41	10
41	11
41	15
41	17
41	18
41	24
41	25
41	26
41	27
41	28
41	29
41	30
41	31
41	40
41	41
41	48
41	49
41	50
41	52
41	54
41	55
41	56
41	57
41	58
41	59
41	60
41	61
41	62
41	66
41	67
41	75
41	76
41	77
41	78
41	81
41	82
41	90
41	91
41	92
41	95
41	96
41	97
41	98
41	100
41	101
41	102
41	103
41	104
41	105
41	106
41	107
41	108
41	111
41	117
41	118
41	121
41	122
41	123
41	124
41	125
41	126
41	127
42	0
42	1
42	2
42	3
42	4
42	5
42	6
42	7
42	8
42	9
42	15
42	25
42	26
42	27
42	28
42	29
42	30
42	31
42	38
42	39
42	40
42	41
42	44
42	45
42	48
42	49
42	50
42	54
42	55
42	56
42	57
42	58
42	59
42	60
42	61
42	62
42	63
42	66
42	71
42	75
42	76
42	77
42	78
42	87
42	88
42	90
42	94
42	95
42	96
42	98
42	99
42	100
42	101
42	102
42	103
42	104
42	105
42	106
42	107
42	108
42	109
42	110
42	111
42	113
42	117
42	118
42	121
42	122
42	123
42	124
42	125
42	126
42	127
43	0
43	2
43	3
43	4
43	5
43	6
43	7
43	8
43	15
43	22
43	25
43	26
43	27
43	28
43	29
43	30
43	31
43	32
43	37
43	38
43	39
43	40
43	41
43	44
43	45
43	50
43	54
43	55
43	56
43	57
43	58
43	59
43	60
43	61
43	62
43	65
43	66
43	67
43	75
43	76
43	78
43	87
43	95
43	96
43	98
43	99
43	100
43	101
43	102
43	103
43	104
43	105
43	106
43	107
43	108
43	109
43	110
43	111
43	112
43	113
43	122
43	123
43	124
43	125
43	127
44	0
44	1
44	2
44	3
44	4
44	5
44	6
44	7
44	15
44	16
44	17
44	21
44	22
44	23
44	24
44	25
44	26
44	27
44	28
44	29
44	30
44	31
44	32
44	39
44	40
44	41
44	45
44	56
44	57
44	58
44	59
44	60
44	61
44	62
44	63
44	64
44	65
44	66
44	67
44	74
44	78
44	83
44	95
44	96
44	98
44	99
44	100
44	101
44	102
44	103
44	104
44	105
44	106
44	107
44	108
44	109
44	110
44	113
44	114
44	121
44	122
44	123
44	124
44	127
45	0
45	1
45	2
45	3
45	4
45	5
45	7
45	14
45	15
45	16
45	17
45	18
45	19
45	20
45	21
45	23
45	24
45	25
45	26
45	27
45	28
45	29
45	30
45	31
45	33
45	38
45	39
45	40
45	41
45	42
45	45
45	50
45	51
45	52
45	56
45	57
45	61
45	62
45	63
45	64
45	66
45	67
45	68
45	84
45	85
45	89
45	95
45	96
45	97
45	98
45	99
45	100
45	101
45	102
45	103
45	105
45	106
45	107
45	108
45	109
45	110
45	113
45	121
45	122
45	123
45	125
45	126
45	127
46	1
46	2
46	3
46	4
46	5
46	6
46	7
46	8
46	14
46	15
46	16
46	17
46	18
46	19
46	20
46	21
46	22
46	23
46	24
46	25
46	26
46	27
46	28
46	29
46	30
46	31
46	32
46	33
46	37
46	38
46	39
46	40
46	41
46	42
46	43
46	44
46	49
46	50
46	51
46	52
46	53
46	55
46	56
46	67
46	68
46	77
46	78
46	79
46	80
46	81
46	83
46	84
46	85
46	91
46	93
46	94
46	95
46	96
46	97
46	98
46	99
46	100
46	101
46	102
46	103
46	105
46	106
46	107
46	108
46	109
46	110
46	111
46	113
46	121
46	122
46	123
46	125
46	126
47	1
47	2
47	3
47	4
47	5
47	14
47	16
47	17
47	18
47	19
47	20
47	21
47	22
47	23
47	24
47	25
47	26
47	27
47	28
47	29
47	30
47	31
47	32
47	33
47	36
47	37
47	38
47	39
47	40
47	41
47	42
47	44
47	45
47	47
47	49
47	50
47	51
47	52
47	53
47	54
47	67
47	68
47	74
47	76
47	77
47	78
47	79
47	80
47	81
47	82
47	83
47	84
47	91
47	92
47	93
47	94
47	95
47	96
47	97
47	98
47	102
47	103
47	107
47	108
47	109
47	110
47	111
47	112
47	113
47	122
47	123
47	126
47	127
48	0
48	1
48	2
48	3
48	14
48	15
48	17
48	18
48	20
48	22
48	23
48	24
48	25
48	27
48	28
48	29
48	30
48	31
48	32
48	33
48	34
48	36
48	37
48	38
48	39
48	40
48	41
48	42
48	44
48	45
48	49
48	50
48	51
48	52
48	54
48	60
48	62
48	74
48	75
48	76
48	77
48	78
48	79
48	80
48	81
48	83
48	84
48	92
48	93
48	97
48	98
48	99
48	100
48	101
48	103
48	104
48	105
48	106
48	107
48	108
48	109
48	110
48	111
48	112
48	113
48	114
48	117
48	126
48	127
49	0
49	1
49	2
49	8
49	9
49	12
49	13
49	17
49	18
49	20
49	22
49	23
49	24
49	25
49	26
49	27
49	28
49	29
49	30
49	31
49	32
49	34
49	36
49	37
49	43
49	59
49	60
49	61
49	71
49	76
49	77
49	78
49	79
49	80
49	81
49	83
49	84
49	96
49	97
49	98
49	99
49	100
49	101
49	104
49	105
49	106
49	107
49	108
49	109
49	110
49	111
49	112
49	113
49	114
49	116
49	121
49	127
50	0
50	1
50	2
50	3
50	8
50	9
50	10
50	13
50	16
50	18
50	20
50	21
50	22
50	23
50	24
50	25
50	26
50	27
50	28
50	29
50	30
50	31
50	32
50	33
50	34
50	35
50	36
50	42
50	43
50	44
50	57
50	59
50	60
50	61
50	77
50	78
50	80
50	83
50	84
50	85
50	94
50	95
50	96
50	97
50	98
50	99
50	100
50	101
50	103
50	105
50	106
50	107
50	108
50	109
50	110
50	111
50	113
50	114
50	115
50	116
50	117
50	118
50	119
50	126
50	127
51	0
51	1
51	3
51	15
51	16
51	18
51	19
51	21
51	22
51	23
51	24
51	25
51	26
51	27
51	29
51	30
51	31
51	32
51	33
51	34
51	36
51	44
51	45
51	52
51	53
51	54
51	55
51	56
51	61
51	80
51	81
51	82
51	83
51	93
51	94
51	95
51	96
51	97
51	98
51	99
51	100
51	101
51	102
51	103
51	105
51	106
51	107
51	108
51	109
51	110
51	111
51	112
51	113
51	114
51	115
51	116
51	117
51	118
51	119
51	124
51	126
51	127
52	0
52	1
52	2
52	3
52	5
52	6
52	17
52	18
52	19
52	24
52	25
52	27
52	29
52	30
52	31
52	32
52	33
52	42
52	43
52	45
52	46
52	47
52	51
52	52
52	53
52	55
52	56
52	57
52	94
52	95
52	96
52	97
52	98
52	99
52	100
52	101
52	102
52	103
52	104
52	105
52	106
52	107
52	108
52	109
52	110
52	111
52	113
52	114
52	115
52	116
52	117
52	118
52	119
52	124
52	125
52	126
52	127
53	0
53	1
53	2
53	3
53	5
53	6
53	7
53	8
53	9
53	25
53	26
53	27
53	28
53	29
53	30
53	31
53	32
53	33
53	43
53	44
53	45
53	46
53	47
53	48
53	49
53	50
53	51
53	52
53	68
53	73
53	83
53	84
53	85
53	94
53	95
53	96
53	100
53	101
53	102
53	103
53	104
53	105
53	106
53	107
53	108
53	109
53	110
53	111
53	114
53	115
53	116
53	117
53	118
53	119
53	124
53	125
53	126
53	127
54	0
54	1
54	2
54	3
54	4
54	5
54	6
54	7
54	8
54	23
54	25
54	26
54	27
54	28
54	29
54	30
54	31
54	32
54	33
54	42
54	43
54	46
54	47
54	48
54	49
54	51
54	52
54	53
54	54
54	55
54	56
54	67
54	68
54	69
54	73
54	74
54	84
54	85
54	86
54	87
54	88
54	95
54	96
54	99
54	100
54	101
54	102
54	103
54	104
54	105
54	106
54	107
54	108
54	109
54	110
54	111
54	113
54	114
54	115
54	116
54	117
54	118
54	119
54	120
54	125
54	126
54	127
55	0
55	1
55	2
55	3
55	4
55	5
55	6
55	7
55	8
55	29
55	30
55	31
55	32
55	33
55	46
55	47
55	48
55	52
55	53
55	54
55	55
55	58
55	59
55	60
55	62
55	63
55	64
55	65
55	66
55	67
55	68
55	69
55	73
55	74
55	84
55	86
55	87
55	88
55	95
55	99
55	100
55	101
55	102
55	103
55	104
55	105
55	106
55	107
55	108
55	109
55	110
55	114
55	115
55	116
55	117
55	118
55	119
55	120
55	121
55	127
56	0
56	1
56	2
56	3
56	4
56	5
56	6
56	7
56	8
56	11
56	17
56	46
56	47
56	48
56	49
56	50
56	51
56	52
56	53
56	54
56	55
56	64
56	65
56	66
56	67
56	68
56	69
56	73
56	74
56	86
56	98
56	101
56	102
56	103
56	104
56	105
56	107
56	108
56	109
56	110
56	111
56	112
56	113
56	117
56	118
56	119
56	120
56	121
56	127
57	0
57	1
57	4
57	7
57	8
57	17
57	18
57	19
57	21
57	23
57	27
57	28
57	29
57	32
57	46
57	47
57	49
57	50
57	51
57	52
57	53
57	54
57	58
57	59
57	63
57	64
57	65
57	66
57	67
57	68
57	74
57	86
57	87
57	101
57	102
57	103
57	104
57	105
57	107
57	108
57	109
57	110
57	111
57	112
57	113
57	114
57	116
57	117
57	121
57	127
58	4
58	8
58	9
58	17
58	18
58	19
58	21
58	23
58	26
58	27
58	30
58	31
58	46
58	51
58	52
58	53
58	54
58	57
58	58
58	64
58	65
58	66
58	76
58	77
58	86
58	102
58	103
58	104
58	105
58	107
58	108
58	109
58	110
58	111
58	112
58	113
58	114
58	115
58	116
58	117
58	124
58	126
58	127
59	6
59	17
59	18
59	19
59	20
59	24
59	25
59	26
59	27
59	28
59	29
59	30
59	51
59	52
59	54
59	56
59	57
59	63
59	64
59	65
59	66
59	70
59	71
59	72
59	73
59	76
59	77
59	79
59	91
59	102
59	103
59	104
59	105
59	106
59	107
59	108
59	109
59	110
59	116
59	117
59	127
60	6
60	17
60	18
60	19
60	20
60	21
60	24
60	25
60	26
60	27
60	28
60	29
60	30
60	37
60	38
60	48
60	49
60	50
60	51
60	52
60	53
60	54
60	55
60	56
60	57
60	65
60	66
60	67
60	70
60	71
60	72
60	73
60	80
60	84
60	90
60	91
60	92
60	95
60	96
60	97
60	98
60	99
60	102
60	103
60	104
60	105
60	106
60	107
60	108
60	109
60	115
60	123
60	124
60	125
61	15
61	17
61	18
61	19
61	20
61	21
61	22
61	24
61	25
61	26
61	27
61	28
61	29
61	30
61	31
61	33
61	34
61	35
61	45
61	46
61	51
61	52
61	53
61	54
61	55
61	65
61	66
61	67
61	68
61	69
61	70
61	71
61	79
61	84
61	85
61	90
61	95
61	96
61	97
61	98
61	99
61	100
61	101
61	102
61	103
61	104
61	105
61	106
61	107
61	108
61	109
61	115
61	121
61	122
61	123
62	10
62	15
62	17
62	18
62	19
62	20
62	21
62	22
62	23
62	24
62	25
62	26
62	27
62	28
62	29
62	30
62	31
62	32
62	33
62	34
62	35
62	42
62	51
62	52
62	53
62	54
62	55
62	63
62	66
62	67
62	68
62	69
62	70
62	71
62	72
62	84
62	88
62	90
62	97
62	100
62	101
62	102
62	103
62	104
62	105
62	106
62	107
62	108
62	109
62	122
62	123
62	124
62	125
62	126
63	0
63	1
63	13
63	14
63	15
63	16
63	17
63	21
63	22
63	23
63	24
63	25
63	26
63	27
63	29
63	30
63	31
63	32
63	33
63	34
63	35
63	42
63	55
63	63
63	67
63	68
63	69
63	70
63	71
63	88
63	90
63	97
63	100
63	101
63	102
63	103
63	104
63	105
63	106
63	107
63	108
63	111
63	115
63	116
63	121
63	122
63	125
63	126
63	127
64	0
64	1
64	2
64	3
64	4
64	5
64	16
64	19
64	22
64	23
64	24
64	25
64	27
64	29
64	30
64	31
64	32
64	33
64	34
64	35
64	55
64	56
64	69
64	70
64	71
64	72
64	84
64	90
64	100
64	101
64	102
64	103
64	105
64	106
64	107
64	108
64	109
64	110
64	111
64	120
64	121
64	122
64	123
64	125
64	126
64	127
65	0
65	1
65	2
65	3
65	4
65	5
65	12
65	13
65	14
65	19
65	20
65	21
65	22
65	23
65	24
65	25
65	26
65	27
65	28
65	29
65	30
65	31
65	32
65	33
65	35
65	52
65	53
65	55
65	69
65	70
65	71
65	72
65	75
65	76
65	88
65	91
65	92
65	93
65	94
65	100
65	101
65	102
65	103
65	105
65	106
65	107
65	108
65	109
65	111
65	112
65	120
65	122
65	123
65	126
65	127
66	0
66	1
66	2
66	3
66	4
66	5
66	8
66	9
66	12
66	13
66	14
66	15
66	16
66	19
66	20
66	21
66	22
66	23
66	24
66	25
66	26
66	27
66	29
66	30
66	31
66	32
66	33
66	34
66	35
66	52
66	53
66	54
66	55
66	61
66	65
66	66
66	67
66	68
66	69
66	70
66	71
66	72
66	75
66	87
66	88
66	91
66	92
66	93
66	94
66	96
66	100
66	101
66	102
66	103
66	108
66	111
66	112
67	1
67	2
67	8
67	9
67	12
67	13
67	14
67	16
67	17
67	18
67	19
67	20
67	21
67	22
67	23
67	24
67	25
67	26
67	27
67	28
67	29
67	30
67	31
67	32
67	33
67	34
67	35
67	47
67	48
67	52
67	53
67	54
67	55
67	58
67	59
67	62
67	66
67	67
67	68
67	69
67	70
67	71
67	75
67	87
67	90
67	91
67	92
67	93
67	95
67	100
67	101
67	102
67	103
67	104
67	105
67	108
67	117
68	1
68	2
68	8
68	9
68	10
68	11
68	12
68	13
68	14
68	15
68	17
68	18
68	19
68	20
68	21
68	22
68	23
68	24
68	25
68	26
68	27
68	28
68	29
68	30
68	31
68	32
68	33
68	34
68	35
68	46
68	47
68	48
68	52
68	53
68	54
68	55
68	56
68	57
68	66
68	67
68	68
68	69
68	70
68	71
68	80
68	84
68	85
68	86
68	87
68	88
68	89
68	90
68	91
68	92
68	93
68	95
68	103
68	104
68	105
68	117
69	0
69	1
69	2
69	6
69	7
69	8
69	9
69	10
69	11
69	12
69	13
69	14
69	15
69	17
69	18
69	19
69	21
69	22
69	23
69	24
69	25
69	26
69	27
69	28
69	29
69	31
69	32
69	33
69	34
69	35
69	36
69	37
69	46
69	47
69	48
69	52
69	53
69	68
69	69
69	70
69	71
69	72
69	73
69	82
69	83
69	84
69	85
69	86
69	87
69	89
69	91
69	92
69	93
69	100
69	102
69	103
69	104
69	117
69	124
69	125
70	0
70	1
70	5
70	6
70	7
70	8
70	9
70	10
70	11
70	12
70	14
70	15
70	16
70	17
70	18
70	19
70	20
70	21
70	22
70	25
70	26
70	27
70	29
70	30
70	31
70	32
70	33
70	34
70	35
70	43
70	44
70	48
70	66
70	69
70	70
70	79
70	80
70	91
70	92
70	93
70	94
70	97
70	100
70	101
70	102
70	103
70	104
70	117
70	118
70	124
70	127
71	0
71	5
71	6
71	7
71	8
71	9
71	11
71	12
71	15
71	16
71	17
71	18
71	19
71	20
71	21
71	22
71	24
71	25
71	26
71	27
71	28
71	29
71	30
71	31
71	32
71	33
71	34
71	35
71	38
71	40
71	41
71	42
71	43
71	48
71	59
71	60
71	68
71	69
71	87
71	88
71	91
71	92
71	100
71	101
71	102
71	103
71	104
71	117
71	118
71	119
71	120
71	121
71	124
71	126
71	127
72	0
72	1
72	5
72	6
72	7
72	8
72	9
72	10
72	11
72	12
72	16
72	17
72	21
72	22
72	25
72	26
72	27
72	28
72	29
72	31
72	32
72	33
72	34
72	35
72	40
72	41
72	42
72	48
72	59
72	71
72	85
72	86
72	87
72	88
72	89
72	90
72	91
72	92
72	93
72	94
72	97
72	99
72	100
72	101
72	103
72	110
72	112
72	114
72	117
72	118
72	119
72	120
72	124
72	125
73	0
73	6
73	7
73	8
73	9
73	10
73	11
73	12
73	13
73	16
73	17
73	18
73	19
73	21
73	22
73	27
73	28
73	29
73	30
73	32
73	33
73	34
73	37
73	38
73	39
73	40
73	41
73	48
73	56
73	61
73	62
73	63
73	84
73	85
73	86
73	87
73	88
73	89
73	90
73	91
73	93
73	94
73	99
73	100
73	103
73	112
73	114
73	115
73	116
73	117
73	118
73	119
73	120
73	125
73	126
73	127
74	4
74	6
74	7
74	8
74	9
74	11
74	12
74	13
74	15
74	16
74	17
74	18
74	19
74	20
74	21
74	22
74	29
74	30
74	32
74	39
74	40
74	41
74	71
74	72
74	84
74	87
74	88
74	89
74	90
74	91
74	93
74	94
74	95
74	96
74	97
74	98
74	99
74	100
74	112
74	115
74	116
74	117
74	118
74	120
74	126
74	127
75	0
75	1
75	4
75	5
75	8
75	9
75	10
75	11
75	12
75	13
75	14
75	15
75	16
75	17
75	18
75	22
75	23
75	41
75	42
75	44
75	47
75	58
75	59
75	60
75	69
75	70
75	71
75	72
75	78
75	81
75	82
75	83
75	84
75	85
75	86
75	87
75	88
75	89
75	90
75	91
75	95
75	96
75	97
75	98
75	99
75	100
75	103
75	110
75	111
75	112
75	113
75	114
75	115
75	116
75	117
75	118
75	119
75	122
75	123
75	126
75	127
76	3
76	4
76	5
76	8
76	9
76	10
76	11
76	15
76	16
76	17
76	18
76	19
76	20
76	21
76	22
76	23
76	30
76	33
76	34
76	42
76	47
76	49
76	58
76	61
76	62
76	66
76	72
76	73
76	74
76	75
76	76
76	77
76	80
76	81
76	82
76	83
76	84
76	85
76	89
76	90
76	95
76	96
76	97
76	98
76	99
76	100
76	103
76	112
76	113
76	114
76	115
76	116
76	117
76	118
76	119
76	120
76	121
76	122
76	123
76	126
77	5
77	7
77	8
77	9
77	10
77	11
77	17
77	18
77	19
77	23
77	24
77	34
77	35
77	36
77	38
77	43
77	44
77	45
77	46
77	49
77	50
77	53
77	54
77	55
77	56
77	57
77	58
77	59
77	60
77	61
77	62
77	67
77	72
77	74
77	75
77	76
77	78
77	79
77	80
77	81
77	82
77	83
77	84
77	85
77	96
77	97
77	98
77	99
77	107
77	108
77	109
77	110
77	111
77	112
77	113
77	114
77	115
77	116
77	117
77	118
77	119
77	120
77	121
78	1
78	6
78	7
78	8
78	9
78	10
78	11
78	17
78	18
78	19
78	20
78	21
78	22
78	23
78	24
78	25
78	26
78	27
78	34
78	35
78	37
78	38
78	44
78	45
78	46
78	47
78	48
78	49
78	50
78	51
78	52
78	53
78	54
78	57
78	58
78	59
78	60
78	61
78	62
78	74
78	75
78	76
78	80
78	83
78	84
78	85
78	87
78	97
78	99
78	106
78	107
78	108
78	109
78	110
78	114
78	115
78	116
78	117
78	119
78	120
78	121
78	122
78	123
79	7
79	10
79	12
79	17
79	18
79	19
79	20
79	21
79	22
79	23
79	24
79	25
79	26
79	27
79	38
79	39
79	48
79	50
79	51
79	52
79	53
79	54
79	59
79	60
79	61
79	75
79	76
79	77
79	78
79	79
79	80
79	84
79	85
79	86
79	87
79	96
79	106
79	107
79	108
79	109
79	113
79	115
79	116
79	117
79	118
79	119
79	120
79	121
79	122
80	5
80	6
80	7
80	17
80	18
80	19
80	20
80	21
80	22
80	23
80	24
80	25
80	26
80	27
80	34
80	35
80	36
80	37
80	38
80	39
80	47
80	48
80	49
80	50
80	51
80	52
80	53
80	54
80	55
80	75
80	76
80	77
80	78
80	79
80	80
80	83
80	84
80	85
80	86
80	98
80	106
80	107
80	108
80	113
80	118
80	119
80	120
80	122
81	5
81	6
81	7
81	8
81	14
81	15
81	18
81	19
81	20
81	21
81	22
81	25
81	26
81	27
81	28
81	29
81	32
81	34
81	35
81	36
81	37
81	44
81	45
81	46
81	53
81	54
81	55
81	56
81	60
81	61
81	70
81	75
81	76
81	77
81	80
81	84
81	85
81	86
81	96
81	97
81	98
81	100
81	107
81	108
81	109
81	110
81	118
81	119
81	120
81	122
82	4
82	5
82	6
82	7
82	8
82	14
82	15
82	18
82	19
82	20
82	21
82	25
82	26
82	27
82	28
82	34
82	35
82	36
82	37
82	44
82	45
82	46
82	47
82	54
82	56
82	58
82	61
82	62
82	70
82	71
82	72
82	73
82	75
82	76
82	77
82	78
82	79
82	81
82	82
82	83
82	84
82	85
82	86
82	87
82	88
82	89
82	90
82	97
82	98
82	99
82	100
82	108
82	109
82	110
82	119
82	120
82	121
82	122
83	3
83	4
83	5
83	6
83	7
83	8
83	9
83	10
83	14
83	18
83	19
83	20
83	21
83	22
83	32
83	33
83	34
83	35
83	44
83	46
83	53
83	54
83	55
83	56
83	73
83	74
83	75
83	76
83	77
83	78
83	79
83	80
83	81
83	82
83	83
83	84
83	85
83	88
83	98
83	99
83	108
83	109
83	110
83	111
83	112
83	115
83	118
83	119
83	121
83	122
83	126
84	2
84	3
84	4
84	5
84	6
84	7
84	8
84	15
84	16
84	19
84	32
84	34
84	43
84	44
84	45
84	46
84	47
84	49
84	53
84	54
84	60
84	73
84	74
84	75
84	76
84	77
84	78
84	80
84	81
84	82
84	83
84	84
84	85
84	86
84	87
84	88
84	92
84	93
84	98
84	111
84	112
84	117
84	118
84	119
84	120
84	121
84	122
84	123
84	124
84	125
84	126
85	5
85	6
85	7
85	8
85	15
85	19
85	26
85	32
85	33
85	34
85	35
85	39
85	43
85	44
85	45
85	46
85	47
85	48
85	51
85	52
85	53
85	68
85	73
85	74
85	75
85	76
85	77
85	78
85	79
85	80
85	81
85	83
85	84
85	86
85	87
85	88
85	89
85	92
85	114
85	118
85	119
85	120
85	121
85	122
85	124
85	125
85	126
86	7
86	8
86	22
86	23
86	24
86	25
86	30
86	31
86	32
86	33
86	34
86	35
86	41
86	43
86	44
86	45
86	46
86	47
86	48
86	51
86	52
86	53
86	54
86	76
86	77
86	78
86	79
86	80
86	81
86	85
86	86
86	87
86	88
86	89
86	92
86	105
86	115
86	118
86	119
86	120
86	125
86	126
86	127
87	7
87	8
87	22
87	23
87	24
87	25
87	30
87	31
87	32
87	33
87	34
87	35
87	41
87	42
87	45
87	46
87	47
87	48
87	49
87	50
87	51
87	52
87	53
87	54
87	55
87	56
87	59
87	74
87	75
87	76
87	78
87	79
87	80
87	81
87	85
87	86
87	88
87	89
87	90
87	91
87	92
87	96
87	105
87	106
87	107
87	108
87	112
87	114
87	115
87	117
87	118
87	119
87	121
87	123
87	125
87	126
87	127
88	3
88	6
88	7
88	8
88	11
88	12
88	13
88	15
88	24
88	25
88	26
88	29
88	30
88	31
88	32
88	33
88	34
88	35
88	40
88	41
88	42
88	44
88	45
88	46
88	47
88	48
88	49
88	50
88	53
88	54
88	66
88	71
88	74
88	75
88	76
88	77
88	78
88	79
88	80
88	81
88	82
88	87
88	89
88	90
88	91
88	92
88	93
88	94
88	95
88	96
88	105
88	107
88	108
88	114
88	115
88	116
88	117
88	118
88	119
88	122
88	125
88	126
88	127
89	7
89	8
89	9
89	10
89	11
89	12
89	13
89	14
89	15
89	24
89	25
89	26
89	27
89	28
89	29
89	30
89	31
89	32
89	33
89	35
89	40
89	41
89	44
89	45
89	46
89	47
89	48
89	49
89	50
89	54
89	66
89	73
89	74
89	75
89	76
89	77
89	78
89	79
89	80
89	81
89	82
89	83
89	84
89	85
89	86
89	87
89	88
89	89
89	90
89	91
89	92
89	93
89	94
89	95
89	96
89	101
89	105
89	107
89	108
89	114
89	115
89	116
89	117
89	126
89	127
90	8
90	12
90	13
90	14
90	15
90	16
90	22
90	24
90	25
90	26
90	27
90	28
90	29
90	30
90	31
90	32
90	33
90	34
90	35
90	36
90	41
90	42
90	43
90	44
90	45
90	46
90	47
90	48
90	49
90	50
90	60
90	71
90	72
90	74
90	75
90	83
90	85
90	87
90	88
90	89
90	90
90	91
90	92
90	93
90	94
90	95
90	96
90	101
90	102
90	114
90	115
90	116
90	117
90	118
90	119
90	127
91	4
91	8
91	9
91	10
91	13
91	14
91	16
91	22
91	23
91	24
91	25
91	26
91	27
91	28
91	29
91	30
91	31
91	32
91	33
91	34
91	35
91	36
91	37
91	38
91	41
91	42
91	43
91	46
91	47
91	48
91	49
91	55
91	72
91	73
91	74
91	75
91	85
91	87
91	88
91	89
91	90
91	91
91	92
91	93
91	94
91	96
91	97
91	98
91	99
91	100
91	101
91	102
91	103
91	115
91	116
91	117
91	118
91	119
91	120
91	127
92	6
92	7
92	8
92	9
92	12
92	13
92	16
92	18
92	22
92	23
92	24
92	25
92	26
92	27
92	30
92	31
92	32
92	33
92	34
92	35
92	36
92	37
92	38
92	41
92	42
92	43
92	44
92	45
92	46
92	48
92	49
92	50
92	51
92	52
92	54
92	55
92	67
92	71
92	72
92	75
92	78
92	81
92	82
92	86
92	87
92	88
92	89
92	90
92	91
92	92
92	93
92	94
92	95
92	96
92	97
92	98
92	99
92	100
92	101
92	102
92	103
92	104
92	111
92	115
92	116
92	117
92	124
93	5
93	10
93	11
93	12
93	13
93	14
93	15
93	16
93	18
93	23
93	25
93	26
93	27
93	29
93	30
93	31
93	32
93	33
93	34
93	35
93	36
93	37
93	38
93	42
93	43
93	44
93	45
93	46
93	49
93	50
93	54
93	55
93	59
93	60
93	61
93	75
93	76
93	78
93	80
93	81
93	86
93	87
93	88
93	89
93	90
93	91
93	92
93	93
93	94
93	95
93	96
93	97
93	98
93	99
93	100
93	103
93	106
93	111
93	114
93	115
93	116
93	117
93	121
94	4
94	9
94	10
94	11
94	12
94	13
94	14
94	21
94	23
94	24
94	25
94	26
94	27
94	29
94	30
94	31
94	32
94	33
94	34
94	35
94	36
94	37
94	38
94	42
94	43
94	44
94	47
94	48
94	49
94	50
94	52
94	53
94	54
94	55
94	59
94	60
94	61
94	64
94	67
94	75
94	76
94	77
94	78
94	79
94	80
94	81
94	86
94	87
94	88
94	89
94	90
94	91
94	92
94	93
94	94
94	95
94	96
94	97
94	98
94	103
94	104
94	116
94	118
95	1
95	3
95	4
95	5
95	6
95	7
95	8
95	10
95	11
95	12
95	13
95	14
95	15
95	21
95	27
95	28
95	29
95	30
95	31
95	32
95	33
95	49
95	50
95	53
95	54
95	55
95	56
95	57
95	58
95	59
95	60
95	61
95	62
95	63
95	64
95	65
95	66
95	67
95	68
95	69
95	70
95	73
95	75
95	76
95	77
95	80
95	85
95	86
95	88
95	89
95	90
95	91
95	92
95	93
95	94
95	95
95	96
95	97
95	98
95	99
95	103
95	114
95	116
95	120
95	127
96	1
96	2
96	3
96	4
96	7
96	8
96	9
96	10
96	11
96	12
96	13
96	14
96	15
96	17
96	28
96	29
96	30
96	31
96	32
96	33
96	37
96	38
96	42
96	46
96	49
96	53
96	54
96	55
96	56
96	57
96	58
96	59
96	60
96	61
96	62
96	64
96	65
96	66
96	67
96	68
96	69
96	70
96	71
96	72
96	73
96	75
96	76
96	77
96	78
96	79
96	80
96	81
96	84
96	85
96	86
96	87
96	88
96	89
96	90
96	91
96	92
96	93
96	94
96	95
96	96
96	97
96	98
96	114
96	116
97	3
97	4
97	5
97	6
97	7
97	8
97	11
97	12
97	13
97	14
97	15
97	16
97	27
97	28
97	29
97	30
97	31
97	38
97	39
97	40
97	41
97	42
97	43
97	47
97	49
97	53
97	54
97	55
97	56
97	57
97	61
97	62
97	63
97	64
97	65
97	66
97	67
97	68
97	69
97	70
97	71
97	72
97	73
97	75
97	76
97	77
97	78
97	79
97	80
97	81
97	82
97	85
97	86
97	87
97	88
97	89
97	90
97	91
97	92
97	93
97	94
97	95
97	96
97	97
97	98
97	99
97	106
97	109
97	110
97	111
97	113
97	114
97	115
97	116
97	124
98	3
98	4
98	5
98	8
98	9
98	10
98	11
98	12
98	13
98	14
98	27
98	30
98	31
98	32
98	33
98	35
98	36
98	38
98	39
98	40
98	41
98	42
98	46
98	47
98	48
98	49
98	54
98	55
98	56
98	60
98	61
98	64
98	65
98	66
98	70
98	71
98	76
98	77
98	78
98	79
98	80
98	81
98	82
98	83
98	84
98	85
98	86
98	87
98	88
98	89
98	90
98	91
98	92
98	93
98	94
98	95
98	96
98	97
98	98
98	106
98	109
98	110
98	113
98	114
98	115
98	116
99	3
99	9
99	10
99	11
99	12
99	13
99	14
99	18
99	27
99	29
99	30
99	31
99	35
99	36
99	37
99	38
99	39
99	40
99	41
99	42
99	46
99	47
99	48
99	49
99	54
99	55
99	56
99	61
99	62
99	64
99	65
99	67
99	68
99	69
99	70
99	71
99	76
99	77
99	78
99	79
99	80
99	81
99	82
99	83
99	84
99	85
99	86
99	87
99	88
99	89
99	90
99	91
99	92
99	93
99	94
99	95
99	96
99	99
99	100
99	122
100	11
100	12
100	13
100	14
100	15
100	35
100	36
100	37
100	47
100	54
100	55
100	56
100	57
100	64
100	65
100	66
100	67
100	68
100	69
100	70
100	71
100	76
100	77
100	78
100	79
100	80
100	82
100	83
100	84
100	85
100	86
100	87
100	91
100	92
100	93
100	94
100	95
100	96
101	4
101	5
101	14
101	15
101	16
101	24
101	26
101	34
101	35
101	36
101	47
101	53
101	54
101	55
101	56
101	57
101	58
101	63
101	64
101	65
101	66
101	67
101	69
101	70
101	71
101	75
101	76
101	77
101	78
101	79
101	80
101	81
101	82
101	83
101	84
101	85
101	86
101	87
101	96
101	101
101	117
102	4
102	5
102	12
102	13
102	14
102	15
102	16
102	17
102	23
102	32
102	34
102	35
102	36
102	37
102	53
102	54
102	55
102	56
102	57
102	58
102	63
102	65
102	66
102	69
102	71
102	72
102	73
102	75
102	76
102	77
102	78
102	79
102	80
102	81
102	83
102	84
102	85
102	115
102	117
102	122
102	123
103	5
103	8
103	12
103	13
103	14
103	15
103	16
103	17
103	27
103	28
103	31
103	32
103	33
103	34
103	35
103	36
103	37
103	43
103	48
103	53
103	54
103	55
103	56
103	57
103	58
103	65
103	70
103	71
103	72
103	73
103	74
103	75
103	76
103	77
103	78
103	79
103	80
103	81
103	83
103	84
103	85
103	86
103	87
103	91
103	92
103	95
103	105
103	106
103	122
103	123
104	11
104	12
104	13
104	14
104	15
104	16
104	17
104	18
104	19
104	26
104	27
104	28
104	31
104	32
104	33
104	36
104	37
104	48
104	49
104	51
104	52
104	53
104	55
104	56
104	59
104	60
104	61
104	62
104	68
104	69
104	70
104	71
104	72
104	73
104	77
104	82
104	85
104	86
104	87
104	115
105	0
105	1
105	2
105	12
105	13
105	14
105	15
105	16
105	17
105	18
105	19
105	20
105	24
105	26
105	27
105	28
105	32
105	33
105	50
105	51
105	52
105	53
105	54
105	55
105	56
105	59
105	62
105	63
105	68
105	69
105	70
105	71
105	72
105	82
105	85
105	86
105	87
105	90
105	91
105	92
105	101
105	127
106	0
106	1
106	2
106	3
106	9
106	10
106	12
106	13
106	14
106	15
106	16
106	17
106	18
106	19
106	20
106	24
106	25
106	26
106	27
106	28
106	29
106	32
106	33
106	36
106	37
106	38
106	46
106	47
106	48
106	49
106	50
106	51
106	52
106	53
106	54
106	55
106	56
106	57
106	58
106	62
106	66
106	71
106	82
106	83
106	84
106	85
106	86
106	91
106	92
106	93
106	94
106	125
106	126
106	127
107	0
107	2
107	3
107	4
107	7
107	9
107	10
107	11
107	14
107	15
107	16
107	17
107	18
107	19
107	20
107	21
107	24
107	25
107	26
107	27
107	28
107	29
107	30
107	31
107	33
107	42
107	43
107	46
107	47
107	48
107	49
107	50
107	51
107	52
107	53
107	54
107	55
107	56
107	57
107	64
107	65
107	66
107	68
107	69
107	70
107	71
107	81
107	82
107	84
107	86
107	92
107	93
107	114
107	125
107	127
108	0
108	3
108	6
108	7
108	8
108	9
108	10
108	11
108	14
108	15
108	16
108	17
108	18
108	19
108	20
108	21
108	23
108	24
108	25
108	26
108	27
108	28
108	29
108	30
108	31
108	42
108	43
108	44
108	45
108	46
108	48
108	49
108	50
108	51
108	52
108	53
108	54
108	55
108	56
108	57
108	64
108	65
108	66
108	68
108	69
108	70
108	71
108	74
108	80
108	81
108	90
108	92
108	93
108	123
108	125
109	0
109	1
109	6
109	7
109	8
109	9
109	10
109	11
109	13
109	14
109	15
109	16
109	17
109	18
109	19
109	20
109	21
109	22
109	23
109	27
109	28
109	30
109	31
109	39
109	41
109	42
109	43
109	44
109	45
109	46
109	48
109	49
109	50
109	51
109	52
109	53
109	54
109	55
109	56
109	57
109	61
109	62
109	63
109	64
109	65
109	66
109	68
109	69
109	70
109	71
109	73
109	74
109	79
109	80
109	81
109	88
109	89
109	90
109	91
109	92
109	93
109	94
109	107
109	120
109	123
109	124
109	125
109	126
109	127
110	5
110	6
110	7
110	8
110	9
110	10
110	11
110	12
110	13
110	14
110	15
110	16
110	17
110	18
110	19
110	20
110	21
110	22
110	23
110	24
110	31
110	37
110	38
110	39
110	40
110	41
110	42
110	43
110	44
110	45
110	46
110	48
110	49
110	50
110	51
110	52
110	53
110	54
110	55
110	56
110	57
110	59
110	65
110	66
110	68
110	69
110	70
110	71
110	74
110	79
110	80
110	81
110	82
110	83
110	84
110	88
110	89
110	90
110	91
110	92
110	103
110	107
110	108
110	117
110	118
110	119
110	120
110	121
110	123
110	124
110	125
110	126
110	127
111	4
111	5
111	7
111	8
111	9
111	10
111	11
111	14
111	15
111	16
111	17
111	18
111	21
111	22
111	23
111	24
111	25
111	26
111	27
111	37
111	38
111	39
111	40
111	41
111	42
111	43
111	44
111	45
111	46
111	47
111	52
111	54
111	55
111	56
111	57
111	64
111	65
111	66
111	67
111	68
111	69
111	70
111	71
111	72
111	73
111	74
111	75
111	76
111	77
111	80
111	81
111	82
111	83
111	84
111	85
111	86
111	87
111	88
111	89
111	90
111	91
111	92
111	101
111	107
111	108
111	119
111	120
111	121
111	122
111	123
111	124
111	125
112	4
112	5
112	6
112	7
112	8
112	9
112	10
112	11
112	12
112	13
112	14
112	16
112	17
112	18
112	19
112	20
112	21
112	22
112	23
112	24
112	25
112	26
112	28
112	29
112	33
112	35
112	36
112	37
112	38
112	40
112	41
112	42
112	43
112	44
112	45
112	46
112	47
112	52
112	54
112	55
112	56
112	64
112	65
112	66
112	67
112	68
112	69
112	70
112	71
112	72
112	73
112	74
112	76
112	77
112	79
112	80
112	81
112	82
112	83
112	85
112	86
112	87
112	95
112	96
112	100
112	101
112	107
112	108
112	109
112	120
112	121
112	122
112	123
113	4
113	5
113	6
113	7
113	8
113	9
113	10
113	11
113	12
113	13
113	14
113	15
113	17
113	18
113	20
113	37
113	38
113	39
113	40
113	42
113	43
113	44
113	45
113	46
113	47
113	48
113	49
113	50
113	51
113	55
113	61
113	66
113	67
113	68
113	69
113	70
113	71
113	73
113	74
113	75
113	76
113	77
113	78
113	79
113	80
113	81
113	82
113	83
113	84
113	85
113	86
113	87
113	88
113	95
113	96
113	99
113	100
113	107
113	108
113	109
113	114
113	115
113	120
113	121
113	122
113	123
113	125
114	0
114	3
114	4
114	5
114	6
114	9
114	10
114	11
114	12
114	13
114	14
114	15
114	17
114	18
114	19
114	20
114	26
114	36
114	37
114	38
114	39
114	40
114	41
114	42
114	43
114	44
114	45
114	47
114	48
114	49
114	50
114	55
114	56
114	57
114	58
114	61
114	62
114	63
114	65
114	66
114	67
114	68
114	69
114	70
114	71
114	73
114	74
114	75
114	76
114	78
114	79
114	80
114	81
114	82
114	83
114	84
114	85
114	86
114	87
114	94
114	95
114	102
114	107
114	114
114	115
114	116
114	119
114	120
114	121
114	122
114	123
114	124
114	125
114	126
114	127
115	3
115	4
115	5
115	6
115	9
115	10
115	11
115	12
115	13
115	14
115	15
115	16
115	17
115	18
115	19
115	20
115	36
115	37
115	38
115	39
115	40
115	41
115	42
115	43
115	44
115	45
115	46
115	49
115	50
115	55
115	57
115	58
115	61
115	62
115	63
115	64
115	65
115	66
115	67
115	68
115	69
115	70
115	71
115	73
115	74
115	75
115	76
115	77
115	78
115	79
115	80
115	81
115	82
115	83
115	84
115	85
115	86
115	87
115	91
115	92
115	94
115	96
115	97
115	99
115	100
115	101
115	106
115	107
115	110
115	111
115	114
115	115
115	116
115	119
115	120
115	121
115	122
115	123
115	124
115	125
115	126
115	127
116	0
116	1
116	2
116	3
116	4
116	5
116	6
116	11
116	12
116	14
116	15
116	16
116	17
116	18
116	19
116	20
116	23
116	24
116	36
116	37
116	38
116	39
116	40
116	41
116	42
116	43
116	44
116	46
116	48
116	49
116	50
116	51
116	56
116	57
116	58
116	61
116	62
116	63
116	64
116	65
116	66
116	68
116	69
116	70
116	73
116	74
116	76
116	77
116	78
116	79
116	80
116	81
116	82
116	83
116	84
116	85
116	86
116	87
116	89
116	92
116	93
116	94
116	99
116	100
116	102
116	103
116	104
116	105
116	106
116	107
116	114
116	115
116	116
116	118
116	119
116	120
116	121
116	122
116	123
116	124
116	125
116	126
116	127
117	0
117	1
117	2
117	3
117	4
117	11
117	12
117	14
117	15
117	16
117	17
117	18
117	19
117	20
117	21
117	25
117	34
117	38
117	39
117	40
117	41
117	42
117	43
117	44
117	46
117	47
117	48
117	49
117	50
117	51
117	52
117	53
117	56
117	57
117	58
117	60
117	61
117	64
117	65
117	66
117	67
117	68
117	69
117	70
117	72
117	73
117	74
117	75
117	76
117	77
117	78
117	79
117	81
117	82
117	83
117	84
117	85
117	86
117	87
117	88
117	89
117	90
117	92
117	93
117	94
117	95
117	96
117	97
117	98
117	99
117	100
117	101
117	104
117	105
117	106
117	107
117	108
117	109
117	111
117	112
117	113
117	114
117	115
117	116
117	117
117	118
117	119
117	120
117	121
117	122
117	123
117	124
117	125
117	126
117	127
118	0
118	1
118	2
118	3
118	4
118	5
118	6
118	17
118	18
118	19
118	20
118	21
118	26
118	27
118	28
118	30
118	35
118	38
118	39
118	40
118	41
118	42
118	43
118	46
118	47
118	48
118	49
118	51
118	52
118	56
118	57
118	58
118	59
118	60
118	61
118	64
118	66
118	67
118	68
118	69
118	70
118	71
118	72
118	73
118	74
118	75
118	76
118	77
118	78
118	79
118	80
118	81
118	82
118	83
118	84
118	85
118	86
118	87
118	88
118	89
118	90
118	92
118	93
118	94
118	95
118	96
118	97
118	98
118	99
118	100
118	101
118	102
118	103
118	104
118	105
118	106
118	108
118	112
118	114
118	115
118	116
118	117
118	118
118	119
118	120
118	121
118	122
118	123
118	124
118	125
118	126
118	127
119	1
119	2
119	3
119	4
119	5
119	6
119	7
119	19
119	20
119	21
119	30
119	31
119	32
119	33
119	40
119	42
119	43
119	46
119	47
119	48
119	52
119	54
119	55
119	56
119	57
119	58
119	59
119	60
119	61
119	64
119	65
119	66
119	67
119	68
119	69
119	70
119	71
119	72
119	73
119	74
119	75
119	76
119	77
119	79
119	80
119	81
119	82
119	83
119	84
119	85
119	86
119	87
119	90
119	92
119	93
119	94
119	95
119	96
119	97
119	98
119	100
119	101
119	114
119	115
119	119
119	120
119	121
119	122
119	123
119	125
119	126
120	0
120	1
120	2
120	3
120	4
120	5
120	6
120	7
120	14
120	15
120	16
120	19
120	20
120	21
120	28
120	31
120	32
120	33
120	42
120	45
120	46
120	47
120	48
120	49
120	50
120	51
120	52
120	55
120	56
120	57
120	58
120	59
120	60
120	61
120	62
120	63
120	64
120	65
120	66
120	67
120	68
120	69
120	70
120	71
120	72
120	73
120	74
120	75
120	77
120	79
120	80
120	81
120	82
120	83
120	84
120	85
120	87
120	90
120	91
120	92
120	93
120	94
120	95
120	96
120	97
120	99
120	114
120	115
120	118
120	119
120	120
120	121
120	122
120	123
120	124
121	3
121	4
121	6
121	7
121	8
121	11
121	12
121	13
121	14
121	15
121	16
121	17
121	18
121	19
121	20
121	26
121	30
121	31
121	45
121	46
121	47
121	48
121	49
121	50
121	51
121	52
121	55
121	56
121	57
121	58
121	59
121	60
121	61
121	62
121	63
121	64
121	65
121	66
121	67
121	68
121	69
121	70
121	71
121	72
121	73
121	74
121	75
121	76
121	77
121	79
121	80
121	81
121	82
121	84
121	85
121	86
121	87
121	88
121	90
121	91
121	92
121	93
121	94
121	95
121	96
121	97
121	98
121	99
121	100
121	107
121	108
121	114
121	115
121	116
121	118
121	119
121	120
121	121
121	122
121	123
121	124
122	1
122	2
122	3
122	4
122	6
122	8
122	13
122	14
122	15
122	16
122	17
122	18
122	19
122	20
122	21
122	22
122	23
122	30
122	31
122	32
122	33
122	34
122	35
122	41
122	44
122	45
122	46
122	47
122	48
122	49
122	51
122	52
122	53
122	54
122	55
122	56
122	57
122	58
122	59
122	60
122	61
122	62
122	63
122	64
122	65
122	66
122	67
122	68
122	69
122	70
122	71
122	72
122	73
122	74
122	76
122	77
122	80
122	81
122	82
122	83
122	85
122	86
122	87
122	88
122	89
122	90
122	91
122	92
122	93
122	94
122	95
122	96
122	97
122	98
122	99
122	100
122	106
122	109
122	110
122	113
122	114
122	115
122	116
122	117
122	118
122	119
122	120
122	121
122	122
123	1
123	2
123	3
123	6
123	7
123	8
123	9
123	13
123	14
123	15
123	16
123	17
123	18
123	19
123	20
123	21
123	22
123	23
123	30
123	31
123	32
123	33
123	34
123	35
123	36
123	39
123	40
123	44
123	45
123	46
123	47
123	48
123	49
123	50
123	51
123	52
123	53
123	54
123	55
123	56
123	57
123	58
123	59
123	60
123	61
123	62
123	63
123	64
123	65
123	66
123	70
123	71
123	73
123	74
123	75
123	81
123	83
123	85
123	86
123	87
123	88
123	89
123	91
123	92
123	93
123	94
123	95
123	96
123	97
123	98
123	99
123	100
123	110
123	113
123	114
123	115
123	116
123	117
123	118
123	119
123	120
123	123
123	124
124	0
124	7
124	8
124	9
124	15
124	16
124	17
124	18
124	19
124	20
124	21
124	27
124	28
124	29
124	30
124	31
124	32
124	33
124	34
124	35
124	47
124	48
124	49
124	50
124	52
124	53
124	55
124	56
124	57
124	58
124	59
124	60
124	61
124	62
124	63
124	64
124	65
124	66
124	71
124	72
124	83
124	84
124	85
124	86
124	87
124	88
124	89
124	90
124	91
124	92
124	93
124	94
124	95
124	96
124	97
124	98
124	99
124	100
124	101
124	105
124	111
124	115
124	116
124	117
124	118
124	119
124	120
124	121
124	122
124	123
124	124
124	127
125	0
125	8
125	14
125	15
125	18
125	19
125	20
125	21
125	27
125	28
125	29
125	30
125	31
125	32
125	33
125	34
125	35
125	46
125	47
125	48
125	49
125	50
125	55
125	56
125	57
125	58
125	59
125	60
125	61
125	62
125	63
125	64
125	69
125	70
125	72
125	82
125	83
125	84
125	86
125	87
125	88
125	89
125	90
125	93
125	94
125	95
125	96
125	97
125	98
125	100
125	101
125	110
125	111
125	112
125	113
125	114
125	115
125	116
125	117
125	118
125	119
125	120
125	121
125	122
125	123
125	124
125	126
125	127
126	0
126	14
126	15
126	18
126	19
126	20
126	21
126	27
126	29
126	30
126	33
126	34
126	35
126	36
126	43
126	47
126	48
126	49
126	51
126	57
126	58
126	59
126	68
126	69
126	70
126	81
126	82
126	83
126	84
126	85
126	86
126	87
126	88
126	89
126	93
126	94
126	95
126	96
126	97
126	111
126	112
126	113
126	114
126	115
126	116
126	117
126	118
126	119
126	120
126	121
126	122
126	123
126	124
126	125
126	126
126	127
127	0
127	19
127	20
127	21
127	34
127	35
127	36
127	48
127	49
127	50
127	51
127	52
127	53
127	54
127	55
127	56
127	57
127	58
127	59
127	60
127	63
127	64
127	67
127	68
127	69
127	81
127	82
127	83
127	87
127	88
127	94
127	95
127	96
127	97
127	111
127	112
127	113
127	114
127	115
127	116
127	118
127	119
127	120
127	121
127	123
127	124
127	125
127	126
127	127
