size	128
T	2.5
J	1
H	0
x	y
0	1
0	2
0	3
0	7
0	16
0	17
0	18
0	19
0	24
0	27
0	28
0	29
0	30
0	31
0	32
0	33
0	34
0	36
0	37
0	38
0	39
0	40
0	41
0	42
0	43
0	44
0	45
0	47
0	48
0	49
0	50
0	51
0	52
0	55
0	56
0	57
0	58
0	59
0	61
0	62
0	63
0	64
0	65
0	66
0	67
0	68
0	69
0	70
0	71
0	72
0	73
0	74
0	75
0	76
0	77
0	78
0	79
0	82
0	83
0	89
0	90
0	92
0	93
0	94
0	95
0	96
0	97
0	102
0	103
0	104
0	105
0	106
0	108
0	111
0	116
0	117
0	118
0	119
0	120
0	121
1	1
1	2
1	3
1	6
1	17
1	26
1	27
1	28
1	29
1	30
1	31
1	32
1	33
1	34
1	35
1	36
1	37
1	38
1	39
1	40
1	41
1	42
1	43
1	44
1	45
1	46
1	47
1	48
1	49
1	50
1	51
1	52
1	53
1	54
1	55
1	56
1	57
1	58
1	59
1	60
1	61
1	62
1	63
1	64
1	65
1	66
1	67
1	68
1	69
1	70
1	71
1	72
1	73
1	74
1	75
1	76
1	77
1	78
1	79
1	80
1	81
1	82
1	83
1	84
1	85
1	86
1	89
1	91
1	92
1	93
1	94
1	95
1	96
1	97
1	104
1	107
1	108
1	109
1	116
1	118
1	119
1	120
1	121
1	123
1	124
2	0
2	4
2	16
2	17
2	26
2	27
2	28
2	30
2	31
2	32
2	33
2	34
2	35
2	36
2	38
2	39
2	40
2	41
2	42
2	44
2	46
2	47
2	49
2	50
2	51
2	52
2	53
2	54
2	55
2	56
2	57
2	58
2	59
2	60
2	61
2	62
2	63
2	64
2	65
2	66
2	67
2	68
2	69
2	70
2	71
2	72
2	73
2	74
2	75
2	76
2	77
2	78
2	83
2	84
2	89
2	90
2	91
2	92
2	93
2	94
2	95
2	96
2	97
2	102
2	103
2	104
2	105
2	107
2	108
2	113
2	114
2	118
2	119
2	120
2	121
2	122
2	123
2	124
2	125
3	4
3	6
3	26
3	27
3	28
3	29
3	30
3	31
3	32
3	33
3	36
3	37
3	38
3	39
3	40
3	41
3	42
3	49
3	50
3	51
3	52
3	53
3	54
3	55
3	56
3	57
3	58
3	59
3	61
3	64
3	65
3	66
3	67
3	68
3	70
3	71
3	72
3	73
3	74
3	75
3	76
3	77
3	78
3	79
3	83
3	84
3	86
3	91
3	92
3	93
3	94
3	103
3	104
3	105
3	106
3	107
3	108
3	111
3	113
3	118
3	119
3	120
3	122
3	123
3	124
3	125
4	14
4	26
4	27
4	28
4	29
4	30
4	31
4	32
4	33
4	35
4	36
4	37
4	38
4	39
4	40
4	41
4	44
4	45
4	46
4	49
4	50
4	51
4	52
4	53
4	54
4	55
4	56
4	57
4	58
4	59
4	60
4	61
4	66
4	67
4	68
4	69
4	70
4	71
4	72
4	73
4	75
4	76
4	77
4	78
4	79
4	83
4	89
4	90
4	91
4	92
4	93
4	98
4	99
4	105
4	106
4	107
4	108
4	109
4	111
4	112
4	113
4	118
4	119
4	120
4	122
5	13
5	14
5	15
5	22
5	23
5	27
5	28
5	29
5	30
5	31
5	32
5	33
5	34
5	35
5	36
5	37
5	38
5	39
5	40
5	41
5	42
5	43
5	44
5	46
5	49
5	50
5	51
5	53
5	54
5	55
5	56
5	57
5	58
5	59
5	60
5	61
5	62
5	63
5	66
5	67
5	68
5	69
5	70
5	71
5	72
5	73
5	74
5	75
5	76
5	77
5	78
5	83
5	84
5	85
5	87
5	88
5	89
5	90
5	91
5	92
5	95
5	99
5	100
5	104
5	105
5	106
5	107
5	112
5	118
5	119
5	120
5	121
5	122
5	123
6	13
6	14
6	21
6	22
6	23
6	24
6	25
6	26
6	27
6	28
6	29
6	30
6	31
6	32
6	34
6	35
6	36
6	37
6	38
6	39
6	40
6	41
6	42
6	43
6	44
6	46
6	47
6	49
6	50
6	51
6	52
6	53
6	54
6	55
6	56
6	57
6	58
6	59
6	61
6	62
6	63
6	64
6	65
6	66
6	67
6	68
6	69
6	70
6	71
6	72
6	74
6	75
6	76
6	77
6	78
6	79
6	83
6	84
6	85
6	87
6	88
6	89
6	90
6	95
6	96
6	99
6	100
6	101
6	102
6	105
6	106
6	107
6	112
6	118
6	119
6	120
6	121
6	124
7	12
7	19
7	20
7	21
7	22
7	24
7	25
7	26
7	27
7	28
7	29
7	30
7	32
7	33
7	34
7	35
7	36
7	37
7	38
7	39
7	40
7	41
7	42
7	43
7	44
7	45
7	46
7	47
7	48
7	49
7	51
7	52
7	53
7	54
7	55
7	56
7	57
7	58
7	59
7	60
7	61
7	62
7	63
7	64
7	65
7	66
7	67
7	68
7	69
7	70
7	71
7	72
7	73
7	74
7	75
7	76
7	77
7	78
7	83
7	84
7	87
7	88
7	89
7	95
7	96
7	99
7	100
7	101
7	102
7	103
7	104
7	105
7	106
7	107
7	121
8	6
8	7
8	12
8	18
8	19
8	20
8	21
8	23
8	24
8	25
8	26
8	27
8	28
8	29
8	30
8	32
8	33
8	34
8	35
8	36
8	37
8	38
8	39
8	40
8	41
8	42
8	43
8	44
8	45
8	46
8	47
8	48
8	49
8	51
8	52
8	54
8	55
8	56
8	57
8	58
8	59
8	60
8	61
8	62
8	63
8	64
8	65
8	66
8	67
8	68
8	69
8	70
8	71
8	72
8	73
8	74
8	75
8	76
8	77
8	78
8	82
8	83
8	87
8	88
8	89
8	90
8	93
8	95
8	96
8	97
8	98
8	99
8	100
8	101
8	102
8	103
8	104
8	105
8	106
8	121
8	123
8	124
8	125
8	126
9	1
9	2
9	6
9	7
9	8
9	18
9	20
9	21
9	22
9	23
9	24
9	25
9	26
9	27
9	28
9	29
9	30
9	31
9	32
9	33
9	34
9	35
9	36
9	37
9	38
9	39
9	40
9	44
9	45
9	46
9	47
9	48
9	49
9	50
9	51
9	52
9	55
9	56
9	57
9	58
9	60
9	62
9	63
9	64
9	65
9	66
9	67
9	68
9	69
9	70
9	71
9	72
9	73
9	74
9	75
9	76
9	77
9	78
9	82
9	83
9	85
9	86
9	87
9	88
9	89
9	90
9	96
9	97
9	98
9	99
9	101
9	102
9	104
9	105
9	106
9	115
9	116
9	117
9	121
9	122
9	123
9	124
9	125
9	126
10	1
10	4
10	5
10	6
10	7
10	16
10	17
10	18
10	20
10	21
10	22
10	26
10	27
10	28
10	29
10	30
10	31
10	32
10	33
10	34
10	35
10	36
10	37
10	38
10	39
10	40
10	44
10	45
10	46
10	47
10	48
10	49
10	50
10	51
10	55
10	56
10	57
10	58
10	59
10	60
10	61
10	62
10	63
10	64
10	65
10	66
10	67
10	69
10	70
10	71
10	72
10	73
10	74
10	75
10	76
10	77
10	83
10	85
10	86
10	88
10	89
10	96
10	97
10	98
10	101
10	102
10	106
10	108
10	115
10	116
10	117
10	121
10	122
10	123
11	6
11	15
11	16
11	17
11	22
11	23
11	25
11	26
11	27
11	28
11	29
11	31
11	32
11	33
11	34
11	35
11	36
11	37
11	38
11	39
11	40
11	41
11	44
11	45
11	46
11	47
11	48
11	49
11	50
11	51
11	52
11	53
11	54
11	55
11	56
11	57
11	58
11	59
11	60
11	62
11	63
11	64
11	65
11	70
11	71
11	72
11	73
11	74
11	75
11	76
11	77
11	81
11	83
11	84
11	85
11	86
11	97
11	98
11	123
11	124
12	13
12	21
12	23
12	24
12	25
12	26
12	27
12	28
12	29
12	30
12	31
12	32
12	33
12	34
12	35
12	36
12	37
12	38
12	39
12	40
12	41
12	44
12	45
12	46
12	47
12	48
12	49
12	50
12	51
12	52
12	53
12	54
12	55
12	56
12	57
12	58
12	59
12	60
12	61
12	62
12	63
12	64
12	65
12	70
12	71
12	72
12	73
12	74
12	75
12	76
12	77
12	81
12	82
12	83
12	84
12	85
12	86
12	98
12	99
12	100
12	101
12	104
12	116
12	119
12	120
12	122
12	123
12	124
12	125
13	22
13	23
13	24
13	26
13	27
13	28
13	29
13	30
13	31
13	32
13	33
13	36
13	40
13	41
13	42
13	43
13	44
13	45
13	46
13	47
13	48
13	49
13	50
13	51
13	52
13	53
13	57
13	60
13	61
13	62
13	63
13	64
13	65
13	70
13	71
13	72
13	73
13	74
13	75
13	78
13	81
13	82
13	83
13	84
13	85
13	98
13	99
13	100
13	101
13	102
13	104
13	105
13	111
13	120
13	121
13	122
13	123
13	124
13	126
13	127
14	9
14	10
14	11
14	20
14	21
14	22
14	23
14	24
14	25
14	26
14	27
14	28
14	29
14	32
14	33
14	34
14	37
14	40
14	41
14	42
14	43
14	44
14	45
14	46
14	47
14	48
14	49
14	50
14	51
14	52
14	61
14	62
14	63
14	64
14	65
14	66
14	71
14	72
14	73
14	74
14	75
14	82
14	83
14	84
14	85
14	98
14	99
14	100
14	101
14	104
14	105
14	116
14	117
14	118
14	119
14	120
14	121
14	122
14	123
14	124
14	125
14	126
14	127
15	1
15	2
15	6
15	7
15	8
15	9
15	10
15	11
15	21
15	22
15	23
15	24
15	25
15	26
15	27
15	29
15	30
15	31
15	32
15	33
15	34
15	38
15	39
15	40
15	41
15	42
15	43
15	44
15	45
15	46
15	47
15	48
15	49
15	51
15	54
15	55
15	56
15	57
15	58
15	60
15	61
15	62
15	63
15	64
15	65
15	66
15	70
15	71
15	72
15	75
15	83
15	84
15	85
15	86
15	87
15	93
15	94
15	95
15	97
15	98
15	99
15	100
15	103
15	108
15	113
15	115
15	116
15	117
15	118
15	120
15	121
15	122
15	123
15	124
15	125
15	126
15	127
16	0
16	1
16	6
16	7
16	8
16	9
16	10
16	11
16	21
16	22
16	23
16	24
16	25
16	26
16	27
16	28
16	29
16	30
16	31
16	32
16	33
16	34
16	39
16	40
16	41
16	42
16	43
16	49
16	51
16	56
16	57
16	58
16	59
16	60
16	61
16	62
16	63
16	64
16	65
16	66
16	70
16	71
16	72
16	73
16	74
16	75
16	80
16	81
16	82
16	83
16	84
16	85
16	86
16	87
16	97
16	98
16	99
16	100
16	103
16	109
16	112
16	113
16	115
16	116
16	117
16	118
16	122
16	123
16	124
16	125
16	126
16	127
17	0
17	1
17	2
17	3
17	4
17	5
17	6
17	7
17	8
17	9
17	10
17	11
17	14
17	16
17	22
17	23
17	24
17	25
17	26
17	27
17	28
17	29
17	30
17	31
17	32
17	33
17	39
17	56
17	57
17	58
17	59
17	60
17	61
17	63
17	64
17	65
17	66
17	67
17	70
17	71
17	72
17	73
17	74
17	75
17	80
17	82
17	83
17	84
17	85
17	86
17	97
17	98
17	99
17	104
17	112
17	113
17	114
17	115
17	116
17	117
17	123
17	124
17	125
17	126
17	127
18	0
18	1
18	2
18	3
18	4
18	5
18	6
18	7
18	8
18	9
18	10
18	11
18	12
18	15
18	16
18	21
18	22
18	23
18	24
18	25
18	27
18	28
18	29
18	30
18	31
18	32
18	33
18	54
18	55
18	56
18	57
18	58
18	59
18	60
18	61
18	62
18	63
18	64
18	65
18	66
18	67
18	68
18	69
18	70
18	71
18	72
18	73
18	74
18	75
18	77
18	80
18	82
18	83
18	84
18	85
18	86
18	87
18	88
18	89
18	90
18	94
18	99
18	106
18	112
18	113
18	114
18	115
18	116
18	123
18	125
18	126
18	127
19	0
19	1
19	2
19	3
19	4
19	5
19	6
19	7
19	8
19	9
19	10
19	11
19	12
19	13
19	14
19	15
19	16
19	22
19	25
19	27
19	28
19	29
19	30
19	31
19	32
19	33
19	34
19	55
19	58
19	59
19	60
19	61
19	63
19	64
19	65
19	66
19	68
19	69
19	70
19	83
19	84
19	85
19	86
19	87
19	88
19	90
19	98
19	99
19	113
19	114
19	115
20	1
20	2
20	3
20	4
20	5
20	7
20	8
20	9
20	10
20	11
20	12
20	13
20	14
20	15
20	16
20	17
20	19
20	20
20	22
20	23
20	24
20	25
20	26
20	27
20	29
20	30
20	39
20	40
20	41
20	45
20	51
20	55
20	56
20	57
20	58
20	60
20	64
20	65
20	66
20	75
20	76
20	79
20	82
20	83
20	84
20	85
20	86
20	87
20	88
20	114
20	115
20	116
20	123
21	1
21	2
21	4
21	5
21	6
21	7
21	8
21	9
21	10
21	15
21	19
21	20
21	22
21	23
21	24
21	25
21	26
21	29
21	30
21	41
21	42
21	43
21	44
21	56
21	57
21	58
21	60
21	83
21	84
21	85
21	86
21	87
21	88
21	89
21	90
21	114
21	115
21	116
21	119
21	120
21	127
22	0
22	1
22	2
22	3
22	4
22	5
22	6
22	7
22	8
22	9
22	16
22	17
22	18
22	19
22	20
22	21
22	22
22	24
22	25
22	26
22	27
22	28
22	29
22	30
22	31
22	39
22	40
22	41
22	42
22	43
22	44
22	45
22	56
22	57
22	58
22	59
22	60
22	78
22	81
22	82
22	83
22	84
22	88
22	89
22	90
22	106
22	114
22	115
22	116
22	117
22	121
23	0
23	1
23	2
23	3
23	4
23	5
23	6
23	7
23	8
23	14
23	15
23	16
23	17
23	18
23	21
23	22
23	25
23	26
23	27
23	28
23	29
23	30
23	31
23	39
23	40
23	41
23	42
23	43
23	44
23	45
23	46
23	58
23	59
23	60
23	61
23	62
23	78
23	79
23	81
23	82
23	83
23	86
23	88
23	89
23	90
23	91
23	97
23	98
23	99
23	112
23	114
23	115
23	116
23	117
23	119
24	2
24	3
24	4
24	5
24	6
24	8
24	15
24	16
24	17
24	18
24	20
24	21
24	22
24	23
24	24
24	25
24	26
24	27
24	28
24	29
24	30
24	31
24	32
24	39
24	40
24	41
24	42
24	45
24	46
24	47
24	48
24	49
24	50
24	51
24	56
24	57
24	58
24	59
24	60
24	61
24	67
24	68
24	72
24	73
24	74
24	78
24	79
24	80
24	81
24	82
24	85
24	86
24	87
24	88
24	89
24	90
24	91
24	96
24	97
24	98
24	99
24	103
24	104
24	105
24	112
24	113
24	114
24	115
24	116
24	117
24	119
24	120
25	3
25	4
25	5
25	8
25	14
25	15
25	16
25	18
25	21
25	22
25	23
25	24
25	25
25	26
25	27
25	28
25	29
25	30
25	31
25	32
25	33
25	38
25	39
25	40
25	41
25	42
25	47
25	48
25	49
25	51
25	55
25	56
25	57
25	58
25	59
25	60
25	61
25	62
25	68
25	69
25	70
25	71
25	72
25	73
25	78
25	79
25	80
25	85
25	86
25	87
25	88
25	89
25	90
25	91
25	93
25	97
25	98
25	99
25	100
25	102
25	103
25	104
25	105
25	114
25	115
25	116
25	117
25	118
25	119
25	120
25	121
25	122
25	123
25	124
26	3
26	4
26	5
26	7
26	10
26	11
26	12
26	13
26	14
26	15
26	16
26	18
26	23
26	24
26	25
26	26
26	27
26	28
26	29
26	30
26	31
26	38
26	39
26	40
26	41
26	42
26	47
26	48
26	49
26	52
26	55
26	56
26	58
26	59
26	60
26	61
26	62
26	63
26	67
26	68
26	70
26	71
26	72
26	78
26	79
26	80
26	85
26	86
26	87
26	88
26	89
26	90
26	91
26	92
26	93
26	94
26	99
26	100
26	103
26	104
26	105
26	112
26	113
26	114
26	115
26	116
26	117
26	118
26	119
26	120
26	121
26	122
26	123
26	124
27	4
27	5
27	10
27	11
27	16
27	17
27	18
27	21
27	22
27	23
27	24
27	25
27	26
27	27
27	28
27	29
27	30
27	31
27	38
27	39
27	42
27	43
27	46
27	47
27	48
27	49
27	50
27	51
27	58
27	60
27	61
27	62
27	64
27	65
27	66
27	67
27	68
27	78
27	81
27	85
27	86
27	87
27	88
27	89
27	90
27	91
27	92
27	93
27	96
27	97
27	98
27	100
27	104
27	106
27	112
27	113
27	114
27	115
27	116
27	117
27	118
27	119
27	120
27	121
27	122
28	8
28	16
28	17
28	18
28	19
28	21
28	22
28	23
28	24
28	25
28	26
28	27
28	30
28	31
28	35
28	36
28	37
28	43
28	44
28	45
28	47
28	48
28	49
28	50
28	58
28	60
28	61
28	62
28	63
28	64
28	65
28	66
28	67
28	68
28	83
28	84
28	85
28	86
28	87
28	89
28	90
28	91
28	92
28	97
28	98
28	99
28	107
28	111
28	112
28	113
28	114
28	115
28	116
28	117
28	118
28	119
28	120
28	121
29	8
29	9
29	10
29	14
29	16
29	17
29	18
29	19
29	20
29	21
29	22
29	23
29	24
29	25
29	26
29	27
29	31
29	35
29	36
29	37
29	38
29	42
29	46
29	47
29	48
29	49
29	50
29	52
29	53
29	56
29	57
29	58
29	59
29	60
29	61
29	62
29	63
29	64
29	65
29	66
29	67
29	83
29	84
29	85
29	86
29	87
29	88
29	89
29	95
29	96
29	97
29	98
29	99
29	111
29	112
29	113
29	114
29	115
29	116
29	117
29	118
29	119
29	120
29	121
29	123
30	3
30	4
30	5
30	6
30	7
30	9
30	10
30	11
30	12
30	16
30	17
30	18
30	19
30	20
30	21
30	22
30	23
30	24
30	25
30	26
30	27
30	28
30	36
30	37
30	38
30	42
30	47
30	48
30	49
30	50
30	51
30	52
30	53
30	56
30	57
30	58
30	59
30	60
30	61
30	62
30	63
30	64
30	65
30	66
30	67
30	68
30	75
30	83
30	84
30	85
30	86
30	87
30	88
30	93
30	94
30	95
30	96
30	110
30	111
30	112
30	113
30	115
30	116
30	117
30	118
30	119
30	120
30	121
30	122
30	123
31	7
31	8
31	9
31	10
31	11
31	12
31	16
31	17
31	18
31	19
31	20
31	21
31	22
31	23
31	25
31	26
31	27
31	28
31	29
31	30
31	31
31	32
31	33
31	36
31	37
31	42
31	46
31	47
31	48
31	50
31	51
31	52
31	54
31	56
31	57
31	58
31	59
31	60
31	61
31	62
31	64
31	65
31	83
31	84
31	85
31	86
31	87
31	88
31	89
31	93
31	94
31	95
31	96
31	100
31	103
31	107
31	108
31	109
31	110
31	111
31	112
31	113
31	116
31	117
31	118
31	119
31	120
31	121
31	122
31	123
31	124
31	125
31	126
32	0
32	2
32	3
32	4
32	6
32	7
32	8
32	9
32	10
32	11
32	12
32	18
32	19
32	20
32	21
32	22
32	23
32	26
32	27
32	29
32	30
32	31
32	33
32	34
32	35
32	36
32	37
32	42
32	43
32	46
32	47
32	50
32	51
32	52
32	53
32	54
32	55
32	56
32	57
32	60
32	61
32	64
32	65
32	90
32	100
32	101
32	102
32	103
32	104
32	105
32	106
32	107
32	108
32	109
32	110
32	111
32	112
32	113
32	114
32	117
32	118
32	119
32	120
32	123
32	124
32	125
32	126
32	127
33	0
33	1
33	2
33	3
33	4
33	5
33	6
33	7
33	8
33	9
33	10
33	11
33	13
33	18
33	26
33	27
33	30
33	31
33	32
33	33
33	34
33	35
33	36
33	37
33	38
33	42
33	43
33	45
33	46
33	47
33	48
33	49
33	50
33	51
33	52
33	53
33	54
33	55
33	56
33	57
33	59
33	60
33	61
33	64
33	65
33	88
33	95
33	100
33	103
33	104
33	105
33	106
33	107
33	108
33	109
33	110
33	111
33	112
33	113
33	117
33	118
33	119
33	120
33	123
33	124
33	125
33	126
33	127
34	0
34	3
34	5
34	7
34	8
34	9
34	10
34	11
34	18
34	23
34	26
34	30
34	31
34	32
34	33
34	34
34	35
34	36
34	37
34	38
34	39
34	41
34	42
34	43
34	49
34	50
34	51
34	52
34	53
34	54
34	55
34	56
34	57
34	59
34	60
34	61
34	62
34	63
34	64
34	65
34	76
34	78
34	80
34	87
34	90
34	91
34	103
34	104
34	105
34	109
34	110
34	113
34	116
34	117
34	118
34	126
34	127
35	0
35	2
35	6
35	7
35	8
35	9
35	10
35	11
35	26
35	27
35	28
35	29
35	30
35	31
35	32
35	33
35	34
35	35
35	36
35	41
35	42
35	49
35	50
35	51
35	52
35	53
35	54
35	55
35	56
35	57
35	58
35	59
35	60
35	61
35	62
35	63
35	64
35	65
35	66
35	72
35	73
35	74
35	75
35	77
35	78
35	79
35	80
35	81
35	82
35	83
35	88
35	90
35	103
35	104
35	105
35	106
35	108
35	109
35	110
35	111
35	112
35	113
35	116
35	117
35	118
35	119
35	120
35	121
35	126
36	6
36	7
36	8
36	9
36	10
36	11
36	12
36	14
36	26
36	27
36	28
36	29
36	30
36	31
36	32
36	34
36	35
36	37
36	42
36	43
36	44
36	45
36	46
36	47
36	49
36	50
36	51
36	52
36	53
36	55
36	56
36	57
36	58
36	59
36	60
36	61
36	62
36	63
36	70
36	71
36	72
36	73
36	74
36	75
36	76
36	78
36	79
36	80
36	81
36	82
36	83
36	84
36	88
36	102
36	103
36	105
36	106
36	108
36	109
36	110
36	115
36	116
36	117
36	118
36	119
36	120
36	121
37	8
37	9
37	10
37	11
37	12
37	14
37	15
37	25
37	26
37	27
37	28
37	29
37	30
37	31
37	32
37	34
37	35
37	36
37	37
37	38
37	39
37	40
37	41
37	42
37	43
37	44
37	45
37	49
37	50
37	51
37	52
37	53
37	54
37	56
37	57
37	58
37	59
37	60
37	61
37	69
37	70
37	71
37	72
37	73
37	74
37	75
37	79
37	80
37	81
37	82
37	83
37	84
37	88
37	89
37	99
37	104
37	106
37	109
37	110
37	111
37	116
37	117
37	118
37	119
37	120
37	121
37	123
38	8
38	9
38	10
38	11
38	14
38	15
38	20
38	23
38	24
38	25
38	26
38	27
38	28
38	29
38	30
38	31
38	32
38	33
38	34
38	35
38	36
38	37
38	38
38	39
38	41
38	42
38	43
38	44
38	45
38	46
38	47
38	48
38	49
38	50
38	51
38	52
38	53
38	54
38	55
38	56
38	57
38	58
38	59
38	60
38	61
38	68
38	69
38	70
38	72
38	73
38	74
38	78
38	79
38	80
38	81
38	82
38	83
38	84
38	87
38	88
38	98
38	99
38	101
38	102
38	103
38	104
38	105
38	106
38	107
38	109
38	110
38	111
38	112
38	113
38	116
38	117
38	118
38	119
38	126
39	8
39	9
39	10
39	14
39	24
39	25
39	26
39	27
39	28
39	29
39	30
39	31
39	32
39	33
39	34
39	35
39	36
39	37
39	38
39	39
39	40
39	41
39	42
39	43
39	44
39	45
39	46
39	49
39	51
39	52
39	55
39	56
39	57
39	58
39	60
39	67
39	69
39	70
39	71
39	72
39	73
39	74
39	75
39	76
39	77
39	78
39	79
39	81
39	82
39	84
39	85
39	86
39	87
39	88
39	93
39	100
39	101
39	102
39	103
39	104
39	105
39	106
39	107
39	108
39	109
39	110
39	111
39	112
39	118
39	119
39	120
39	121
40	7
40	8
40	9
40	10
40	11
40	12
40	13
40	14
40	22
40	23
40	24
40	25
40	26
40	27
40	28
40	29
40	30
40	31
40	32
40	33
40	34
40	35
40	36
40	37
40	38
40	39
40	40
40	41
40	42
40	43
40	44
40	45
40	46
40	51
40	54
40	55
40	56
40	57
40	58
40	59
40	60
40	61
40	62
40	63
40	64
40	65
40	66
40	67
40	68
40	69
40	70
40	71
40	72
40	73
40	74
40	75
40	76
40	77
40	78
40	79
40	80
40	81
40	82
40	85
40	88
40	89
40	101
40	102
40	103
40	104
40	105
40	106
40	107
40	108
40	109
40	110
40	111
40	112
40	119
40	120
40	121
40	122
40	127
41	7
41	8
41	9
41	10
41	11
41	12
41	13
41	14
41	15
41	16
41	17
41	18
41	19
41	20
41	21
41	22
41	23
41	24
41	25
41	26
41	28
41	29
41	30
41	31
41	32
41	33
41	37
41	38
41	39
41	40
41	41
41	42
41	43
41	44
41	45
41	46
41	47
41	48
41	49
41	52
41	54
41	55
41	56
41	57
41	58
41	59
41	60
41	61
41	62
41	64
41	65
41	66
41	67
41	68
41	69
41	70
41	71
41	72
41	73
41	74
41	75
41	76
41	77
41	78
41	79
41	80
41	81
41	85
41	86
41	87
41	88
41	101
41	102
41	103
41	104
41	105
41	106
41	107
41	108
41	109
41	110
41	112
41	113
41	114
41	115
41	116
41	119
41	120
41	121
41	122
41	123
42	8
42	9
42	10
42	11
42	14
42	16
42	17
42	18
42	19
42	20
42	21
42	22
42	23
42	24
42	25
42	26
42	27
42	28
42	29
42	32
42	37
42	38
42	39
42	40
42	41
42	42
42	43
42	44
42	45
42	46
42	47
42	48
42	54
42	55
42	56
42	57
42	58
42	59
42	60
42	61
42	62
42	63
42	64
42	65
42	66
42	67
42	68
42	69
42	70
42	71
42	72
42	73
42	74
42	75
42	77
42	78
42	79
42	80
42	88
42	89
42	90
42	96
42	99
42	101
42	102
42	103
42	104
42	105
42	106
42	107
42	108
42	109
42	110
42	111
42	112
42	113
42	114
42	115
42	116
42	117
42	118
42	119
42	122
42	123
42	127
43	5
43	9
43	10
43	16
43	17
43	18
43	19
43	20
43	22
43	23
43	24
43	25
43	26
43	27
43	39
43	40
43	42
43	43
43	44
43	45
43	46
43	54
43	55
43	56
43	58
43	59
43	60
43	61
43	62
43	63
43	65
43	66
43	67
43	68
43	69
43	70
43	71
43	72
43	73
43	74
43	75
43	76
43	77
43	78
43	81
43	87
43	88
43	89
43	98
43	99
43	100
43	101
43	102
43	103
43	104
43	105
43	106
43	107
43	108
43	109
43	113
43	116
43	117
43	118
43	119
43	120
44	5
44	6
44	7
44	9
44	10
44	16
44	18
44	19
44	20
44	21
44	22
44	23
44	24
44	25
44	26
44	27
44	36
44	37
44	38
44	39
44	40
44	41
44	42
44	43
44	44
44	45
44	46
44	47
44	48
44	50
44	51
44	53
44	54
44	55
44	56
44	57
44	58
44	59
44	60
44	61
44	62
44	63
44	64
44	65
44	66
44	67
44	69
44	70
44	71
44	72
44	73
44	76
44	80
44	81
44	86
44	87
44	88
44	89
44	90
44	97
44	98
44	99
44	100
44	101
44	102
44	103
44	104
44	105
44	108
44	109
44	116
44	117
44	118
44	119
44	120
44	121
45	5
45	6
45	7
45	8
45	9
45	10
45	11
45	16
45	17
45	18
45	19
45	20
45	21
45	22
45	23
45	24
45	25
45	26
45	27
45	38
45	39
45	40
45	41
45	42
45	43
45	44
45	45
45	47
45	48
45	50
45	51
45	52
45	54
45	55
45	56
45	57
45	58
45	60
45	61
45	62
45	63
45	64
45	65
45	66
45	67
45	68
45	69
45	70
45	71
45	72
45	75
45	76
45	77
45	78
45	79
45	80
45	81
45	82
45	83
45	84
45	85
45	86
45	87
45	88
45	89
45	90
45	97
45	99
45	100
45	101
45	102
45	103
45	104
45	105
45	106
45	113
45	116
45	119
46	7
46	8
46	9
46	10
46	14
46	15
46	16
46	17
46	18
46	19
46	20
46	21
46	22
46	23
46	24
46	25
46	26
46	27
46	28
46	32
46	33
46	38
46	39
46	40
46	41
46	42
46	43
46	44
46	45
46	46
46	47
46	48
46	49
46	50
46	54
46	55
46	56
46	57
46	60
46	61
46	62
46	63
46	64
46	65
46	66
46	67
46	70
46	71
46	72
46	75
46	76
46	77
46	78
46	79
46	80
46	81
46	82
46	83
46	84
46	85
46	86
46	87
46	89
46	90
46	96
46	97
46	98
46	99
46	100
46	101
46	102
46	103
46	104
46	105
46	116
46	117
46	119
47	5
47	6
47	8
47	9
47	10
47	13
47	14
47	15
47	16
47	18
47	19
47	20
47	23
47	24
47	25
47	26
47	27
47	28
47	29
47	31
47	32
47	36
47	38
47	39
47	40
47	41
47	42
47	44
47	45
47	46
47	47
47	50
47	53
47	54
47	55
47	56
47	57
47	58
47	60
47	61
47	62
47	63
47	64
47	65
47	66
47	67
47	68
47	73
47	74
47	77
47	78
47	79
47	80
47	81
47	82
47	83
47	84
47	85
47	86
47	87
47	96
47	97
47	98
47	99
47	100
47	101
47	103
47	111
47	112
47	115
47	116
47	117
47	124
48	2
48	5
48	13
48	14
48	15
48	23
48	24
48	25
48	26
48	27
48	28
48	29
48	30
48	31
48	32
48	38
48	39
48	40
48	41
48	42
48	43
48	44
48	45
48	49
48	55
48	56
48	57
48	58
48	59
48	60
48	61
48	62
48	64
48	65
48	66
48	71
48	72
48	73
48	74
48	75
48	76
48	77
48	78
48	79
48	80
48	81
48	82
48	83
48	84
48	85
48	86
48	87
48	95
48	96
48	97
48	98
48	99
48	100
48	101
48	102
48	103
48	104
48	110
48	111
48	112
48	116
48	117
49	2
49	11
49	12
49	13
49	14
49	15
49	16
49	18
49	22
49	23
49	25
49	26
49	28
49	29
49	30
49	32
49	33
49	34
49	35
49	36
49	41
49	42
49	45
49	46
49	49
49	50
49	54
49	57
49	58
49	59
49	60
49	61
49	62
49	63
49	64
49	65
49	66
49	71
49	72
49	73
49	75
49	76
49	77
49	78
49	81
49	82
49	83
49	84
49	85
49	86
49	87
49	88
49	89
49	90
49	91
49	93
49	94
49	95
49	96
49	97
49	98
49	99
49	100
49	102
49	103
49	104
49	110
49	111
49	112
49	116
49	117
49	124
49	125
50	0
50	1
50	2
50	7
50	8
50	10
50	11
50	12
50	13
50	14
50	15
50	16
50	17
50	18
50	21
50	22
50	23
50	24
50	25
50	26
50	27
50	28
50	29
50	30
50	32
50	33
50	34
50	41
50	42
50	53
50	54
50	55
50	57
50	58
50	59
50	60
50	61
50	62
50	63
50	64
50	65
50	66
50	69
50	70
50	71
50	72
50	73
50	76
50	77
50	78
50	79
50	81
50	82
50	83
50	84
50	85
50	86
50	87
50	88
50	89
50	90
50	91
50	93
50	94
50	95
50	96
50	97
50	99
50	100
50	101
50	102
50	103
50	104
50	105
50	106
50	110
50	111
50	112
50	117
50	118
50	124
51	1
51	2
51	5
51	7
51	8
51	9
51	10
51	12
51	13
51	14
51	15
51	16
51	17
51	18
51	19
51	20
51	21
51	22
51	23
51	24
51	25
51	26
51	27
51	28
51	29
51	30
51	32
51	33
51	34
51	35
51	36
51	39
51	41
51	45
51	46
51	53
51	54
51	55
51	57
51	58
51	59
51	60
51	61
51	62
51	63
51	64
51	65
51	66
51	70
51	72
51	73
51	79
51	80
51	81
51	82
51	83
51	84
51	85
51	86
51	87
51	88
51	89
51	90
51	91
51	92
51	93
51	94
51	95
51	96
51	97
51	98
51	99
51	100
51	101
51	102
51	103
51	105
51	106
51	111
51	112
51	113
51	114
51	116
51	117
51	123
51	124
52	4
52	5
52	6
52	7
52	8
52	9
52	10
52	12
52	13
52	14
52	16
52	17
52	18
52	19
52	20
52	21
52	22
52	23
52	24
52	25
52	26
52	27
52	28
52	29
52	30
52	31
52	32
52	33
52	35
52	36
52	39
52	40
52	41
52	42
52	43
52	45
52	46
52	51
52	52
52	53
52	57
52	58
52	60
52	61
52	62
52	63
52	64
52	65
52	66
52	68
52	69
52	70
52	79
52	80
52	81
52	82
52	85
52	87
52	88
52	89
52	92
52	93
52	94
52	95
52	96
52	97
52	98
52	99
52	100
52	101
52	102
52	103
52	105
52	109
52	110
52	111
52	112
52	113
52	114
52	115
52	116
52	117
52	118
52	120
52	121
52	123
52	124
53	0
53	4
53	5
53	6
53	7
53	8
53	9
53	10
53	11
53	12
53	13
53	16
53	17
53	18
53	19
53	20
53	21
53	22
53	23
53	24
53	25
53	26
53	27
53	28
53	29
53	30
53	31
53	32
53	33
53	34
53	35
53	36
53	39
53	40
53	42
53	43
53	44
53	45
53	46
53	51
53	57
53	58
53	59
53	60
53	61
53	62
53	63
53	68
53	69
53	70
53	71
53	72
53	76
53	77
53	78
53	79
53	81
53	82
53	85
53	86
53	87
53	88
53	89
53	90
53	91
53	93
53	94
53	95
53	96
53	97
53	98
53	99
53	100
53	101
53	102
53	103
53	104
53	105
53	106
53	109
53	110
53	111
53	112
53	113
53	114
53	115
53	117
53	118
53	121
53	122
53	123
53	124
53	125
54	0
54	5
54	7
54	8
54	9
54	10
54	11
54	12
54	13
54	15
54	16
54	17
54	18
54	19
54	20
54	21
54	22
54	23
54	24
54	25
54	26
54	27
54	28
54	29
54	30
54	31
54	32
54	33
54	34
54	35
54	36
54	37
54	44
54	45
54	49
54	50
54	51
54	57
54	58
54	59
54	60
54	61
54	62
54	63
54	68
54	69
54	70
54	71
54	72
54	73
54	74
54	76
54	77
54	78
54	79
54	80
54	81
54	85
54	87
54	88
54	89
54	90
54	91
54	92
54	93
54	94
54	95
54	96
54	97
54	98
54	99
54	100
54	101
54	102
54	103
54	104
54	105
54	106
54	108
54	109
54	110
54	111
54	112
54	113
54	114
54	115
54	117
54	118
54	119
54	120
54	122
54	123
54	124
54	125
54	126
54	127
55	0
55	1
55	2
55	3
55	5
55	6
55	7
55	8
55	9
55	10
55	12
55	13
55	14
55	15
55	17
55	18
55	19
55	20
55	21
55	22
55	23
55	24
55	26
55	27
55	28
55	29
55	30
55	31
55	32
55	33
55	34
55	35
55	36
55	37
55	46
55	48
55	49
55	50
55	57
55	58
55	59
55	60
55	61
55	70
55	71
55	72
55	73
55	74
55	76
55	77
55	78
55	79
55	80
55	81
55	87
55	88
55	89
55	90
55	91
55	92
55	93
55	94
55	95
55	96
55	97
55	100
55	101
55	102
55	103
55	104
55	106
55	108
55	109
55	110
55	111
55	112
55	113
55	114
55	115
55	116
55	117
55	118
55	119
55	120
55	123
55	124
55	125
55	127
56	0
56	1
56	2
56	3
56	4
56	5
56	6
56	7
56	8
56	10
56	11
56	12
56	13
56	14
56	15
56	17
56	18
56	19
56	21
56	22
56	23
56	24
56	25
56	26
56	27
56	31
56	32
56	33
56	34
56	35
56	36
56	37
56	47
56	48
56	49
56	51
56	56
56	58
56	59
56	60
56	61
56	67
56	71
56	72
56	73
56	74
56	75
56	76
56	77
56	78
56	79
56	80
56	81
56	82
56	83
56	87
56	88
56	90
56	92
56	93
56	94
56	95
56	100
56	101
56	102
56	103
56	104
56	105
56	106
56	109
56	110
56	111
56	112
56	113
56	114
56	115
56	116
56	118
56	119
56	120
56	121
56	122
56	123
56	124
56	125
56	126
56	127
57	0
57	1
57	2
57	3
57	4
57	5
57	6
57	7
57	8
57	13
57	14
57	15
57	16
57	17
57	18
57	19
57	20
57	21
57	22
57	23
57	24
57	25
57	26
57	27
57	28
57	31
57	32
57	33
57	34
57	35
57	36
57	37
57	47
57	48
57	49
57	55
57	56
57	57
57	58
57	59
57	60
57	65
57	66
57	71
57	72
57	73
57	74
57	75
57	76
57	77
57	78
57	79
57	80
57	81
57	87
57	88
57	89
57	92
57	93
57	94
57	95
57	100
57	101
57	104
57	105
57	106
57	107
57	108
57	109
57	110
57	111
57	112
57	113
57	115
57	118
57	119
57	120
57	121
57	122
57	123
57	124
57	125
57	126
57	127
58	0
58	1
58	2
58	3
58	4
58	5
58	6
58	7
58	8
58	14
58	15
58	16
58	17
58	18
58	20
58	21
58	22
58	23
58	24
58	26
58	27
58	29
58	30
58	31
58	32
58	43
58	55
58	56
58	57
58	58
58	59
58	60
58	61
58	65
58	66
58	71
58	72
58	73
58	74
58	75
58	76
58	77
58	78
58	79
58	80
58	81
58	87
58	93
58	94
58	95
58	96
58	97
58	99
58	100
58	103
58	104
58	105
58	106
58	107
58	108
58	109
58	110
58	111
58	112
58	113
58	114
58	115
58	116
58	117
58	118
58	120
58	121
58	122
58	123
58	124
58	125
58	126
58	127
59	0
59	1
59	2
59	3
59	4
59	5
59	7
59	14
59	15
59	16
59	17
59	18
59	19
59	20
59	21
59	22
59	23
59	24
59	25
59	26
59	27
59	31
59	40
59	43
59	51
59	52
59	56
59	57
59	58
59	59
59	60
59	61
59	64
59	65
59	66
59	68
59	69
59	70
59	71
59	72
59	73
59	74
59	75
59	76
59	77
59	78
59	79
59	80
59	81
59	82
59	83
59	97
59	98
59	99
59	100
59	102
59	103
59	104
59	105
59	106
59	107
59	108
59	109
59	110
59	111
59	112
59	113
59	114
59	116
59	118
59	120
59	121
59	122
59	123
59	124
59	125
59	126
59	127
60	1
60	2
60	3
60	4
60	5
60	6
60	7
60	14
60	15
60	16
60	18
60	19
60	21
60	22
60	23
60	24
60	25
60	26
60	27
60	28
60	31
60	32
60	42
60	43
60	50
60	51
60	52
60	56
60	57
60	58
60	64
60	65
60	66
60	67
60	68
60	70
60	71
60	72
60	73
60	74
60	78
60	80
60	81
60	82
60	83
60	84
60	85
60	86
60	91
60	92
60	93
60	96
60	97
60	98
60	99
60	100
60	102
60	103
60	104
60	105
60	106
60	107
60	108
60	109
60	110
60	111
60	112
60	113
60	114
60	115
60	116
60	117
60	118
60	119
60	121
60	122
60	123
60	124
60	125
60	126
61	0
61	1
61	2
61	3
61	4
61	5
61	6
61	7
61	8
61	14
61	15
61	16
61	20
61	21
61	22
61	23
61	24
61	25
61	26
61	31
61	41
61	42
61	44
61	45
61	49
61	50
61	64
61	65
61	67
61	68
61	69
61	70
61	71
61	72
61	73
61	74
61	77
61	81
61	82
61	83
61	84
61	85
61	86
61	87
61	88
61	89
61	90
61	91
61	92
61	93
61	94
61	95
61	96
61	97
61	99
61	100
61	101
61	102
61	103
61	104
61	105
61	107
61	108
61	109
61	110
61	111
61	112
61	113
61	114
61	115
61	116
61	117
61	118
61	119
61	120
61	121
61	122
61	123
61	124
61	125
61	126
62	0
62	1
62	2
62	3
62	4
62	5
62	6
62	10
62	12
62	13
62	14
62	15
62	16
62	17
62	18
62	20
62	21
62	22
62	23
62	24
62	25
62	26
62	31
62	37
62	38
62	59
62	60
62	61
62	62
62	63
62	64
62	65
62	66
62	67
62	68
62	69
62	70
62	71
62	72
62	73
62	81
62	82
62	83
62	84
62	85
62	86
62	87
62	88
62	89
62	90
62	91
62	92
62	93
62	94
62	95
62	96
62	97
62	98
62	99
62	100
62	101
62	102
62	103
62	104
62	105
62	106
62	107
62	108
62	109
62	111
62	112
62	113
62	114
62	115
62	116
62	117
62	118
62	119
62	120
62	121
62	123
62	124
62	125
63	8
63	9
63	10
63	11
63	12
63	13
63	15
63	16
63	17
63	18
63	19
63	20
63	21
63	22
63	23
63	24
63	25
63	28
63	29
63	31
63	32
63	33
63	37
63	49
63	50
63	55
63	58
63	59
63	60
63	61
63	62
63	63
63	64
63	65
63	66
63	67
63	68
63	69
63	70
63	71
63	72
63	85
63	86
63	87
63	88
63	89
63	90
63	91
63	92
63	93
63	94
63	95
63	96
63	97
63	98
63	99
63	101
63	102
63	104
63	105
63	106
63	107
63	108
63	109
63	110
63	111
63	114
63	115
63	116
63	117
63	118
63	119
63	120
63	121
63	122
63	123
63	124
63	126
64	7
64	8
64	9
64	10
64	11
64	12
64	14
64	15
64	16
64	17
64	18
64	19
64	20
64	21
64	22
64	23
64	24
64	27
64	28
64	29
64	30
64	31
64	32
64	37
64	38
64	41
64	42
64	44
64	55
64	56
64	57
64	58
64	60
64	61
64	62
64	63
64	64
64	65
64	66
64	67
64	68
64	69
64	70
64	71
64	73
64	85
64	86
64	87
64	88
64	89
64	90
64	91
64	92
64	97
64	98
64	99
64	101
64	102
64	104
64	105
64	106
64	108
64	109
64	111
64	112
64	113
64	114
64	115
64	116
64	117
64	118
64	119
64	120
64	121
64	122
64	123
64	124
64	125
64	126
64	127
65	3
65	4
65	5
65	6
65	7
65	8
65	9
65	10
65	13
65	14
65	17
65	18
65	19
65	20
65	21
65	22
65	23
65	24
65	25
65	26
65	28
65	29
65	30
65	31
65	32
65	33
65	37
65	38
65	40
65	41
65	42
65	54
65	55
65	56
65	57
65	58
65	60
65	61
65	62
65	64
65	65
65	66
65	67
65	68
65	69
65	70
65	85
65	86
65	87
65	88
65	89
65	90
65	91
65	92
65	93
65	94
65	98
65	99
65	101
65	102
65	104
65	106
65	107
65	108
65	109
65	110
65	111
65	112
65	113
65	114
65	115
65	116
65	120
65	121
65	122
65	123
65	124
65	126
65	127
66	3
66	4
66	6
66	7
66	8
66	9
66	10
66	12
66	13
66	15
66	16
66	17
66	18
66	19
66	20
66	21
66	22
66	24
66	25
66	26
66	29
66	30
66	31
66	32
66	37
66	38
66	39
66	40
66	41
66	45
66	48
66	55
66	56
66	57
66	58
66	59
66	60
66	61
66	62
66	63
66	64
66	65
66	66
66	67
66	68
66	69
66	72
66	87
66	88
66	91
66	92
66	93
66	94
66	96
66	97
66	98
66	99
66	102
66	105
66	106
66	107
66	108
66	109
66	110
66	111
66	112
66	113
66	114
66	115
66	116
66	117
66	118
66	119
66	120
66	121
66	122
66	123
66	124
66	125
66	126
67	5
67	6
67	8
67	9
67	11
67	12
67	13
67	16
67	17
67	18
67	19
67	20
67	21
67	24
67	25
67	26
67	27
67	28
67	29
67	30
67	32
67	37
67	38
67	39
67	40
67	46
67	48
67	54
67	55
67	56
67	58
67	59
67	60
67	61
67	62
67	63
67	64
67	65
67	66
67	67
67	68
67	69
67	82
67	87
67	88
67	89
67	92
67	94
67	95
67	96
67	97
67	98
67	99
67	104
67	105
67	106
67	107
67	108
67	109
67	110
67	111
67	112
67	114
67	115
67	116
67	117
67	120
67	121
67	124
67	125
68	0
68	6
68	7
68	8
68	9
68	10
68	13
68	14
68	15
68	16
68	17
68	18
68	19
68	20
68	21
68	22
68	23
68	24
68	25
68	26
68	27
68	28
68	29
68	30
68	31
68	32
68	33
68	36
68	38
68	39
68	40
68	46
68	47
68	51
68	54
68	55
68	56
68	57
68	58
68	59
68	60
68	61
68	62
68	63
68	64
68	65
68	66
68	67
68	68
68	69
68	70
68	71
68	74
68	80
68	81
68	82
68	87
68	88
68	89
68	95
68	96
68	97
68	98
68	99
68	100
68	105
68	106
68	107
68	108
68	109
68	110
68	111
68	112
68	113
68	114
68	115
68	116
68	117
68	118
68	119
68	120
68	121
69	5
69	6
69	7
69	8
69	9
69	10
69	13
69	14
69	15
69	16
69	17
69	18
69	19
69	20
69	24
69	25
69	26
69	27
69	28
69	29
69	30
69	31
69	32
69	33
69	36
69	37
69	38
69	39
69	40
69	46
69	57
69	60
69	61
69	62
69	66
69	67
69	68
69	69
69	70
69	71
69	72
69	74
69	75
69	78
69	79
69	80
69	81
69	82
69	86
69	96
69	97
69	99
69	105
69	106
69	107
69	108
69	109
69	110
69	111
69	112
69	113
69	114
69	115
69	116
69	117
69	118
69	119
69	120
69	121
69	122
69	126
70	5
70	6
70	7
70	9
70	10
70	11
70	12
70	13
70	16
70	17
70	18
70	19
70	20
70	21
70	22
70	23
70	24
70	25
70	26
70	27
70	28
70	29
70	30
70	31
70	32
70	34
70	35
70	38
70	39
70	40
70	41
70	45
70	46
70	50
70	57
70	58
70	59
70	60
70	61
70	62
70	67
70	68
70	69
70	70
70	71
70	72
70	77
70	78
70	79
70	85
70	86
70	89
70	95
70	96
70	101
70	105
70	106
70	107
70	108
70	109
70	110
70	111
70	112
70	115
70	116
70	117
70	118
70	120
70	121
70	122
70	123
70	124
71	3
71	4
71	5
71	6
71	7
71	8
71	9
71	10
71	11
71	12
71	13
71	14
71	15
71	16
71	17
71	18
71	19
71	20
71	21
71	22
71	23
71	24
71	25
71	29
71	30
71	32
71	34
71	35
71	38
71	39
71	40
71	41
71	45
71	57
71	58
71	59
71	60
71	61
71	62
71	69
71	70
71	71
71	72
71	78
71	84
71	85
71	86
71	87
71	89
71	90
71	91
71	92
71	104
71	108
71	109
71	110
71	111
71	112
71	113
71	115
71	116
71	117
71	118
71	120
71	121
71	122
71	124
71	125
72	3
72	4
72	5
72	6
72	7
72	8
72	9
72	10
72	11
72	12
72	13
72	14
72	15
72	16
72	17
72	19
72	20
72	22
72	28
72	29
72	33
72	34
72	35
72	36
72	37
72	38
72	39
72	40
72	45
72	57
72	58
72	59
72	60
72	65
72	66
72	67
72	68
72	69
72	70
72	71
72	72
72	84
72	85
72	86
72	87
72	88
72	89
72	90
72	91
72	92
72	93
72	98
72	99
72	100
72	101
72	104
72	105
72	106
72	109
72	110
72	111
72	112
72	113
72	114
72	115
72	116
72	117
72	118
72	119
72	120
72	121
72	122
73	3
73	4
73	5
73	6
73	7
73	8
73	9
73	10
73	11
73	12
73	13
73	14
73	15
73	16
73	17
73	18
73	20
73	23
73	28
73	37
73	38
73	40
73	52
73	53
73	54
73	57
73	59
73	60
73	63
73	64
73	65
73	66
73	67
73	68
73	69
73	70
73	71
73	72
73	84
73	85
73	86
73	87
73	88
73	89
73	90
73	91
73	92
73	93
73	95
73	96
73	97
73	98
73	99
73	101
73	102
73	103
73	107
73	110
73	111
73	112
73	113
73	114
73	115
73	116
73	117
73	118
73	119
73	120
73	121
73	122
74	1
74	2
74	3
74	4
74	7
74	8
74	10
74	12
74	13
74	14
74	15
74	16
74	17
74	18
74	20
74	26
74	27
74	28
74	31
74	35
74	51
74	52
74	53
74	54
74	55
74	56
74	57
74	63
74	64
74	65
74	66
74	67
74	68
74	69
74	70
74	72
74	77
74	78
74	81
74	82
74	85
74	86
74	87
74	88
74	89
74	90
74	91
74	92
74	94
74	95
74	96
74	97
74	98
74	99
74	100
74	101
74	102
74	103
74	110
74	111
74	112
74	113
74	114
74	115
74	116
74	117
74	118
74	119
74	120
74	123
75	7
75	8
75	9
75	10
75	11
75	12
75	13
75	14
75	15
75	16
75	17
75	18
75	19
75	20
75	21
75	22
75	24
75	25
75	26
75	27
75	28
75	30
75	31
75	54
75	56
75	59
75	62
75	63
75	67
75	68
75	69
75	72
75	73
75	77
75	78
75	81
75	82
75	85
75	86
75	87
75	88
75	89
75	90
75	91
75	92
75	93
75	94
75	95
75	96
75	97
75	98
75	99
75	100
75	101
75	102
75	104
75	105
75	109
75	110
75	111
75	112
75	113
75	114
75	115
75	116
75	118
75	119
75	120
76	8
76	9
76	10
76	11
76	12
76	13
76	15
76	16
76	17
76	18
76	19
76	20
76	21
76	22
76	24
76	26
76	27
76	28
76	29
76	30
76	31
76	32
76	36
76	37
76	39
76	42
76	52
76	53
76	54
76	56
76	57
76	64
76	65
76	69
76	70
76	71
76	74
76	76
76	77
76	78
76	79
76	84
76	85
76	86
76	87
76	88
76	89
76	90
76	91
76	92
76	94
76	95
76	96
76	97
76	98
76	99
76	100
76	101
76	102
76	103
76	104
76	105
76	106
76	109
76	110
76	111
76	113
76	114
76	119
76	120
76	124
77	8
77	10
77	11
77	12
77	13
77	14
77	15
77	16
77	17
77	18
77	19
77	20
77	21
77	22
77	25
77	26
77	27
77	28
77	29
77	30
77	34
77	35
77	36
77	37
77	51
77	52
77	53
77	54
77	55
77	56
77	70
77	71
77	72
77	73
77	74
77	75
77	76
77	77
77	78
77	79
77	81
77	84
77	85
77	86
77	87
77	88
77	89
77	90
77	91
77	92
77	93
77	94
77	95
77	96
77	97
77	98
77	99
77	100
77	101
77	104
77	105
77	106
77	108
77	109
77	110
77	113
77	117
77	118
77	119
77	120
78	1
78	2
78	11
78	12
78	14
78	15
78	16
78	19
78	20
78	21
78	22
78	28
78	30
78	34
78	35
78	37
78	46
78	47
78	48
78	51
78	52
78	53
78	54
78	55
78	56
78	70
78	71
78	72
78	73
78	74
78	75
78	76
78	78
78	79
78	84
78	85
78	86
78	87
78	88
78	89
78	90
78	91
78	92
78	93
78	94
78	95
78	96
78	97
78	98
78	99
78	100
78	101
78	102
78	103
78	104
78	105
78	106
78	107
78	108
78	109
78	115
78	116
78	117
79	0
79	3
79	4
79	5
79	6
79	7
79	9
79	10
79	11
79	12
79	13
79	14
79	15
79	19
79	20
79	21
79	22
79	23
79	30
79	31
79	35
79	46
79	51
79	52
79	53
79	54
79	55
79	56
79	69
79	70
79	71
79	72
79	73
79	74
79	75
79	76
79	77
79	78
79	79
79	83
79	84
79	85
79	86
79	87
79	88
79	89
79	93
79	94
79	95
79	96
79	97
79	98
79	99
79	100
79	101
79	102
79	103
79	104
79	105
79	106
79	114
79	115
79	117
80	3
80	4
80	6
80	7
80	8
80	9
80	12
80	13
80	14
80	15
80	16
80	18
80	19
80	20
80	21
80	22
80	23
80	24
80	25
80	26
80	28
80	30
80	46
80	47
80	51
80	52
80	53
80	54
80	55
80	56
80	63
80	69
80	70
80	71
80	72
80	75
80	76
80	77
80	78
80	82
80	83
80	84
80	85
80	86
80	87
80	88
80	89
80	94
80	95
80	96
80	97
80	98
80	99
80	100
80	101
80	103
80	104
80	105
80	114
80	117
80	118
80	119
80	120
80	121
80	122
81	0
81	1
81	3
81	4
81	5
81	6
81	7
81	8
81	9
81	10
81	11
81	12
81	13
81	14
81	15
81	16
81	19
81	20
81	21
81	22
81	23
81	24
81	25
81	26
81	27
81	53
81	54
81	55
81	69
81	70
81	71
81	76
81	77
81	78
81	82
81	83
81	84
81	85
81	86
81	87
81	88
81	89
81	91
81	92
81	93
81	94
81	95
81	96
81	97
81	98
81	99
81	101
81	102
81	103
81	104
81	106
81	118
81	119
81	120
81	121
81	122
82	1
82	2
82	3
82	4
82	5
82	6
82	7
82	8
82	9
82	11
82	12
82	14
82	15
82	16
82	17
82	18
82	19
82	20
82	21
82	22
82	23
82	24
82	25
82	26
82	27
82	28
82	29
82	40
82	46
82	49
82	52
82	54
82	55
82	56
82	84
82	85
82	86
82	87
82	88
82	89
82	93
82	94
82	95
82	96
82	97
82	98
82	99
82	101
82	102
82	103
82	104
82	105
82	106
82	107
82	112
82	113
82	114
82	115
82	116
82	117
82	118
82	119
82	120
82	121
82	122
82	123
82	124
83	0
83	1
83	2
83	3
83	4
83	5
83	6
83	7
83	8
83	9
83	11
83	14
83	15
83	16
83	17
83	18
83	19
83	22
83	24
83	25
83	26
83	27
83	28
83	29
83	34
83	40
83	43
83	48
83	49
83	50
83	51
83	52
83	53
83	54
83	55
83	78
83	79
83	85
83	86
83	87
83	88
83	95
83	96
83	97
83	98
83	99
83	105
83	107
83	108
83	111
83	112
83	113
83	114
83	115
83	116
83	117
83	118
83	119
83	120
83	121
83	122
83	123
83	124
83	125
83	126
83	127
84	0
84	1
84	2
84	3
84	4
84	5
84	6
84	7
84	8
84	9
84	11
84	12
84	13
84	14
84	15
84	16
84	17
84	18
84	19
84	25
84	26
84	27
84	28
84	29
84	47
84	48
84	49
84	50
84	51
84	52
84	53
84	54
84	55
84	82
84	83
84	85
84	86
84	87
84	98
84	99
84	100
84	101
84	105
84	106
84	107
84	108
84	110
84	111
84	112
84	113
84	114
84	116
84	117
84	118
84	119
84	120
84	121
84	122
84	123
84	124
84	125
84	126
84	127
85	0
85	1
85	2
85	3
85	4
85	5
85	6
85	7
85	8
85	9
85	11
85	12
85	13
85	14
85	15
85	16
85	17
85	18
85	19
85	26
85	27
85	28
85	29
85	47
85	48
85	50
85	51
85	52
85	53
85	57
85	58
85	67
85	76
85	81
85	82
85	83
85	84
85	85
85	86
85	87
85	88
85	91
85	97
85	98
85	99
85	100
85	101
85	103
85	104
85	105
85	106
85	107
85	108
85	110
85	111
85	112
85	113
85	114
85	115
85	116
85	117
85	118
85	119
85	120
85	121
85	122
85	123
85	124
85	126
85	127
86	3
86	4
86	5
86	6
86	7
86	8
86	9
86	11
86	12
86	13
86	14
86	15
86	16
86	17
86	24
86	25
86	26
86	27
86	28
86	29
86	45
86	46
86	51
86	52
86	53
86	57
86	58
86	59
86	60
86	61
86	63
86	64
86	66
86	67
86	69
86	70
86	71
86	81
86	84
86	85
86	86
86	87
86	88
86	89
86	90
86	91
86	92
86	94
86	98
86	99
86	100
86	101
86	102
86	103
86	104
86	106
86	107
86	108
86	109
86	110
86	111
86	112
86	113
86	114
86	115
86	116
86	118
86	119
86	120
86	121
86	122
86	123
86	124
86	125
86	126
87	1
87	3
87	4
87	5
87	6
87	7
87	8
87	9
87	10
87	11
87	12
87	13
87	15
87	16
87	17
87	24
87	25
87	26
87	28
87	29
87	34
87	39
87	45
87	46
87	47
87	48
87	49
87	51
87	52
87	53
87	54
87	55
87	56
87	57
87	58
87	59
87	60
87	61
87	62
87	63
87	64
87	66
87	67
87	69
87	70
87	81
87	82
87	83
87	84
87	85
87	86
87	87
87	88
87	89
87	90
87	91
87	92
87	93
87	94
87	95
87	96
87	98
87	99
87	100
87	101
87	102
87	108
87	109
87	110
87	111
87	112
87	113
87	114
87	115
87	116
87	117
87	120
87	124
87	125
87	126
88	0
88	1
88	2
88	3
88	4
88	5
88	6
88	7
88	8
88	9
88	10
88	12
88	13
88	14
88	15
88	18
88	19
88	25
88	26
88	28
88	39
88	40
88	45
88	46
88	47
88	48
88	50
88	51
88	52
88	53
88	54
88	55
88	56
88	57
88	58
88	59
88	60
88	61
88	62
88	63
88	64
88	65
88	66
88	67
88	68
88	79
88	81
88	82
88	83
88	84
88	85
88	86
88	87
88	88
88	89
88	90
88	91
88	92
88	93
88	94
88	95
88	96
88	97
88	98
88	99
88	100
88	101
88	102
88	112
88	113
88	114
88	115
88	116
88	124
88	125
88	126
88	127
89	0
89	1
89	4
89	5
89	6
89	7
89	8
89	9
89	10
89	11
89	12
89	13
89	14
89	15
89	17
89	18
89	19
89	20
89	21
89	25
89	30
89	39
89	40
89	45
89	50
89	51
89	52
89	53
89	54
89	55
89	56
89	57
89	58
89	59
89	60
89	61
89	62
89	63
89	64
89	65
89	66
89	67
89	81
89	82
89	83
89	84
89	85
89	86
89	87
89	88
89	89
89	90
89	91
89	92
89	93
89	94
89	96
89	98
89	99
89	100
89	101
89	110
89	111
89	112
89	113
89	114
89	115
89	117
89	124
89	125
89	126
90	0
90	1
90	3
90	4
90	5
90	6
90	9
90	10
90	11
90	12
90	13
90	14
90	15
90	17
90	18
90	19
90	23
90	24
90	25
90	50
90	51
90	52
90	53
90	54
90	55
90	56
90	57
90	58
90	59
90	60
90	61
90	62
90	63
90	64
90	65
90	71
90	72
90	74
90	75
90	76
90	77
90	78
90	79
90	80
90	81
90	83
90	84
90	85
90	86
90	87
90	88
90	89
90	90
90	91
90	92
90	93
90	94
90	95
90	96
90	97
90	98
90	99
90	100
90	101
90	110
90	111
90	112
90	113
90	114
90	115
90	116
90	117
90	118
90	124
90	125
90	126
90	127
91	0
91	2
91	3
91	4
91	5
91	11
91	12
91	13
91	14
91	17
91	18
91	19
91	20
91	21
91	22
91	23
91	24
91	50
91	51
91	52
91	53
91	55
91	56
91	57
91	58
91	59
91	60
91	61
91	62
91	63
91	64
91	65
91	66
91	73
91	74
91	75
91	77
91	78
91	79
91	80
91	83
91	84
91	85
91	86
91	87
91	88
91	89
91	90
91	91
91	92
91	95
91	96
91	97
91	98
91	99
91	100
91	101
91	104
91	111
91	112
91	113
91	114
91	115
91	116
91	117
91	118
91	119
91	127
92	0
92	1
92	2
92	3
92	4
92	5
92	9
92	10
92	11
92	12
92	16
92	18
92	21
92	22
92	49
92	50
92	51
92	52
92	53
92	54
92	55
92	56
92	57
92	58
92	59
92	60
92	61
92	62
92	63
92	64
92	65
92	66
92	67
92	68
92	69
92	71
92	72
92	73
92	75
92	76
92	77
92	78
92	79
92	80
92	82
92	83
92	84
92	85
92	86
92	87
92	88
92	89
92	90
92	91
92	96
92	97
92	98
92	99
92	100
92	101
92	103
92	104
92	106
92	113
92	114
92	115
92	116
92	117
92	118
92	127
93	0
93	1
93	2
93	3
93	4
93	12
93	13
93	16
93	17
93	18
93	19
93	21
93	22
93	23
93	24
93	25
93	32
93	46
93	47
93	48
93	49
93	50
93	51
93	52
93	53
93	54
93	55
93	56
93	57
93	58
93	59
93	60
93	61
93	62
93	63
93	64
93	65
93	66
93	67
93	68
93	69
93	71
93	72
93	73
93	76
93	77
93	78
93	79
93	80
93	81
93	82
93	83
93	84
93	85
93	86
93	87
93	88
93	89
93	90
93	91
93	92
93	93
93	94
93	95
93	96
93	97
93	98
93	99
93	100
93	101
93	103
93	106
93	107
93	110
93	111
93	113
93	114
93	115
93	116
93	125
93	126
93	127
94	0
94	1
94	3
94	4
94	5
94	6
94	11
94	12
94	13
94	14
94	15
94	16
94	17
94	18
94	19
94	21
94	22
94	23
94	24
94	25
94	27
94	30
94	31
94	43
94	46
94	47
94	48
94	49
94	51
94	53
94	54
94	55
94	56
94	57
94	58
94	59
94	60
94	61
94	62
94	63
94	64
94	65
94	67
94	68
94	69
94	70
94	72
94	73
94	74
94	77
94	78
94	79
94	80
94	82
94	83
94	84
94	87
94	88
94	89
94	90
94	91
94	92
94	93
94	94
94	95
94	96
94	97
94	98
94	99
94	100
94	101
94	102
94	103
94	105
94	106
94	107
94	109
94	110
94	111
94	113
94	114
94	115
94	116
94	118
94	123
94	124
94	125
94	126
94	127
95	1
95	2
95	3
95	4
95	5
95	6
95	7
95	12
95	13
95	14
95	15
95	16
95	17
95	18
95	19
95	20
95	21
95	23
95	24
95	25
95	32
95	34
95	45
95	46
95	47
95	48
95	49
95	51
95	52
95	53
95	54
95	55
95	56
95	57
95	58
95	59
95	60
95	61
95	62
95	63
95	64
95	65
95	66
95	67
95	68
95	69
95	70
95	72
95	73
95	74
95	75
95	77
95	78
95	79
95	80
95	81
95	82
95	83
95	84
95	86
95	87
95	88
95	89
95	90
95	91
95	92
95	93
95	94
95	95
95	96
95	97
95	98
95	99
95	100
95	101
95	102
95	103
95	104
95	105
95	106
95	107
95	108
95	110
95	111
95	112
95	113
95	114
95	115
95	116
95	117
95	118
95	119
95	120
95	123
95	124
95	127
96	1
96	2
96	4
96	5
96	6
96	7
96	8
96	9
96	11
96	12
96	13
96	14
96	15
96	16
96	17
96	18
96	19
96	20
96	21
96	22
96	23
96	24
96	25
96	26
96	29
96	36
96	38
96	39
96	40
96	41
96	42
96	44
96	45
96	46
96	47
96	48
96	49
96	51
96	52
96	53
96	54
96	55
96	56
96	57
96	58
96	59
96	60
96	61
96	62
96	63
96	64
96	65
96	66
96	67
96	68
96	69
96	70
96	71
96	72
96	73
96	74
96	75
96	76
96	77
96	78
96	79
96	80
96	81
96	82
96	83
96	84
96	85
96	86
96	87
96	88
96	89
96	90
96	91
96	92
96	93
96	96
96	97
96	98
96	99
96	100
96	102
96	103
96	104
96	105
96	106
96	107
96	108
96	109
96	110
96	111
96	112
96	113
96	114
96	115
96	116
96	117
96	118
96	119
96	120
96	121
96	122
96	123
96	124
96	127
97	0
97	5
97	6
97	7
97	8
97	9
97	10
97	11
97	12
97	13
97	14
97	15
97	16
97	17
97	18
97	19
97	20
97	21
97	22
97	23
97	24
97	25
97	28
97	29
97	32
97	33
97	34
97	35
97	36
97	37
97	39
97	40
97	41
97	42
97	46
97	47
97	49
97	51
97	52
97	53
97	54
97	55
97	58
97	59
97	60
97	61
97	62
97	63
97	64
97	65
97	66
97	67
97	68
97	69
97	70
97	71
97	72
97	73
97	74
97	75
97	76
97	77
97	78
97	79
97	80
97	83
97	84
97	85
97	86
97	87
97	88
97	89
97	90
97	91
97	92
97	93
97	97
97	98
97	99
97	100
97	101
97	102
97	103
97	104
97	105
97	106
97	108
97	109
97	110
97	111
97	112
97	113
97	114
97	115
97	116
97	117
97	118
97	119
97	120
97	121
97	122
97	123
97	124
98	2
98	5
98	6
98	7
98	8
98	9
98	10
98	11
98	12
98	13
98	15
98	16
98	17
98	18
98	19
98	20
98	21
98	22
98	23
98	24
98	25
98	32
98	33
98	34
98	35
98	36
98	37
98	38
98	39
98	40
98	41
98	46
98	47
98	48
98	49
98	50
98	51
98	52
98	53
98	55
98	56
98	57
98	58
98	59
98	60
98	61
98	62
98	64
98	65
98	66
98	70
98	71
98	72
98	73
98	74
98	75
98	76
98	77
98	78
98	79
98	80
98	81
98	82
98	83
98	84
98	85
98	86
98	87
98	88
98	89
98	90
98	91
98	92
98	93
98	94
98	97
98	100
98	101
98	102
98	103
98	104
98	106
98	109
98	110
98	111
98	112
98	115
98	116
98	117
98	118
98	119
98	120
98	121
98	122
98	123
98	124
99	2
99	6
99	7
99	10
99	11
99	12
99	13
99	14
99	15
99	16
99	18
99	19
99	20
99	21
99	22
99	23
99	24
99	25
99	27
99	32
99	33
99	37
99	38
99	39
99	40
99	41
99	43
99	45
99	46
99	48
99	49
99	50
99	51
99	52
99	53
99	54
99	55
99	56
99	57
99	58
99	59
99	60
99	61
99	62
99	63
99	69
99	70
99	71
99	72
99	73
99	74
99	75
99	76
99	77
99	78
99	79
99	82
99	83
99	84
99	85
99	86
99	87
99	88
99	90
99	92
99	93
99	94
99	95
99	96
99	97
99	98
99	99
99	100
99	101
99	102
99	103
99	104
99	108
99	109
99	110
99	111
99	115
99	116
99	117
99	118
99	119
99	120
99	121
99	122
99	123
99	124
100	6
100	7
100	8
100	11
100	12
100	13
100	14
100	15
100	16
100	18
100	19
100	20
100	21
100	22
100	23
100	24
100	25
100	27
100	32
100	39
100	40
100	41
100	42
100	43
100	44
100	45
100	46
100	47
100	48
100	49
100	50
100	51
100	52
100	53
100	55
100	56
100	58
100	59
100	60
100	61
100	62
100	65
100	66
100	71
100	72
100	73
100	74
100	75
100	76
100	77
100	78
100	79
100	80
100	81
100	82
100	83
100	84
100	85
100	86
100	87
100	88
100	89
100	91
100	92
100	93
100	94
100	95
100	96
100	97
100	98
100	99
100	100
100	101
100	102
100	103
100	104
100	111
100	115
100	117
100	118
100	119
100	120
100	121
100	122
100	123
100	124
101	5
101	6
101	7
101	8
101	9
101	11
101	12
101	13
101	14
101	15
101	16
101	17
101	18
101	19
101	20
101	21
101	22
101	23
101	24
101	25
101	26
101	27
101	28
101	29
101	30
101	33
101	34
101	36
101	38
101	39
101	40
101	41
101	42
101	43
101	44
101	45
101	46
101	47
101	48
101	49
101	54
101	56
101	58
101	59
101	60
101	61
101	62
101	65
101	66
101	68
101	69
101	70
101	71
101	72
101	73
101	74
101	75
101	76
101	77
101	78
101	79
101	80
101	81
101	82
101	83
101	84
101	86
101	87
101	88
101	89
101	90
101	93
101	94
101	95
101	96
101	97
101	98
101	99
101	100
101	101
101	102
101	103
101	115
101	116
101	117
101	118
101	119
101	120
101	121
101	122
101	123
101	124
101	125
101	126
101	127
102	4
102	5
102	6
102	7
102	8
102	9
102	10
102	11
102	12
102	13
102	14
102	15
102	16
102	17
102	18
102	19
102	20
102	21
102	22
102	23
102	24
102	26
102	27
102	28
102	29
102	30
102	31
102	32
102	33
102	34
102	35
102	36
102	38
102	39
102	40
102	41
102	42
102	43
102	44
102	45
102	46
102	47
102	48
102	49
102	51
102	57
102	58
102	59
102	60
102	63
102	64
102	65
102	66
102	67
102	68
102	69
102	70
102	71
102	72
102	73
102	74
102	75
102	76
102	77
102	78
102	82
102	83
102	84
102	85
102	86
102	87
102	88
102	89
102	90
102	91
102	92
102	93
102	94
102	96
102	97
102	99
102	100
102	101
102	102
102	113
102	114
102	115
102	116
102	117
102	119
102	120
102	121
102	124
102	125
102	126
102	127
103	1
103	2
103	3
103	4
103	5
103	6
103	7
103	8
103	9
103	10
103	11
103	12
103	13
103	15
103	16
103	17
103	18
103	19
103	20
103	21
103	22
103	23
103	24
103	25
103	27
103	28
103	34
103	35
103	36
103	38
103	39
103	40
103	41
103	42
103	43
103	44
103	45
103	46
103	47
103	48
103	49
103	50
103	51
103	56
103	57
103	58
103	59
103	60
103	61
103	62
103	63
103	64
103	65
103	66
103	67
103	68
103	69
103	70
103	71
103	72
103	73
103	74
103	75
103	77
103	80
103	81
103	82
103	83
103	84
103	85
103	86
103	87
103	88
103	89
103	90
103	91
103	92
103	93
103	94
103	96
103	97
103	100
103	101
103	102
103	103
103	106
103	114
103	115
103	117
103	118
103	120
103	121
103	122
103	123
103	124
103	126
103	127
104	1
104	3
104	4
104	5
104	6
104	7
104	8
104	9
104	10
104	11
104	12
104	13
104	14
104	15
104	16
104	18
104	19
104	20
104	21
104	22
104	23
104	24
104	25
104	27
104	28
104	35
104	36
104	40
104	42
104	43
104	44
104	45
104	47
104	48
104	49
104	57
104	58
104	59
104	60
104	61
104	62
104	63
104	64
104	65
104	66
104	67
104	68
104	69
104	70
104	71
104	72
104	73
104	74
104	78
104	79
104	80
104	81
104	82
104	83
104	84
104	85
104	86
104	87
104	88
104	89
104	90
104	91
104	92
104	93
104	94
104	95
104	96
104	97
104	98
104	99
104	100
104	102
104	103
104	104
104	105
104	114
104	115
104	116
104	117
104	118
104	119
104	120
104	121
104	122
104	123
104	124
105	0
105	1
105	2
105	3
105	4
105	5
105	6
105	7
105	8
105	9
105	13
105	14
105	15
105	16
105	17
105	18
105	19
105	20
105	21
105	22
105	25
105	27
105	28
105	29
105	34
105	36
105	40
105	43
105	44
105	45
105	47
105	48
105	49
105	50
105	52
105	57
105	58
105	59
105	60
105	61
105	62
105	65
105	67
105	68
105	69
105	70
105	71
105	72
105	73
105	74
105	79
105	80
105	81
105	82
105	83
105	84
105	85
105	86
105	87
105	88
105	89
105	90
105	91
105	92
105	93
105	94
105	95
105	96
105	97
105	99
105	100
105	102
105	103
105	104
105	105
105	106
105	113
105	114
105	115
105	116
105	117
105	118
105	119
105	120
105	123
106	0
106	1
106	2
106	4
106	5
106	6
106	7
106	8
106	14
106	15
106	16
106	18
106	19
106	20
106	21
106	22
106	23
106	24
106	25
106	32
106	33
106	34
106	37
106	40
106	41
106	42
106	43
106	44
106	45
106	46
106	47
106	48
106	49
106	51
106	56
106	57
106	58
106	59
106	60
106	61
106	62
106	64
106	65
106	67
106	68
106	69
106	70
106	71
106	72
106	73
106	79
106	80
106	81
106	82
106	83
106	84
106	85
106	86
106	88
106	89
106	91
106	93
106	94
106	95
106	96
106	97
106	98
106	99
106	100
106	101
106	104
106	105
106	106
106	107
106	108
106	109
106	114
106	118
106	119
106	123
106	124
106	127
107	0
107	1
107	2
107	3
107	4
107	5
107	6
107	7
107	14
107	15
107	16
107	18
107	19
107	21
107	22
107	23
107	24
107	25
107	32
107	33
107	34
107	35
107	36
107	37
107	38
107	39
107	40
107	41
107	42
107	43
107	44
107	45
107	46
107	47
107	48
107	49
107	50
107	51
107	52
107	53
107	57
107	58
107	59
107	60
107	61
107	62
107	66
107	67
107	69
107	70
107	71
107	72
107	73
107	74
107	75
107	76
107	77
107	78
107	79
107	80
107	81
107	82
107	83
107	84
107	86
107	87
107	88
107	89
107	93
107	94
107	95
107	96
107	97
107	98
107	101
107	102
107	104
107	105
107	106
107	107
107	108
107	109
107	111
107	112
107	113
107	114
107	117
107	118
107	119
107	122
107	123
107	124
108	0
108	1
108	3
108	4
108	5
108	6
108	7
108	9
108	13
108	14
108	15
108	16
108	17
108	18
108	19
108	20
108	21
108	22
108	23
108	24
108	25
108	26
108	27
108	31
108	32
108	34
108	35
108	36
108	37
108	38
108	39
108	40
108	41
108	42
108	43
108	44
108	45
108	46
108	47
108	48
108	49
108	50
108	51
108	52
108	53
108	57
108	61
108	62
108	63
108	64
108	65
108	66
108	67
108	68
108	69
108	70
108	71
108	72
108	74
108	75
108	76
108	77
108	78
108	79
108	80
108	81
108	82
108	83
108	84
108	85
108	86
108	87
108	88
108	89
108	93
108	97
108	102
108	103
108	104
108	105
108	106
108	107
108	108
108	109
108	110
108	111
108	112
108	113
108	115
108	116
108	117
108	118
108	119
108	122
108	123
108	124
108	126
108	127
109	0
109	1
109	2
109	3
109	4
109	6
109	7
109	9
109	10
109	12
109	13
109	14
109	15
109	16
109	17
109	18
109	19
109	20
109	21
109	22
109	23
109	25
109	26
109	27
109	31
109	32
109	33
109	34
109	35
109	36
109	37
109	38
109	39
109	40
109	43
109	44
109	45
109	46
109	47
109	48
109	49
109	50
109	51
109	52
109	53
109	54
109	55
109	56
109	58
109	63
109	64
109	65
109	66
109	67
109	68
109	69
109	70
109	71
109	72
109	73
109	74
109	75
109	77
109	78
109	79
109	80
109	81
109	82
109	83
109	84
109	85
109	86
109	87
109	88
109	89
109	92
109	93
109	104
109	105
109	106
109	107
109	108
109	109
109	110
109	111
109	112
109	113
109	114
109	115
109	116
109	117
109	127
110	0
110	1
110	2
110	3
110	5
110	6
110	7
110	8
110	9
110	10
110	11
110	12
110	13
110	14
110	15
110	16
110	17
110	18
110	19
110	20
110	21
110	22
110	23
110	27
110	32
110	33
110	34
110	35
110	36
110	37
110	38
110	39
110	40
110	41
110	42
110	43
110	44
110	45
110	46
110	47
110	48
110	49
110	50
110	51
110	52
110	53
110	54
110	55
110	56
110	58
110	62
110	65
110	66
110	67
110	68
110	69
110	71
110	72
110	73
110	74
110	75
110	76
110	77
110	78
110	79
110	80
110	83
110	84
110	85
110	86
110	87
110	88
110	89
110	90
110	91
110	92
110	93
110	94
110	106
110	107
110	108
110	109
110	110
110	111
110	112
110	113
110	114
110	115
110	116
110	118
110	125
110	126
110	127
111	2
111	5
111	6
111	7
111	8
111	9
111	10
111	11
111	12
111	13
111	14
111	15
111	16
111	17
111	18
111	19
111	21
111	22
111	23
111	26
111	27
111	33
111	35
111	36
111	37
111	38
111	39
111	40
111	41
111	42
111	43
111	44
111	45
111	46
111	47
111	48
111	49
111	50
111	51
111	52
111	53
111	54
111	55
111	56
111	61
111	62
111	65
111	66
111	67
111	68
111	69
111	71
111	72
111	73
111	74
111	75
111	76
111	77
111	78
111	79
111	80
111	81
111	82
111	83
111	84
111	85
111	86
111	87
111	88
111	89
111	90
111	91
111	92
111	93
111	94
111	95
111	97
111	104
111	105
111	106
111	107
111	108
111	109
111	110
111	113
111	114
111	115
111	116
111	117
111	124
111	125
111	126
112	3
112	4
112	5
112	6
112	7
112	8
112	9
112	10
112	11
112	12
112	13
112	14
112	15
112	16
112	17
112	18
112	19
112	22
112	28
112	33
112	34
112	36
112	38
112	40
112	41
112	42
112	43
112	44
112	45
112	46
112	47
112	48
112	49
112	50
112	51
112	52
112	53
112	54
112	58
112	61
112	62
112	63
112	64
112	65
112	66
112	67
112	68
112	72
112	74
112	75
112	76
112	77
112	79
112	82
112	83
112	84
112	85
112	86
112	87
112	88
112	89
112	90
112	91
112	92
112	93
112	94
112	95
112	96
112	97
112	99
112	100
112	106
112	107
112	108
112	110
112	111
112	112
112	113
112	114
112	115
112	116
112	117
112	126
113	3
113	4
113	5
113	6
113	7
113	8
113	10
113	11
113	12
113	13
113	14
113	15
113	16
113	17
113	18
113	19
113	21
113	22
113	23
113	25
113	26
113	27
113	28
113	32
113	33
113	34
113	42
113	43
113	44
113	45
113	46
113	47
113	48
113	49
113	50
113	51
113	52
113	53
113	54
113	58
113	59
113	60
113	62
113	63
113	64
113	65
113	66
113	67
113	68
113	69
113	75
113	76
113	77
113	78
113	79
113	82
113	83
113	84
113	85
113	86
113	87
113	88
113	90
113	91
113	92
113	93
113	96
113	100
113	102
113	103
113	105
113	106
113	107
113	108
113	111
113	112
113	113
113	114
113	115
113	116
113	123
114	0
114	3
114	4
114	5
114	6
114	7
114	8
114	9
114	10
114	11
114	13
114	14
114	15
114	16
114	17
114	18
114	21
114	22
114	23
114	24
114	26
114	27
114	28
114	29
114	31
114	32
114	34
114	35
114	37
114	38
114	41
114	42
114	43
114	44
114	45
114	46
114	47
114	48
114	49
114	50
114	51
114	52
114	53
114	54
114	59
114	60
114	63
114	64
114	66
114	67
114	68
114	75
114	76
114	78
114	82
114	83
114	84
114	87
114	88
114	90
114	91
114	92
114	93
114	105
114	106
114	107
114	108
114	111
114	112
114	113
114	114
114	115
114	116
115	3
115	4
115	5
115	6
115	7
115	8
115	11
115	12
115	13
115	14
115	15
115	16
115	17
115	18
115	22
115	23
115	24
115	25
115	26
115	27
115	28
115	29
115	30
115	31
115	32
115	34
115	35
115	36
115	37
115	38
115	42
115	43
115	44
115	45
115	46
115	47
115	49
115	50
115	51
115	52
115	53
115	59
115	60
115	61
115	62
115	63
115	64
115	65
115	66
115	67
115	68
115	74
115	75
115	76
115	82
115	83
115	88
115	89
115	90
115	91
115	92
115	93
115	104
115	105
115	106
115	107
115	108
115	109
115	110
115	117
115	120
115	121
115	122
116	5
116	6
116	7
116	13
116	14
116	15
116	16
116	17
116	18
116	19
116	22
116	23
116	24
116	25
116	26
116	28
116	29
116	30
116	31
116	32
116	33
116	34
116	35
116	36
116	37
116	38
116	39
116	40
116	42
116	43
116	44
116	45
116	46
116	47
116	50
116	51
116	52
116	53
116	57
116	59
116	60
116	61
116	65
116	74
116	75
116	76
116	78
116	79
116	80
116	81
116	82
116	83
116	86
116	87
116	88
116	89
116	90
116	91
116	92
116	93
116	103
116	104
116	105
116	106
116	107
116	109
116	119
116	120
116	121
117	12
117	13
117	14
117	15
117	16
117	17
117	18
117	24
117	25
117	26
117	27
117	28
117	29
117	30
117	31
117	32
117	33
117	34
117	35
117	36
117	37
117	38
117	39
117	40
117	42
117	43
117	44
117	45
117	46
117	47
117	48
117	50
117	51
117	52
117	53
117	57
117	58
117	59
117	60
117	61
117	62
117	64
117	65
117	74
117	75
117	78
117	79
117	80
117	81
117	82
117	83
117	87
117	88
117	89
117	90
117	91
117	92
117	104
117	105
117	106
117	107
117	116
117	117
117	118
117	119
117	123
117	124
117	125
118	14
118	15
118	16
118	17
118	18
118	19
118	24
118	25
118	26
118	27
118	28
118	29
118	30
118	31
118	32
118	33
118	34
118	35
118	36
118	37
118	38
118	39
118	40
118	41
118	42
118	43
118	44
118	45
118	46
118	47
118	48
118	49
118	50
118	51
118	52
118	57
118	58
118	59
118	60
118	61
118	62
118	64
118	73
118	74
118	75
118	77
118	78
118	79
118	80
118	81
118	82
118	83
118	88
118	89
118	90
118	91
118	92
118	104
118	105
118	106
118	107
118	108
118	109
118	112
118	113
118	118
118	119
118	121
118	122
118	124
118	125
119	8
119	9
119	15
119	16
119	17
119	25
119	27
119	29
119	30
119	31
119	32
119	33
119	34
119	35
119	36
119	37
119	38
119	43
119	44
119	45
119	46
119	47
119	48
119	49
119	50
119	51
119	52
119	53
119	54
119	55
119	56
119	59
119	60
119	61
119	62
119	72
119	73
119	74
119	75
119	76
119	77
119	79
119	80
119	81
119	82
119	83
119	88
119	93
119	103
119	104
119	105
119	106
119	107
119	108
119	109
119	113
119	119
119	121
119	122
120	8
120	10
120	11
120	16
120	17
120	22
120	23
120	27
120	29
120	30
120	31
120	32
120	33
120	34
120	35
120	36
120	37
120	43
120	44
120	45
120	46
120	47
120	48
120	50
120	51
120	52
120	53
120	54
120	55
120	59
120	62
120	63
120	64
120	65
120	71
120	72
120	73
120	74
120	75
120	76
120	77
120	79
120	80
120	81
120	82
120	83
120	99
120	102
120	103
120	104
120	105
120	106
120	107
120	108
120	109
120	110
120	111
120	113
120	119
120	120
120	121
121	10
121	11
121	17
121	18
121	19
121	22
121	29
121	30
121	31
121	32
121	33
121	34
121	35
121	36
121	37
121	38
121	42
121	43
121	44
121	45
121	46
121	49
121	50
121	51
121	52
121	53
121	59
121	60
121	62
121	63
121	67
121	68
121	69
121	70
121	71
121	72
121	73
121	74
121	75
121	80
121	81
121	82
121	83
121	99
121	102
121	103
121	104
121	108
121	109
121	110
121	111
121	112
122	8
122	9
122	10
122	18
122	22
122	27
122	28
122	29
122	30
122	31
122	36
122	37
122	41
122	42
122	43
122	44
122	45
122	46
122	49
122	51
122	52
122	53
122	57
122	59
122	62
122	63
122	64
122	65
122	66
122	67
122	68
122	69
122	70
122	71
122	72
122	73
122	74
122	75
122	76
122	77
122	78
122	79
122	80
122	81
122	82
122	83
122	89
122	90
122	91
122	92
122	94
122	95
122	96
122	97
122	104
122	108
122	110
122	111
122	112
122	117
122	125
123	10
123	12
123	13
123	19
123	25
123	26
123	27
123	28
123	29
123	30
123	31
123	32
123	35
123	36
123	37
123	38
123	39
123	40
123	41
123	42
123	45
123	46
123	47
123	49
123	50
123	51
123	52
123	53
123	54
123	55
123	56
123	57
123	58
123	62
123	63
123	64
123	65
123	66
123	67
123	68
123	69
123	70
123	71
123	72
123	73
123	74
123	75
123	76
123	77
123	78
123	79
123	80
123	81
123	82
123	83
123	84
123	90
123	91
123	92
123	95
123	97
123	101
123	102
123	103
123	104
123	105
123	107
123	108
123	110
123	112
123	117
123	119
124	3
124	19
124	20
124	21
124	25
124	27
124	28
124	29
124	30
124	31
124	35
124	36
124	37
124	38
124	39
124	40
124	41
124	42
124	43
124	47
124	48
124	49
124	50
124	51
124	52
124	53
124	54
124	55
124	56
124	62
124	63
124	64
124	65
124	66
124	67
124	69
124	70
124	71
124	72
124	73
124	75
124	76
124	77
124	78
124	79
124	80
124	81
124	82
124	83
124	84
124	85
124	86
124	87
124	88
124	89
124	90
124	91
124	92
124	93
124	97
124	102
124	103
124	104
124	105
124	106
124	107
124	108
124	109
124	111
124	112
124	117
124	119
124	126
124	127
125	5
125	15
125	18
125	19
125	20
125	26
125	27
125	28
125	29
125	31
125	35
125	36
125	37
125	38
125	39
125	40
125	41
125	42
125	43
125	47
125	48
125	49
125	50
125	51
125	52
125	53
125	54
125	55
125	56
125	57
125	58
125	64
125	65
125	66
125	67
125	68
125	69
125	70
125	71
125	72
125	73
125	74
125	75
125	76
125	77
125	78
125	79
125	80
125	81
125	82
125	84
125	85
125	86
125	87
125	88
125	89
125	90
125	91
125	92
125	97
125	102
125	103
125	104
125	105
125	108
125	109
125	110
125	111
125	112
125	113
125	114
125	115
125	116
125	117
125	118
125	119
125	120
125	121
125	126
125	127
126	1
126	2
126	5
126	13
126	14
126	15
126	16
126	17
126	18
126	19
126	20
126	25
126	28
126	29
126	30
126	31
126	32
126	34
126	35
126	36
126	37
126	38
126	39
126	40
126	41
126	42
126	43
126	49
126	50
126	51
126	53
126	54
126	55
126	56
126	57
126	58
126	59
126	60
126	61
126	62
126	64
126	65
126	66
126	67
126	68
126	70
126	71
126	72
126	73
126	74
126	75
126	76
126	84
126	85
126	86
126	87
126	88
126	89
126	90
126	91
126	92
126	93
126	94
126	95
126	97
126	98
126	99
126	100
126	102
126	103
126	104
126	105
126	106
126	107
126	108
126	109
126	114
126	115
126	116
126	117
126	118
126	119
126	120
127	2
127	13
127	14
127	16
127	17
127	18
127	19
127	20
127	27
127	28
127	30
127	31
127	32
127	33
127	34
127	36
127	38
127	39
127	40
127	41
127	42
127	43
127	50
127	51
127	52
127	53
127	56
127	57
127	58
127	59
127	60
127	61
127	62
127	63
127	64
127	65
127	66
127	67
127	68
127	69
127	70
127	71
127	72
127	73
127	74
127	75
127	76
127	77
127	79
127	84
127	88
127	89
127	90
127	91
127	92
127	93
127	94
127	95
127	96
127	97
127	102
127	103
127	104
127	105
127	106
127	107
127	115
127	116
127	117
127	118
127	119
127	120
127	121
127	124
127	125
