size	128
T	2.5
J	1
H	0
x	y
0	0
0	3
0	7
0	8
0	9
0	13
0	14
0	15
0	16
0	33
0	34
0	35
0	36
0	41
0	42
0	43
0	44
0	45
0	47
0	48
0	49
0	50
0	58
0	67
0	68
0	69
0	71
0	72
0	73
0	75
0	81
0	82
0	83
0	86
0	92
0	93
0	94
0	95
0	96
0	97
0	98
0	104
0	105
0	106
0	111
0	112
0	113
0	114
0	115
0	116
0	124
0	127
1	6
1	7
1	12
1	13
1	14
1	15
1	16
1	25
1	33
1	34
1	35
1	36
1	42
1	43
1	47
1	48
1	49
1	66
1	67
1	68
1	71
1	75
1	76
1	81
1	82
1	83
1	85
1	95
1	97
1	98
1	99
1	100
1	102
1	103
1	104
1	105
1	106
1	110
1	111
1	112
1	113
1	114
1	115
1	116
2	4
2	6
2	7
2	8
2	9
2	10
2	11
2	12
2	13
2	14
2	15
2	36
2	41
2	46
2	47
2	48
2	49
2	50
2	51
2	52
2	53
2	61
2	65
2	66
2	67
2	68
2	69
2	70
2	71
2	81
2	82
2	83
2	84
2	85
2	97
2	98
2	102
2	103
2	104
2	106
2	107
2	108
2	109
2	110
2	111
2	112
2	113
2	114
2	115
2	116
2	118
2	120
2	123
3	6
3	7
3	8
3	9
3	10
3	11
3	12
3	13
3	14
3	15
3	36
3	40
3	41
3	42
3	43
3	44
3	45
3	46
3	47
3	48
3	49
3	50
3	51
3	52
3	63
3	65
3	66
3	67
3	68
3	69
3	70
3	84
3	85
3	93
3	95
3	96
3	97
3	98
3	101
3	102
3	103
3	104
3	105
3	106
3	107
3	108
3	109
3	110
3	111
3	112
3	113
3	114
3	115
3	116
3	117
3	118
3	119
3	120
3	121
3	122
3	123
4	5
4	6
4	7
4	8
4	9
4	10
4	11
4	12
4	13
4	14
4	15
4	38
4	39
4	40
4	41
4	42
4	43
4	44
4	47
4	48
4	49
4	50
4	66
4	70
4	71
4	79
4	80
4	84
4	85
4	86
4	87
4	88
4	96
4	97
4	98
4	99
4	101
4	102
4	104
4	105
4	106
4	107
4	108
4	109
4	111
4	112
4	113
4	114
4	115
4	117
4	118
4	119
4	120
4	121
4	122
4	123
4	124
4	127
5	7
5	8
5	9
5	11
5	13
5	14
5	15
5	28
5	29
5	37
5	39
5	40
5	41
5	42
5	43
5	44
5	45
5	46
5	47
5	48
5	49
5	50
5	63
5	72
5	73
5	74
5	79
5	80
5	84
5	85
5	86
5	87
5	88
5	92
5	101
5	102
5	103
5	104
5	105
5	106
5	107
5	108
5	112
5	113
5	114
5	115
5	116
5	117
5	118
5	119
5	120
5	121
5	122
5	127
6	3
6	4
6	8
6	13
6	14
6	15
6	26
6	29
6	37
6	40
6	41
6	42
6	43
6	44
6	45
6	46
6	47
6	48
6	49
6	50
6	65
6	69
6	73
6	79
6	80
6	81
6	82
6	84
6	85
6	86
6	87
6	89
6	91
6	92
6	93
6	94
6	95
6	96
6	97
6	100
6	101
6	102
6	103
6	104
6	105
6	106
6	107
6	108
6	112
6	113
6	114
6	115
6	116
6	117
6	118
6	119
6	120
6	121
6	122
6	123
6	124
6	127
7	0
7	2
7	3
7	4
7	7
7	15
7	36
7	37
7	38
7	39
7	40
7	43
7	44
7	45
7	46
7	47
7	48
7	49
7	50
7	65
7	75
7	79
7	80
7	81
7	82
7	83
7	84
7	85
7	86
7	87
7	88
7	89
7	90
7	91
7	92
7	93
7	94
7	95
7	96
7	97
7	98
7	99
7	100
7	101
7	102
7	103
7	104
7	105
7	106
7	107
7	108
7	109
7	110
7	111
7	112
7	114
7	115
7	116
7	117
7	118
7	119
7	120
7	121
7	122
7	123
7	124
7	125
7	126
7	127
8	0
8	1
8	2
8	3
8	4
8	10
8	11
8	16
8	17
8	18
8	20
8	35
8	36
8	37
8	38
8	39
8	40
8	43
8	44
8	45
8	46
8	47
8	48
8	73
8	74
8	75
8	76
8	77
8	78
8	79
8	80
8	81
8	82
8	83
8	84
8	85
8	86
8	87
8	88
8	90
8	91
8	92
8	93
8	94
8	95
8	98
8	99
8	100
8	101
8	104
8	105
8	106
8	108
8	109
8	110
8	111
8	112
8	113
8	114
8	115
8	117
8	118
8	119
8	120
8	121
8	122
8	123
8	124
8	125
8	126
8	127
9	0
9	1
9	2
9	3
9	4
9	5
9	7
9	11
9	16
9	17
9	18
9	20
9	21
9	33
9	34
9	35
9	36
9	37
9	38
9	39
9	43
9	44
9	45
9	46
9	68
9	69
9	70
9	72
9	73
9	74
9	75
9	76
9	77
9	78
9	79
9	80
9	81
9	82
9	83
9	84
9	85
9	89
9	90
9	91
9	92
9	93
9	97
9	98
9	99
9	100
9	101
9	106
9	108
9	109
9	110
9	111
9	112
9	113
9	114
9	117
9	118
9	119
9	120
9	121
9	122
9	123
9	125
9	126
9	127
10	0
10	1
10	2
10	3
10	4
10	5
10	6
10	7
10	9
10	10
10	11
10	32
10	33
10	34
10	35
10	36
10	37
10	41
10	42
10	43
10	44
10	47
10	50
10	58
10	59
10	60
10	70
10	72
10	73
10	74
10	75
10	76
10	77
10	78
10	79
10	80
10	81
10	82
10	83
10	84
10	85
10	89
10	90
10	91
10	92
10	93
10	97
10	98
10	99
10	105
10	106
10	107
10	108
10	109
10	110
10	111
10	112
10	113
10	114
10	116
10	117
10	119
10	120
10	121
10	122
10	123
10	124
10	125
10	126
10	127
11	0
11	2
11	3
11	4
11	5
11	6
11	7
11	8
11	9
11	10
11	15
11	32
11	33
11	34
11	35
11	36
11	37
11	38
11	42
11	43
11	52
11	56
11	57
11	58
11	59
11	60
11	62
11	63
11	64
11	70
11	76
11	77
11	78
11	79
11	80
11	81
11	82
11	83
11	84
11	87
11	89
11	90
11	91
11	92
11	104
11	105
11	106
11	107
11	108
11	109
11	110
11	111
11	112
11	113
11	114
11	115
11	116
11	117
11	118
11	119
11	120
11	121
11	122
11	123
11	124
11	125
11	126
11	127
12	0
12	1
12	2
12	3
12	4
12	5
12	6
12	7
12	8
12	9
12	32
12	33
12	34
12	35
12	36
12	37
12	38
12	41
12	42
12	52
12	53
12	57
12	58
12	59
12	60
12	61
12	62
12	63
12	74
12	76
12	78
12	79
12	80
12	81
12	82
12	83
12	84
12	85
12	86
12	87
12	89
12	90
12	91
12	92
12	93
12	94
12	99
12	100
12	102
12	103
12	104
12	105
12	106
12	107
12	109
12	110
12	111
12	112
12	113
12	114
12	117
12	118
12	119
12	120
12	121
12	122
12	123
12	124
12	125
12	126
12	127
13	0
13	1
13	2
13	3
13	4
13	6
13	7
13	8
13	9
13	11
13	19
13	32
13	34
13	35
13	36
13	37
13	38
13	39
13	40
13	41
13	42
13	58
13	59
13	60
13	75
13	78
13	79
13	80
13	81
13	82
13	83
13	84
13	85
13	86
13	87
13	88
13	89
13	90
13	91
13	92
13	93
13	96
13	99
13	102
13	103
13	105
13	106
13	107
13	108
13	109
13	110
13	111
13	113
13	114
13	116
13	117
13	120
13	121
13	122
13	123
13	124
13	125
13	126
13	127
14	0
14	1
14	2
14	3
14	5
14	6
14	7
14	8
14	9
14	10
14	12
14	13
14	29
14	30
14	31
14	34
14	35
14	36
14	37
14	38
14	39
14	40
14	41
14	45
14	54
14	59
14	60
14	71
14	75
14	77
14	78
14	79
14	80
14	81
14	82
14	83
14	84
14	85
14	86
14	87
14	88
14	89
14	90
14	91
14	94
14	95
14	96
14	97
14	98
14	101
14	102
14	103
14	104
14	106
14	107
14	108
14	109
14	110
14	111
14	112
14	113
14	114
14	115
14	120
14	121
14	123
14	124
14	125
14	126
15	1
15	2
15	3
15	5
15	7
15	8
15	9
15	10
15	11
15	12
15	13
15	17
15	18
15	19
15	21
15	24
15	28
15	30
15	32
15	33
15	34
15	35
15	36
15	37
15	38
15	39
15	40
15	41
15	42
15	44
15	45
15	54
15	60
15	75
15	76
15	77
15	78
15	79
15	81
15	82
15	83
15	84
15	85
15	86
15	87
15	88
15	89
15	90
15	91
15	94
15	95
15	96
15	97
15	98
15	99
15	102
15	103
15	105
15	106
15	107
15	108
15	109
15	110
15	111
15	112
15	113
15	114
15	115
15	120
15	125
16	0
16	1
16	2
16	3
16	4
16	5
16	7
16	8
16	9
16	10
16	11
16	12
16	14
16	15
16	16
16	17
16	18
16	19
16	20
16	21
16	24
16	29
16	30
16	31
16	35
16	36
16	38
16	39
16	40
16	41
16	42
16	43
16	44
16	45
16	56
16	62
16	66
16	75
16	76
16	77
16	78
16	79
16	81
16	82
16	83
16	84
16	85
16	86
16	88
16	89
16	90
16	91
16	93
16	94
16	95
16	96
16	97
16	102
16	103
16	105
16	106
16	107
16	108
16	109
16	110
16	111
16	112
16	120
16	121
16	122
17	1
17	2
17	4
17	5
17	6
17	7
17	8
17	9
17	10
17	11
17	12
17	14
17	15
17	16
17	17
17	18
17	19
17	20
17	21
17	22
17	23
17	24
17	27
17	28
17	29
17	30
17	31
17	32
17	35
17	39
17	40
17	41
17	42
17	43
17	53
17	56
17	70
17	71
17	72
17	73
17	74
17	75
17	76
17	77
17	78
17	79
17	81
17	82
17	83
17	88
17	89
17	90
17	91
17	92
17	93
17	94
17	95
17	96
17	102
17	103
17	105
17	106
17	107
17	108
17	109
17	110
17	111
17	118
17	119
17	120
17	121
17	122
18	1
18	3
18	4
18	5
18	6
18	7
18	8
18	9
18	10
18	11
18	12
18	13
18	14
18	15
18	16
18	17
18	18
18	19
18	20
18	21
18	22
18	23
18	24
18	25
18	27
18	28
18	30
18	31
18	32
18	33
18	34
18	35
18	37
18	38
18	39
18	40
18	41
18	43
18	49
18	62
18	63
18	69
18	70
18	71
18	72
18	73
18	74
18	75
18	76
18	77
18	78
18	79
18	80
18	81
18	82
18	88
18	89
18	90
18	91
18	92
18	93
18	94
18	95
18	96
18	97
18	98
18	99
18	100
18	102
18	103
18	104
18	105
18	106
18	107
18	108
18	109
18	110
18	114
18	121
19	0
19	1
19	2
19	3
19	4
19	7
19	8
19	9
19	11
19	12
19	13
19	14
19	15
19	16
19	17
19	18
19	19
19	20
19	21
19	22
19	28
19	29
19	30
19	31
19	32
19	33
19	34
19	35
19	37
19	38
19	39
19	40
19	41
19	42
19	43
19	46
19	47
19	48
19	49
19	63
19	68
19	69
19	70
19	71
19	72
19	73
19	74
19	75
19	76
19	77
19	78
19	79
19	81
19	82
19	83
19	84
19	87
19	88
19	89
19	90
19	91
19	92
19	93
19	94
19	95
19	96
19	97
19	98
19	99
19	100
19	101
19	102
19	103
19	104
19	105
19	106
19	107
19	108
19	109
19	110
19	121
19	123
19	126
19	127
20	0
20	1
20	2
20	3
20	4
20	7
20	8
20	9
20	10
20	11
20	12
20	13
20	14
20	15
20	16
20	17
20	18
20	19
20	20
20	21
20	22
20	27
20	28
20	29
20	30
20	31
20	32
20	33
20	34
20	37
20	38
20	40
20	41
20	45
20	46
20	47
20	48
20	49
20	51
20	52
20	58
20	59
20	70
20	71
20	72
20	73
20	74
20	75
20	76
20	77
20	78
20	81
20	82
20	83
20	84
20	85
20	86
20	87
20	88
20	89
20	90
20	91
20	93
20	94
20	95
20	96
20	97
20	98
20	99
20	100
20	101
20	102
20	103
20	104
20	105
20	106
20	107
20	108
20	109
20	110
20	111
20	123
20	124
20	125
20	126
20	127
21	0
21	1
21	2
21	4
21	5
21	7
21	8
21	9
21	10
21	11
21	12
21	13
21	14
21	15
21	16
21	17
21	18
21	19
21	20
21	22
21	23
21	28
21	29
21	30
21	31
21	32
21	34
21	35
21	37
21	38
21	41
21	43
21	44
21	45
21	46
21	47
21	48
21	49
21	59
21	60
21	65
21	66
21	70
21	71
21	72
21	73
21	74
21	75
21	76
21	77
21	82
21	83
21	84
21	85
21	86
21	87
21	88
21	89
21	90
21	91
21	93
21	94
21	95
21	96
21	97
21	98
21	99
21	100
21	101
21	102
21	103
21	104
21	105
21	106
21	109
21	111
21	115
21	116
21	122
21	123
21	124
21	125
21	126
21	127
22	0
22	1
22	2
22	4
22	5
22	6
22	7
22	8
22	9
22	11
22	14
22	15
22	16
22	17
22	18
22	19
22	20
22	21
22	28
22	29
22	30
22	31
22	32
22	33
22	34
22	35
22	36
22	37
22	38
22	40
22	41
22	42
22	43
22	44
22	45
22	46
22	47
22	48
22	65
22	66
22	67
22	69
22	70
22	71
22	72
22	73
22	74
22	75
22	76
22	82
22	83
22	84
22	85
22	86
22	87
22	88
22	89
22	90
22	93
22	94
22	95
22	97
22	98
22	99
22	100
22	101
22	102
22	103
22	104
22	105
22	106
22	107
22	108
22	109
22	110
22	111
22	116
22	117
22	119
22	123
22	124
22	125
22	126
22	127
23	1
23	2
23	3
23	4
23	5
23	6
23	7
23	9
23	11
23	13
23	14
23	15
23	16
23	17
23	18
23	19
23	20
23	21
23	27
23	28
23	29
23	30
23	31
23	32
23	33
23	34
23	35
23	36
23	37
23	39
23	40
23	41
23	42
23	43
23	44
23	45
23	46
23	47
23	48
23	49
23	60
23	65
23	66
23	67
23	68
23	69
23	70
23	71
23	72
23	73
23	74
23	75
23	76
23	80
23	81
23	82
23	84
23	85
23	86
23	93
23	94
23	95
23	96
23	97
23	98
23	99
23	100
23	101
23	102
23	103
23	104
23	105
23	106
23	107
23	108
23	109
23	110
23	119
23	120
23	122
24	1
24	2
24	3
24	4
24	5
24	6
24	7
24	9
24	13
24	14
24	15
24	16
24	18
24	19
24	20
24	21
24	22
24	25
24	26
24	27
24	29
24	30
24	31
24	33
24	34
24	35
24	37
24	38
24	39
24	40
24	41
24	42
24	43
24	44
24	45
24	46
24	47
24	48
24	49
24	50
24	51
24	52
24	67
24	68
24	69
24	70
24	73
24	74
24	75
24	76
24	77
24	80
24	81
24	82
24	83
24	84
24	85
24	86
24	88
24	89
24	90
24	91
24	92
24	93
24	94
24	95
24	96
24	97
24	98
24	99
24	100
24	101
24	103
24	105
24	106
24	107
24	108
24	119
24	120
24	121
24	122
24	126
25	0
25	1
25	2
25	3
25	4
25	5
25	6
25	10
25	11
25	12
25	13
25	14
25	20
25	22
25	23
25	24
25	25
25	28
25	29
25	30
25	31
25	34
25	37
25	38
25	39
25	40
25	41
25	42
25	43
25	44
25	45
25	46
25	47
25	48
25	49
25	50
25	51
25	52
25	53
25	67
25	68
25	69
25	72
25	73
25	74
25	75
25	76
25	77
25	78
25	79
25	80
25	81
25	83
25	84
25	86
25	87
25	89
25	90
25	91
25	92
25	95
25	96
25	97
25	98
25	99
25	101
25	103
25	104
25	105
25	117
25	120
25	121
25	122
25	123
25	124
25	125
25	126
25	127
26	0
26	1
26	2
26	3
26	4
26	5
26	6
26	10
26	11
26	12
26	13
26	14
26	20
26	24
26	25
26	29
26	30
26	31
26	34
26	35
26	38
26	39
26	40
26	41
26	42
26	43
26	44
26	45
26	46
26	47
26	48
26	49
26	50
26	51
26	52
26	67
26	68
26	69
26	71
26	72
26	73
26	74
26	75
26	76
26	77
26	78
26	79
26	80
26	81
26	82
26	83
26	84
26	90
26	91
26	92
26	95
26	96
26	97
26	98
26	99
26	101
26	102
26	103
26	104
26	105
26	106
26	115
26	116
26	119
26	120
26	121
26	122
26	123
26	124
26	125
26	126
26	127
27	0
27	1
27	2
27	4
27	10
27	11
27	12
27	13
27	14
27	20
27	22
27	23
27	24
27	28
27	29
27	30
27	31
27	32
27	33
27	34
27	35
27	36
27	37
27	38
27	39
27	40
27	41
27	42
27	43
27	44
27	45
27	46
27	47
27	48
27	50
27	51
27	52
27	54
27	66
27	67
27	68
27	69
27	70
27	71
27	72
27	73
27	74
27	75
27	76
27	77
27	78
27	79
27	80
27	81
27	82
27	83
27	84
27	90
27	95
27	96
27	97
27	98
27	99
27	100
27	101
27	102
27	115
27	116
27	117
27	118
27	119
27	120
27	121
27	122
27	123
27	124
27	125
27	126
27	127
28	0
28	6
28	8
28	9
28	10
28	12
28	20
28	22
28	23
28	24
28	28
28	29
28	30
28	31
28	33
28	35
28	36
28	37
28	38
28	39
28	40
28	41
28	42
28	43
28	44
28	45
28	46
28	47
28	48
28	49
28	50
28	51
28	52
28	53
28	65
28	66
28	67
28	68
28	69
28	70
28	73
28	74
28	75
28	76
28	77
28	78
28	79
28	80
28	81
28	82
28	83
28	84
28	85
28	86
28	95
28	96
28	97
28	98
28	100
28	101
28	102
28	103
28	104
28	105
28	115
28	116
28	117
28	118
28	119
28	120
28	121
28	123
28	124
28	125
28	126
28	127
29	0
29	3
29	7
29	8
29	9
29	10
29	11
29	12
29	13
29	14
29	19
29	20
29	21
29	23
29	24
29	28
29	29
29	30
29	31
29	32
29	33
29	34
29	35
29	36
29	37
29	38
29	39
29	40
29	43
29	45
29	46
29	47
29	48
29	49
29	50
29	51
29	52
29	53
29	54
29	55
29	56
29	58
29	66
29	67
29	68
29	69
29	70
29	71
29	72
29	73
29	74
29	75
29	76
29	77
29	78
29	80
29	81
29	82
29	84
29	85
29	86
29	87
29	88
29	89
29	100
29	101
29	102
29	114
29	115
29	116
29	117
29	118
29	119
29	120
29	121
29	126
29	127
30	8
30	9
30	10
30	11
30	12
30	13
30	14
30	15
30	16
30	22
30	23
30	24
30	25
30	28
30	29
30	30
30	31
30	32
30	35
30	36
30	37
30	38
30	39
30	40
30	43
30	45
30	46
30	47
30	48
30	53
30	54
30	55
30	56
30	57
30	58
30	65
30	66
30	67
30	74
30	75
30	77
30	78
30	79
30	80
30	81
30	84
30	85
30	86
30	87
30	88
30	89
30	90
30	99
30	100
30	104
30	105
30	106
30	107
30	108
30	109
30	110
30	111
30	114
30	115
30	116
30	117
30	118
30	119
30	126
30	127
31	3
31	5
31	6
31	7
31	8
31	9
31	10
31	11
31	12
31	15
31	22
31	23
31	24
31	25
31	26
31	28
31	29
31	30
31	31
31	32
31	36
31	40
31	44
31	48
31	49
31	50
31	51
31	55
31	56
31	57
31	58
31	59
31	64
31	65
31	66
31	68
31	69
31	70
31	74
31	75
31	84
31	85
31	86
31	87
31	88
31	89
31	90
31	91
31	95
31	98
31	100
31	101
31	103
31	104
31	105
31	106
31	107
31	109
31	110
31	111
31	114
31	116
31	117
31	118
31	119
31	126
31	127
32	0
32	2
32	3
32	4
32	5
32	8
32	9
32	11
32	14
32	15
32	18
32	19
32	20
32	26
32	29
32	30
32	32
32	36
32	38
32	41
32	46
32	47
32	50
32	51
32	54
32	55
32	57
32	58
32	59
32	60
32	63
32	64
32	65
32	66
32	67
32	68
32	69
32	70
32	84
32	85
32	86
32	87
32	88
32	89
32	90
32	91
32	97
32	98
32	99
32	100
32	101
32	102
32	104
32	105
32	106
32	107
32	108
32	109
32	110
32	111
32	112
32	113
32	114
32	115
32	116
32	117
32	118
32	119
32	120
32	122
32	126
32	127
33	0
33	2
33	3
33	4
33	5
33	6
33	7
33	8
33	9
33	10
33	14
33	15
33	18
33	19
33	20
33	23
33	35
33	36
33	41
33	44
33	53
33	57
33	58
33	59
33	60
33	61
33	65
33	66
33	67
33	68
33	69
33	76
33	83
33	84
33	85
33	86
33	87
33	88
33	93
33	94
33	97
33	98
33	99
33	100
33	101
33	102
33	103
33	104
33	105
33	106
33	107
33	108
33	109
33	110
33	111
33	112
33	114
33	115
33	116
33	117
33	118
33	119
33	120
33	121
33	122
33	125
33	126
33	127
34	0
34	1
34	2
34	3
34	4
34	5
34	6
34	7
34	8
34	9
34	13
34	14
34	15
34	16
34	17
34	19
34	20
34	21
34	22
34	23
34	24
34	49
34	55
34	56
34	57
34	58
34	59
34	60
34	61
34	62
34	65
34	66
34	67
34	68
34	76
34	78
34	83
34	84
34	85
34	86
34	87
34	88
34	90
34	91
34	94
34	95
34	96
34	97
34	98
34	99
34	100
34	101
34	102
34	103
34	104
34	105
34	106
34	107
34	108
34	109
34	110
34	111
34	113
34	114
34	115
34	117
34	119
34	120
34	121
34	122
34	123
34	126
34	127
35	0
35	1
35	2
35	3
35	4
35	5
35	6
35	7
35	8
35	9
35	11
35	13
35	14
35	15
35	16
35	19
35	20
35	21
35	22
35	23
35	24
35	29
35	44
35	48
35	55
35	56
35	57
35	58
35	59
35	60
35	61
35	62
35	63
35	65
35	66
35	67
35	68
35	77
35	78
35	79
35	86
35	90
35	91
35	93
35	94
35	95
35	96
35	97
35	98
35	103
35	104
35	105
35	106
35	107
35	108
35	109
35	110
35	111
35	112
35	113
35	114
35	115
35	117
35	118
35	119
35	120
35	121
35	123
35	126
35	127
36	0
36	1
36	2
36	3
36	4
36	5
36	6
36	7
36	8
36	11
36	12
36	13
36	14
36	15
36	16
36	20
36	21
36	22
36	24
36	29
36	30
36	40
36	41
36	43
36	48
36	54
36	55
36	56
36	57
36	58
36	59
36	60
36	61
36	62
36	66
36	67
36	68
36	69
36	76
36	77
36	91
36	94
36	95
36	96
36	97
36	98
36	99
36	103
36	104
36	105
36	106
36	107
36	108
36	109
36	110
36	112
36	114
36	115
36	116
36	117
36	118
36	119
36	120
36	121
36	122
36	123
36	126
36	127
37	0
37	1
37	2
37	5
37	6
37	7
37	8
37	9
37	10
37	11
37	12
37	13
37	14
37	15
37	16
37	19
37	20
37	22
37	23
37	28
37	29
37	30
37	36
37	37
37	40
37	47
37	48
37	54
37	55
37	56
37	57
37	58
37	59
37	60
37	61
37	62
37	64
37	66
37	67
37	68
37	69
37	75
37	77
37	78
37	81
37	82
37	94
37	95
37	96
37	97
37	98
37	99
37	103
37	107
37	108
37	109
37	110
37	111
37	112
37	114
37	115
37	116
37	117
37	118
37	119
37	120
37	121
37	122
37	123
37	124
37	126
38	0
38	1
38	2
38	3
38	4
38	5
38	6
38	7
38	8
38	10
38	11
38	12
38	13
38	14
38	15
38	18
38	19
38	20
38	21
38	22
38	23
38	24
38	25
38	29
38	30
38	31
38	35
38	36
38	37
38	39
38	40
38	47
38	48
38	49
38	50
38	51
38	55
38	56
38	57
38	58
38	59
38	60
38	61
38	62
38	63
38	64
38	66
38	67
38	68
38	69
38	70
38	75
38	77
38	78
38	87
38	90
38	91
38	93
38	94
38	95
38	96
38	97
38	98
38	99
38	103
38	107
38	108
38	109
38	110
38	111
38	112
38	114
38	115
38	116
38	117
38	118
38	119
38	120
38	121
38	122
38	123
38	124
38	125
38	126
39	1
39	2
39	3
39	4
39	5
39	6
39	7
39	8
39	9
39	10
39	11
39	12
39	13
39	14
39	18
39	19
39	20
39	21
39	22
39	23
39	24
39	25
39	26
39	27
39	28
39	29
39	30
39	31
39	35
39	36
39	45
39	46
39	47
39	48
39	49
39	50
39	55
39	56
39	57
39	58
39	59
39	60
39	61
39	62
39	63
39	64
39	65
39	66
39	67
39	68
39	69
39	70
39	71
39	75
39	87
39	91
39	93
39	94
39	95
39	96
39	97
39	98
39	100
39	107
39	108
39	109
39	110
39	111
39	112
39	113
39	114
39	115
39	116
39	117
39	118
39	119
39	120
39	121
39	122
39	123
39	124
39	125
39	126
39	127
40	0
40	3
40	4
40	5
40	6
40	7
40	8
40	9
40	11
40	12
40	18
40	20
40	23
40	24
40	25
40	26
40	27
40	28
40	29
40	30
40	31
40	47
40	48
40	50
40	55
40	56
40	57
40	58
40	59
40	60
40	61
40	62
40	63
40	64
40	65
40	66
40	67
40	68
40	69
40	70
40	71
40	76
40	90
40	91
40	92
40	93
40	94
40	95
40	96
40	97
40	98
40	100
40	104
40	105
40	108
40	109
40	110
40	111
40	112
40	113
40	114
40	115
40	116
40	117
40	119
40	120
40	121
40	122
40	123
40	124
40	125
40	126
40	127
41	3
41	4
41	5
41	6
41	7
41	8
41	9
41	10
41	11
41	15
41	17
41	18
41	27
41	29
41	48
41	49
41	50
41	52
41	54
41	55
41	56
41	57
41	58
41	59
41	60
41	61
41	62
41	64
41	65
41	66
41	67
41	68
41	69
41	75
41	76
41	81
41	90
41	91
41	92
41	95
41	96
41	97
41	98
41	100
41	104
41	108
41	110
41	111
41	119
41	120
41	121
41	122
41	123
41	124
41	125
41	126
41	127
42	1
42	2
42	3
42	4
42	5
42	6
42	8
42	9
42	11
42	15
42	35
42	44
42	45
42	48
42	49
42	50
42	54
42	55
42	56
42	57
42	58
42	59
42	60
42	61
42	62
42	63
42	64
42	65
42	66
42	68
42	69
42	71
42	75
42	76
42	87
42	88
42	90
42	94
42	95
42	96
42	98
42	107
42	108
42	109
42	110
42	120
42	121
42	122
42	123
42	124
42	125
42	126
42	127
43	0
43	1
43	2
43	3
43	4
43	5
43	6
43	7
43	8
43	9
43	10
43	11
43	12
43	15
43	44
43	45
43	50
43	54
43	55
43	56
43	57
43	58
43	59
43	60
43	61
43	62
43	64
43	65
43	66
43	67
43	68
43	69
43	71
43	72
43	73
43	74
43	75
43	76
43	87
43	95
43	96
43	98
43	101
43	102
43	103
43	106
43	107
43	108
43	109
43	115
43	116
43	121
43	123
43	124
43	125
43	126
43	127
44	0
44	1
44	2
44	3
44	4
44	5
44	6
44	7
44	8
44	9
44	10
44	11
44	12
44	13
44	14
44	29
44	45
44	56
44	57
44	58
44	59
44	60
44	61
44	62
44	63
44	64
44	65
44	66
44	67
44	69
44	70
44	71
44	72
44	73
44	74
44	76
44	77
44	78
44	79
44	95
44	96
44	98
44	99
44	100
44	101
44	102
44	103
44	106
44	107
44	114
44	115
44	116
44	123
44	124
44	125
44	126
44	127
45	0
45	2
45	3
45	4
45	5
45	7
45	8
45	9
45	10
45	11
45	12
45	13
45	33
45	36
45	37
45	38
45	45
45	50
45	51
45	52
45	56
45	57
45	59
45	61
45	62
45	63
45	64
45	65
45	66
45	67
45	68
45	71
45	72
45	73
45	74
45	75
45	76
45	77
45	78
45	79
45	84
45	85
45	89
45	95
45	96
45	97
45	98
45	99
45	100
45	101
45	102
45	103
45	105
45	115
45	116
45	121
45	123
45	124
45	125
45	126
45	127
46	0
46	2
46	3
46	4
46	5
46	6
46	7
46	8
46	9
46	10
46	11
46	12
46	13
46	32
46	33
46	37
46	38
46	44
46	49
46	50
46	51
46	52
46	53
46	55
46	56
46	58
46	59
46	60
46	61
46	62
46	63
46	64
46	65
46	67
46	68
46	72
46	75
46	76
46	77
46	78
46	79
46	91
46	93
46	94
46	95
46	96
46	97
46	99
46	100
46	101
46	102
46	103
46	105
46	113
46	115
46	116
46	117
46	123
46	124
46	125
46	126
47	0
47	1
47	2
47	3
47	4
47	5
47	6
47	7
47	8
47	9
47	10
47	11
47	12
47	13
47	14
47	15
47	32
47	33
47	36
47	37
47	38
47	39
47	44
47	45
47	47
47	49
47	50
47	51
47	52
47	53
47	54
47	58
47	59
47	60
47	61
47	62
47	63
47	64
47	65
47	67
47	68
47	71
47	72
47	73
47	74
47	76
47	77
47	78
47	79
47	80
47	84
47	91
47	92
47	93
47	94
47	95
47	96
47	97
47	102
47	103
47	107
47	113
47	114
47	115
47	116
47	123
47	124
47	125
47	126
47	127
48	0
48	1
48	2
48	3
48	4
48	5
48	6
48	7
48	8
48	9
48	10
48	12
48	15
48	20
48	26
48	32
48	33
48	34
48	36
48	37
48	38
48	39
48	44
48	45
48	49
48	50
48	51
48	52
48	54
48	58
48	59
48	62
48	64
48	65
48	66
48	67
48	68
48	73
48	74
48	75
48	76
48	77
48	78
48	79
48	80
48	83
48	84
48	92
48	93
48	105
48	106
48	114
48	115
48	116
48	122
48	123
48	124
48	126
48	127
49	0
49	1
49	2
49	3
49	4
49	5
49	6
49	7
49	8
49	9
49	11
49	12
49	13
49	20
49	34
49	36
49	37
49	43
49	59
49	67
49	70
49	71
49	76
49	77
49	78
49	83
49	84
49	96
49	105
49	106
49	112
49	113
49	114
49	115
49	116
49	120
49	121
49	122
49	123
49	124
49	125
49	126
49	127
50	0
50	1
50	2
50	3
50	4
50	5
50	6
50	7
50	8
50	9
50	10
50	11
50	13
50	16
50	20
50	34
50	35
50	36
50	38
50	42
50	43
50	44
50	57
50	59
50	76
50	77
50	78
50	80
50	83
50	84
50	85
50	99
50	100
50	101
50	103
50	105
50	106
50	111
50	113
50	114
50	115
50	116
50	117
50	118
50	119
50	120
50	121
50	122
50	124
50	126
50	127
51	0
51	1
51	3
51	4
51	15
51	16
51	18
51	19
51	20
51	26
51	27
51	34
51	36
51	37
51	38
51	39
51	44
51	45
51	52
51	53
51	54
51	55
51	56
51	70
51	71
51	76
51	80
51	81
51	82
51	83
51	93
51	101
51	102
51	103
51	105
51	106
51	110
51	111
51	112
51	113
51	114
51	115
51	116
51	117
51	118
51	119
51	120
51	121
51	122
51	123
51	124
51	126
51	127
52	0
52	1
52	2
52	3
52	19
52	20
52	21
52	29
52	31
52	38
52	39
52	40
52	42
52	43
52	45
52	46
52	47
52	51
52	52
52	53
52	55
52	56
52	57
52	62
52	70
52	71
52	72
52	73
52	74
52	75
52	76
52	77
52	91
52	92
52	93
52	98
52	99
52	105
52	106
52	108
52	109
52	110
52	113
52	114
52	115
52	116
52	117
52	118
52	119
52	120
52	121
52	122
52	123
52	124
52	125
52	126
52	127
53	0
53	1
53	2
53	9
53	19
53	20
53	21
53	28
53	29
53	39
53	40
53	43
53	44
53	45
53	46
53	48
53	49
53	50
53	51
53	52
53	69
53	76
53	77
53	78
53	79
53	80
53	81
53	83
53	84
53	85
53	91
53	92
53	105
53	109
53	110
53	114
53	115
53	116
53	117
53	118
53	119
53	120
53	121
53	122
53	123
53	124
53	125
53	126
53	127
54	0
54	1
54	2
54	6
54	7
54	19
54	23
54	39
54	42
54	43
54	49
54	51
54	52
54	53
54	54
54	55
54	56
54	62
54	63
54	74
54	76
54	79
54	80
54	81
54	82
54	83
54	84
54	85
54	86
54	87
54	88
54	90
54	91
54	92
54	97
54	98
54	99
54	108
54	109
54	113
54	114
54	115
54	116
54	119
54	120
54	121
54	122
54	123
54	124
55	0
55	1
55	2
55	4
55	5
55	6
55	7
55	8
55	12
55	33
55	39
55	40
55	41
55	42
55	48
55	52
55	53
55	54
55	55
55	58
55	59
55	60
55	62
55	63
55	76
55	77
55	78
55	79
55	80
55	81
55	82
55	83
55	84
55	85
55	86
55	87
55	88
55	89
55	90
55	91
55	92
55	93
55	94
55	95
55	96
55	97
55	98
55	108
55	109
55	110
55	114
55	122
55	123
55	124
55	125
56	0
56	1
56	2
56	3
56	4
56	5
56	6
56	7
56	8
56	10
56	49
56	50
56	51
56	52
56	53
56	54
56	55
56	79
56	80
56	81
56	82
56	83
56	84
56	85
56	86
56	88
56	89
56	90
56	91
56	92
56	93
56	94
56	96
56	97
56	98
56	104
56	105
56	107
56	108
56	109
56	110
56	111
56	112
56	113
56	123
56	124
56	125
56	126
56	127
57	0
57	1
57	2
57	3
57	4
57	6
57	7
57	8
57	9
57	10
57	15
57	16
57	21
57	23
57	32
57	40
57	47
57	49
57	50
57	51
57	52
57	53
57	54
57	58
57	59
57	70
57	78
57	79
57	80
57	81
57	82
57	83
57	84
57	85
57	86
57	87
57	88
57	89
57	90
57	91
57	94
57	96
57	97
57	98
57	99
57	100
57	105
57	107
57	108
57	109
57	110
57	111
57	112
57	113
57	114
57	123
57	124
57	125
57	126
57	127
58	0
58	1
58	2
58	3
58	4
58	6
58	7
58	8
58	9
58	10
58	15
58	16
58	21
58	23
58	30
58	31
58	39
58	40
58	41
58	51
58	52
58	53
58	54
58	57
58	58
58	70
58	71
58	76
58	77
58	78
58	79
58	80
58	81
58	82
58	83
58	84
58	85
58	86
58	88
58	89
58	90
58	91
58	92
58	95
58	96
58	97
58	98
58	99
58	100
58	105
58	107
58	108
58	109
58	110
58	111
58	112
58	113
58	114
58	123
58	124
58	126
58	127
59	0
59	1
59	2
59	3
59	6
59	7
59	8
59	9
59	10
59	11
59	13
59	29
59	30
59	39
59	40
59	41
59	51
59	52
59	54
59	56
59	57
59	70
59	71
59	72
59	73
59	74
59	75
59	76
59	77
59	78
59	79
59	80
59	81
59	82
59	83
59	84
59	88
59	89
59	91
59	92
59	95
59	96
59	97
59	98
59	99
59	100
59	103
59	104
59	105
59	106
59	107
59	108
59	109
59	110
59	122
59	123
59	124
59	126
59	127
60	0
60	1
60	2
60	3
60	6
60	8
60	9
60	10
60	11
60	12
60	13
60	29
60	30
60	37
60	38
60	40
60	48
60	49
60	52
60	56
60	57
60	65
60	66
60	67
60	70
60	71
60	72
60	73
60	74
60	75
60	76
60	77
60	78
60	79
60	80
60	81
60	82
60	84
60	90
60	91
60	92
60	95
60	96
60	97
60	98
60	99
60	100
60	102
60	103
60	104
60	105
60	106
60	107
60	108
60	109
60	115
60	116
60	117
60	118
60	121
60	122
60	123
60	124
60	125
60	126
60	127
61	0
61	1
61	2
61	3
61	4
61	5
61	6
61	7
61	8
61	9
61	10
61	11
61	30
61	33
61	34
61	35
61	40
61	49
61	65
61	66
61	67
61	68
61	69
61	70
61	71
61	74
61	75
61	76
61	77
61	78
61	79
61	80
61	81
61	82
61	83
61	84
61	85
61	90
61	95
61	96
61	97
61	98
61	99
61	100
61	101
61	102
61	103
61	104
61	105
61	106
61	107
61	108
61	109
61	115
61	116
61	117
61	118
61	119
61	121
61	122
61	123
61	126
61	127
62	0
62	1
62	2
62	3
62	4
62	5
62	6
62	7
62	8
62	9
62	10
62	11
62	12
62	17
62	22
62	23
62	24
62	25
62	34
62	35
62	42
62	63
62	66
62	67
62	68
62	69
62	70
62	71
62	72
62	74
62	75
62	76
62	77
62	78
62	80
62	81
62	82
62	83
62	84
62	88
62	90
62	97
62	98
62	99
62	100
62	101
62	102
62	103
62	104
62	105
62	106
62	107
62	108
62	109
62	110
62	111
62	115
62	116
62	117
62	118
62	119
62	122
62	123
62	124
62	125
62	126
62	127
63	0
63	1
63	3
63	4
63	5
63	6
63	7
63	8
63	9
63	10
63	13
63	17
63	21
63	22
63	23
63	24
63	25
63	26
63	27
63	63
63	67
63	68
63	69
63	70
63	71
63	74
63	75
63	76
63	77
63	82
63	83
63	84
63	88
63	90
63	97
63	98
63	99
63	100
63	103
63	104
63	105
63	106
63	107
63	108
63	109
63	110
63	111
63	115
63	116
63	117
63	118
63	119
63	121
63	122
63	125
63	126
63	127
64	0
64	1
64	2
64	3
64	4
64	5
64	6
64	7
64	8
64	9
64	19
64	22
64	23
64	24
64	25
64	27
64	29
64	56
64	69
64	70
64	71
64	72
64	74
64	75
64	76
64	79
64	82
64	83
64	84
64	90
64	97
64	98
64	99
64	100
64	103
64	105
64	106
64	107
64	108
64	109
64	110
64	111
64	115
64	116
64	117
64	118
64	119
64	120
64	121
64	122
64	123
64	125
64	126
64	127
65	0
65	1
65	2
65	3
65	4
65	5
65	8
65	9
65	12
65	13
65	14
65	19
65	20
65	21
65	22
65	23
65	24
65	25
65	26
65	27
65	28
65	29
65	30
65	35
65	49
65	52
65	53
65	69
65	70
65	71
65	72
65	73
65	74
65	75
65	76
65	78
65	79
65	80
65	88
65	91
65	92
65	93
65	94
65	97
65	98
65	99
65	100
65	101
65	102
65	105
65	106
65	107
65	108
65	109
65	111
65	112
65	114
65	115
65	116
65	117
65	118
65	119
65	120
65	121
65	122
65	123
65	126
65	127
66	0
66	1
66	2
66	3
66	4
66	5
66	12
66	13
66	15
66	16
66	19
66	20
66	21
66	22
66	23
66	24
66	25
66	26
66	27
66	29
66	44
66	45
66	46
66	47
66	48
66	49
66	61
66	65
66	66
66	67
66	68
66	69
66	70
66	71
66	72
66	73
66	74
66	75
66	79
66	80
66	87
66	88
66	91
66	92
66	93
66	94
66	96
66	97
66	98
66	99
66	100
66	101
66	102
66	111
66	112
66	114
66	115
66	116
66	117
66	118
66	119
66	120
66	121
66	122
66	123
66	124
67	1
67	2
67	12
67	13
67	16
67	17
67	18
67	19
67	20
67	21
67	26
67	35
67	42
67	43
67	44
67	45
67	46
67	47
67	48
67	52
67	53
67	58
67	59
67	62
67	63
67	64
67	65
67	66
67	67
67	68
67	69
67	70
67	71
67	87
67	90
67	91
67	92
67	93
67	95
67	96
67	97
67	98
67	99
67	100
67	101
67	102
67	103
67	104
67	105
67	108
67	110
67	111
67	112
67	117
67	118
67	119
67	120
67	121
67	122
67	123
67	124
68	1
68	2
68	11
68	17
68	18
68	19
68	20
68	21
68	35
68	41
68	42
68	43
68	44
68	45
68	46
68	47
68	48
68	62
68	63
68	64
68	65
68	66
68	67
68	68
68	69
68	70
68	71
68	77
68	91
68	92
68	93
68	95
68	96
68	97
68	98
68	99
68	100
68	101
68	102
68	103
68	104
68	105
68	107
68	108
68	109
68	110
68	111
68	112
68	113
68	117
68	118
68	119
68	120
68	121
68	122
68	123
69	0
69	1
69	2
69	6
69	7
69	8
69	11
69	17
69	35
69	36
69	37
69	41
69	42
69	43
69	44
69	45
69	46
69	47
69	48
69	58
69	63
69	64
69	65
69	68
69	69
69	70
69	71
69	77
69	91
69	92
69	93
69	97
69	98
69	99
69	100
69	101
69	102
69	103
69	104
69	105
69	106
69	107
69	108
69	109
69	110
69	111
69	112
69	117
69	118
69	119
69	120
69	121
69	122
69	123
69	124
69	125
70	1
70	5
70	6
70	7
70	16
70	33
70	34
70	35
70	42
70	43
70	44
70	63
70	66
70	69
70	70
70	71
70	72
70	91
70	92
70	93
70	94
70	97
70	98
70	99
70	100
70	101
70	102
70	103
70	104
70	105
70	106
70	107
70	108
70	109
70	110
70	111
70	117
70	118
70	119
70	120
70	121
70	123
70	124
70	127
71	13
71	34
71	35
71	38
71	40
71	41
71	42
71	43
71	60
71	68
71	69
71	70
71	71
71	72
71	87
71	88
71	91
71	92
71	99
71	100
71	101
71	102
71	103
71	104
71	105
71	106
71	107
71	108
71	109
71	119
71	120
71	121
71	124
72	11
72	21
72	22
72	25
72	26
72	34
72	35
72	40
72	41
72	42
72	71
72	72
72	88
72	89
72	90
72	91
72	92
72	93
72	94
72	97
72	99
72	100
72	101
72	103
72	104
72	105
72	106
72	107
72	108
72	109
72	110
72	112
72	114
72	119
72	120
72	122
72	124
72	125
73	11
73	17
73	18
73	19
73	21
73	22
73	32
73	33
73	34
73	37
73	38
73	39
73	40
73	41
73	56
73	61
73	62
73	63
73	71
73	72
73	88
73	89
73	90
73	91
73	99
73	100
73	102
73	103
73	104
73	105
73	106
73	107
73	108
73	109
73	110
73	111
73	119
73	120
73	122
73	123
73	124
74	6
74	7
74	8
74	10
74	17
74	18
74	19
74	20
74	21
74	22
74	32
74	39
74	40
74	41
74	71
74	72
74	87
74	88
74	89
74	90
74	91
74	94
74	95
74	96
74	97
74	98
74	99
74	100
74	101
74	102
74	103
74	104
74	105
74	106
74	107
74	108
74	110
74	120
74	122
74	123
74	124
74	125
75	1
75	8
75	14
75	22
75	23
75	41
75	42
75	44
75	47
75	58
75	59
75	60
75	69
75	70
75	71
75	72
75	78
75	80
75	81
75	86
75	87
75	88
75	89
75	90
75	91
75	92
75	93
75	94
75	95
75	96
75	97
75	98
75	99
75	100
75	101
75	102
75	103
75	104
75	105
75	106
75	107
75	108
75	109
75	110
75	117
75	119
75	122
75	123
75	124
76	8
76	23
76	30
76	33
76	34
76	42
76	47
76	49
76	50
76	51
76	58
76	61
76	62
76	66
76	77
76	78
76	79
76	80
76	81
76	82
76	83
76	89
76	90
76	91
76	92
76	93
76	94
76	95
76	96
76	97
76	98
76	99
76	100
76	101
76	102
76	103
76	104
76	105
76	106
76	107
76	108
76	109
76	110
76	111
76	119
76	120
76	121
76	122
76	123
76	124
76	125
77	7
77	8
77	14
77	18
77	24
77	34
77	35
77	36
77	38
77	43
77	44
77	45
77	46
77	49
77	51
77	54
77	55
77	56
77	57
77	58
77	59
77	60
77	61
77	62
77	67
77	76
77	78
77	79
77	80
77	81
77	82
77	90
77	91
77	92
77	93
77	94
77	95
77	96
77	97
77	98
77	99
77	100
77	101
77	102
77	103
77	104
77	105
77	106
77	107
77	108
77	109
77	110
77	111
77	112
77	119
77	120
77	121
77	123
77	124
77	125
78	6
78	7
78	8
78	14
78	15
78	22
78	26
78	27
78	34
78	35
78	37
78	38
78	44
78	45
78	46
78	47
78	48
78	49
78	51
78	57
78	58
78	59
78	60
78	61
78	62
78	80
78	89
78	90
78	91
78	92
78	93
78	94
78	95
78	96
78	97
78	99
78	100
78	101
78	102
78	103
78	104
78	105
78	106
78	107
78	108
78	109
78	110
78	112
78	113
78	114
78	115
78	117
78	119
78	120
78	121
78	122
78	123
79	7
79	14
79	15
79	16
79	17
79	26
79	27
79	31
79	38
79	39
79	48
79	54
79	59
79	60
79	61
79	89
79	90
79	91
79	92
79	93
79	94
79	95
79	96
79	100
79	101
79	102
79	103
79	104
79	105
79	106
79	107
79	108
79	109
79	112
79	113
79	114
79	115
79	117
79	118
79	119
79	120
79	121
79	122
79	125
79	126
80	1
80	11
80	14
80	15
80	16
80	17
80	24
80	25
80	26
80	27
80	30
80	31
80	32
80	34
80	35
80	36
80	37
80	38
80	39
80	47
80	48
80	49
80	50
80	54
80	55
80	83
80	91
80	92
80	93
80	94
80	98
80	100
80	101
80	102
80	103
80	104
80	105
80	106
80	107
80	108
80	109
80	110
80	111
80	112
80	113
80	114
80	115
80	116
80	117
80	118
80	119
80	120
80	122
80	125
80	126
81	0
81	1
81	2
81	6
81	15
81	16
81	17
81	24
81	25
81	26
81	27
81	28
81	29
81	30
81	31
81	32
81	34
81	35
81	36
81	37
81	44
81	45
81	46
81	53
81	54
81	55
81	56
81	60
81	61
81	70
81	90
81	91
81	92
81	93
81	94
81	96
81	97
81	98
81	100
81	102
81	103
81	104
81	105
81	106
81	107
81	108
81	109
81	110
81	111
81	112
81	113
81	114
81	115
81	116
81	117
81	118
81	119
81	120
81	122
81	125
81	126
81	127
82	1
82	2
82	14
82	15
82	16
82	17
82	24
82	25
82	26
82	27
82	28
82	29
82	30
82	31
82	32
82	33
82	34
82	35
82	36
82	37
82	44
82	45
82	46
82	47
82	54
82	56
82	58
82	61
82	62
82	70
82	71
82	72
82	73
82	81
82	82
82	83
82	84
82	86
82	87
82	89
82	90
82	96
82	97
82	98
82	99
82	100
82	101
82	102
82	103
82	104
82	105
82	106
82	107
82	108
82	109
82	110
82	111
82	112
82	113
82	115
82	116
82	117
82	118
82	119
82	120
82	121
82	122
82	126
82	127
83	0
83	1
83	6
83	7
83	10
83	14
83	15
83	16
83	17
83	19
83	23
83	24
83	28
83	29
83	30
83	31
83	32
83	33
83	34
83	35
83	44
83	46
83	71
83	72
83	73
83	74
83	77
83	80
83	81
83	82
83	96
83	97
83	98
83	99
83	100
83	101
83	102
83	103
83	104
83	105
83	106
83	107
83	108
83	109
83	110
83	111
83	112
83	113
83	114
83	115
83	116
83	117
83	118
83	119
83	121
83	122
83	126
83	127
84	0
84	1
84	2
84	15
84	19
84	23
84	24
84	25
84	28
84	29
84	30
84	31
84	32
84	34
84	43
84	44
84	45
84	46
84	47
84	49
84	53
84	54
84	60
84	70
84	71
84	72
84	73
84	74
84	80
84	81
84	82
84	83
84	92
84	93
84	96
84	97
84	98
84	99
84	100
84	101
84	103
84	104
84	105
84	106
84	107
84	111
84	112
84	113
84	114
84	115
84	116
84	117
84	118
84	119
84	120
84	121
84	122
84	123
84	124
84	125
84	126
84	127
85	0
85	1
85	2
85	15
85	18
85	19
85	25
85	26
85	28
85	29
85	30
85	31
85	32
85	33
85	34
85	35
85	39
85	43
85	44
85	45
85	46
85	47
85	48
85	51
85	52
85	53
85	68
85	70
85	71
85	73
85	74
85	75
85	76
85	77
85	78
85	79
85	80
85	81
85	83
85	92
85	96
85	97
85	98
85	99
85	100
85	104
85	107
85	114
85	115
85	116
85	118
85	119
85	120
85	121
85	122
85	124
85	125
85	126
85	127
86	0
86	3
86	17
86	18
86	19
86	30
86	31
86	32
86	33
86	34
86	35
86	41
86	43
86	44
86	45
86	46
86	47
86	48
86	51
86	52
86	53
86	54
86	70
86	71
86	72
86	76
86	77
86	78
86	79
86	80
86	81
86	85
86	86
86	89
86	92
86	96
86	97
86	98
86	99
86	100
86	105
86	107
86	108
86	115
86	116
86	118
86	119
86	120
86	125
86	126
86	127
87	0
87	17
87	18
87	19
87	20
87	30
87	31
87	32
87	33
87	34
87	35
87	41
87	42
87	45
87	46
87	47
87	48
87	49
87	50
87	51
87	52
87	53
87	54
87	55
87	56
87	59
87	68
87	69
87	70
87	71
87	72
87	73
87	74
87	75
87	76
87	78
87	79
87	80
87	81
87	85
87	86
87	92
87	97
87	98
87	105
87	106
87	107
87	108
87	112
87	114
87	115
87	117
87	118
87	119
87	121
87	123
87	125
87	126
87	127
88	3
88	11
88	12
88	13
88	17
88	18
88	19
88	20
88	29
88	30
88	31
88	32
88	33
88	34
88	35
88	40
88	41
88	42
88	44
88	45
88	46
88	47
88	48
88	49
88	50
88	51
88	52
88	53
88	54
88	66
88	68
88	69
88	70
88	71
88	72
88	73
88	74
88	75
88	78
88	79
88	97
88	98
88	105
88	116
88	117
88	118
88	119
88	122
88	125
88	126
88	127
89	9
89	10
89	11
89	12
89	13
89	16
89	17
89	20
89	21
89	28
89	29
89	30
89	31
89	32
89	33
89	35
89	40
89	41
89	44
89	45
89	46
89	47
89	48
89	49
89	50
89	52
89	53
89	54
89	66
89	67
89	68
89	69
89	70
89	71
89	72
89	73
89	74
89	75
89	83
89	101
89	105
89	126
89	127
90	4
90	17
90	20
90	21
90	22
90	28
90	29
90	30
90	31
90	32
90	33
90	34
90	35
90	36
90	41
90	42
90	43
90	44
90	45
90	46
90	47
90	48
90	49
90	50
90	51
90	52
90	53
90	60
90	67
90	68
90	69
90	70
90	71
90	72
90	74
90	75
90	83
90	95
90	96
90	101
90	102
90	119
90	127
91	4
91	9
91	10
91	20
91	21
91	27
91	28
91	29
91	30
91	31
91	32
91	33
91	34
91	35
91	36
91	37
91	38
91	41
91	42
91	43
91	46
91	47
91	48
91	49
91	50
91	51
91	55
91	61
91	62
91	65
91	66
91	67
91	68
91	69
91	70
91	71
91	72
91	73
91	74
91	75
91	96
91	97
91	98
91	99
91	100
91	101
91	102
91	103
91	109
91	119
91	120
91	127
92	9
92	18
92	19
92	20
92	26
92	27
92	30
92	31
92	32
92	33
92	34
92	35
92	36
92	37
92	38
92	41
92	42
92	43
92	44
92	45
92	46
92	48
92	54
92	55
92	61
92	62
92	63
92	64
92	65
92	66
92	67
92	71
92	72
92	75
92	78
92	81
92	82
92	96
92	97
92	98
92	99
92	100
92	101
92	102
92	103
92	104
92	124
92	125
92	126
92	127
93	5
93	15
93	16
93	18
93	25
93	26
93	27
93	29
93	30
93	31
93	32
93	33
93	34
93	35
93	36
93	37
93	38
93	42
93	43
93	44
93	45
93	46
93	55
93	61
93	62
93	63
93	64
93	75
93	76
93	78
93	80
93	81
93	96
93	97
93	98
93	99
93	100
93	103
93	106
93	115
93	116
93	117
93	121
93	124
93	125
93	126
93	127
94	4
94	9
94	24
94	25
94	26
94	27
94	29
94	30
94	31
94	32
94	33
94	34
94	35
94	36
94	37
94	38
94	42
94	43
94	44
94	47
94	64
94	67
94	75
94	76
94	77
94	78
94	79
94	80
94	81
94	96
94	97
94	98
94	103
94	104
94	113
94	116
94	118
94	125
94	126
94	127
95	1
95	3
95	4
95	5
95	6
95	7
95	8
95	14
95	21
95	27
95	28
95	29
95	30
95	31
95	32
95	33
95	37
95	64
95	65
95	66
95	67
95	68
95	69
95	70
95	73
95	75
95	76
95	77
95	80
95	84
95	85
95	98
95	99
95	103
95	112
95	114
95	116
95	117
95	118
95	119
95	120
95	125
95	126
95	127
96	1
96	2
96	3
96	4
96	7
96	8
96	9
96	10
96	16
96	21
96	23
96	24
96	28
96	29
96	30
96	31
96	32
96	33
96	37
96	38
96	42
96	46
96	59
96	64
96	65
96	66
96	67
96	68
96	69
96	70
96	71
96	72
96	73
96	75
96	76
96	77
96	78
96	79
96	80
96	81
96	82
96	83
96	84
96	85
96	89
96	94
96	108
96	109
96	112
96	114
96	116
97	3
97	4
97	5
97	6
97	7
97	8
97	22
97	23
97	24
97	25
97	26
97	27
97	28
97	29
97	30
97	31
97	38
97	39
97	40
97	41
97	42
97	43
97	47
97	49
97	56
97	57
97	63
97	64
97	65
97	66
97	67
97	68
97	69
97	70
97	71
97	72
97	73
97	74
97	75
97	76
97	77
97	78
97	79
97	80
97	81
97	82
97	83
97	84
97	85
97	106
97	108
97	109
97	110
97	112
97	113
97	114
97	115
97	116
97	124
98	3
98	4
98	5
98	8
98	9
98	21
98	22
98	23
98	24
98	25
98	26
98	27
98	28
98	30
98	31
98	32
98	33
98	35
98	36
98	38
98	39
98	40
98	41
98	42
98	46
98	47
98	48
98	49
98	64
98	65
98	66
98	70
98	71
98	72
98	73
98	74
98	76
98	77
98	78
98	79
98	80
98	81
98	82
98	83
98	84
98	85
98	97
98	106
98	108
98	109
98	110
98	116
99	3
99	9
99	10
99	11
99	12
99	24
99	25
99	26
99	27
99	28
99	29
99	30
99	31
99	35
99	36
99	37
99	38
99	39
99	40
99	41
99	42
99	46
99	47
99	48
99	49
99	62
99	64
99	65
99	67
99	68
99	69
99	70
99	71
99	72
99	73
99	74
99	75
99	76
99	77
99	79
99	80
99	81
99	82
99	83
99	84
99	85
99	90
99	122
100	11
100	12
100	25
100	26
100	27
100	28
100	29
100	35
100	36
100	37
100	47
100	64
100	65
100	66
100	67
100	68
100	69
100	70
100	71
100	72
100	73
100	74
100	75
100	76
100	77
100	78
100	79
100	80
100	81
100	82
100	83
100	84
100	85
100	91
100	92
100	95
100	104
101	4
101	5
101	25
101	26
101	27
101	28
101	29
101	30
101	31
101	34
101	35
101	36
101	47
101	63
101	64
101	65
101	66
101	67
101	69
101	70
101	71
101	72
101	74
101	75
101	76
101	77
101	78
101	79
101	80
101	81
101	82
101	83
101	104
101	111
102	4
102	5
102	25
102	26
102	27
102	28
102	29
102	30
102	31
102	32
102	34
102	35
102	36
102	37
102	57
102	58
102	63
102	65
102	66
102	69
102	71
102	72
102	73
102	75
102	76
102	77
102	78
102	79
102	80
102	81
102	122
102	123
103	5
103	8
103	27
103	28
103	29
103	30
103	31
103	32
103	33
103	34
103	35
103	36
103	37
103	43
103	48
103	56
103	57
103	58
103	65
103	70
103	71
103	72
103	73
103	74
103	75
103	76
103	77
103	78
103	79
103	80
103	81
103	85
103	86
103	87
103	91
103	92
103	112
103	113
103	114
103	117
103	118
103	121
103	122
103	123
103	124
103	125
103	126
104	17
104	26
104	27
104	28
104	29
104	30
104	31
104	32
104	33
104	36
104	37
104	59
104	63
104	64
104	65
104	66
104	68
104	69
104	70
104	71
104	72
104	73
104	77
104	81
104	82
104	85
104	86
104	87
104	103
104	104
104	105
104	107
104	108
104	109
104	111
104	112
104	121
104	122
104	123
104	124
104	125
104	126
105	0
105	1
105	2
105	17
105	26
105	27
105	28
105	29
105	30
105	32
105	33
105	50
105	65
105	66
105	68
105	69
105	70
105	71
105	72
105	79
105	80
105	81
105	82
105	85
105	86
105	87
105	90
105	91
105	92
105	95
105	103
105	104
105	105
105	106
105	107
105	108
105	109
105	110
105	111
105	117
105	121
105	122
105	123
105	124
105	125
105	126
105	127
106	0
106	1
106	2
106	3
106	9
106	10
106	28
106	29
106	30
106	32
106	33
106	36
106	37
106	38
106	46
106	47
106	48
106	65
106	66
106	71
106	79
106	80
106	81
106	82
106	83
106	84
106	85
106	86
106	91
106	92
106	93
106	100
106	101
106	108
106	109
106	110
106	111
106	121
106	125
106	126
106	127
107	0
107	2
107	3
107	4
107	7
107	9
107	10
107	11
107	15
107	20
107	21
107	24
107	29
107	30
107	31
107	32
107	33
107	42
107	43
107	68
107	69
107	70
107	71
107	79
107	80
107	81
107	84
107	86
107	92
107	100
107	101
107	102
107	104
107	105
107	108
107	109
107	125
107	127
108	0
108	3
108	6
108	7
108	8
108	9
108	10
108	11
108	20
108	21
108	23
108	24
108	25
108	29
108	30
108	31
108	32
108	42
108	68
108	69
108	70
108	71
108	74
108	78
108	79
108	80
108	81
108	82
108	90
108	99
108	100
108	101
108	102
108	119
108	122
108	123
108	125
109	0
109	1
109	6
109	7
109	8
109	9
109	10
109	11
109	13
109	20
109	21
109	22
109	23
109	30
109	31
109	32
109	33
109	35
109	36
109	39
109	41
109	42
109	68
109	69
109	70
109	71
109	73
109	74
109	78
109	79
109	80
109	81
109	94
109	99
109	100
109	101
109	102
109	103
109	104
109	120
109	122
109	123
109	124
109	125
109	126
109	127
110	5
110	6
110	7
110	8
110	9
110	12
110	13
110	22
110	23
110	24
110	30
110	31
110	33
110	34
110	35
110	37
110	38
110	39
110	59
110	68
110	69
110	70
110	71
110	74
110	79
110	80
110	81
110	82
110	83
110	84
110	92
110	100
110	101
110	102
110	103
110	104
110	113
110	117
110	118
110	119
110	120
110	122
110	123
110	124
110	125
110	126
110	127
111	4
111	5
111	7
111	23
111	24
111	25
111	26
111	27
111	30
111	31
111	45
111	46
111	47
111	66
111	67
111	68
111	69
111	70
111	71
111	72
111	73
111	74
111	75
111	76
111	77
111	79
111	80
111	81
111	82
111	83
111	84
111	85
111	86
111	92
111	101
111	102
111	103
111	104
111	105
111	106
111	113
111	119
111	120
111	122
111	123
111	124
111	125
112	4
112	19
112	22
112	23
112	24
112	25
112	26
112	28
112	29
112	30
112	33
112	35
112	36
112	38
112	45
112	46
112	47
112	60
112	66
112	67
112	68
112	69
112	70
112	71
112	72
112	73
112	74
112	76
112	77
112	79
112	82
112	83
112	85
112	86
112	87
112	95
112	100
112	101
112	102
112	103
112	104
112	105
112	106
112	107
112	110
112	111
112	112
112	113
112	114
112	120
112	123
113	4
113	20
113	21
113	22
113	23
113	29
113	30
113	31
113	32
113	33
113	34
113	46
113	47
113	48
113	49
113	50
113	51
113	66
113	67
113	68
113	69
113	70
113	71
113	76
113	77
113	78
113	79
113	82
113	83
113	84
113	85
113	86
113	87
113	88
113	99
113	100
113	110
113	111
113	112
113	113
113	114
113	115
113	120
113	123
114	0
114	3
114	19
114	20
114	21
114	22
114	23
114	26
114	29
114	30
114	31
114	32
114	47
114	48
114	49
114	50
114	63
114	64
114	65
114	66
114	67
114	68
114	69
114	70
114	71
114	75
114	78
114	80
114	81
114	82
114	83
114	84
114	85
114	86
114	87
114	102
114	107
114	110
114	111
114	112
114	113
114	114
114	115
114	116
114	123
115	19
115	20
115	30
115	31
115	32
115	49
115	50
115	51
115	53
115	61
115	62
115	63
115	64
115	65
115	66
115	67
115	68
115	69
115	70
115	71
115	75
115	80
115	81
115	82
115	83
115	84
115	85
115	86
115	87
115	91
115	92
115	94
115	95
115	96
115	97
115	99
115	100
115	101
115	106
115	107
115	110
115	111
115	114
115	115
115	116
116	16
116	17
116	18
116	19
116	20
116	23
116	24
116	31
116	32
116	33
116	43
116	48
116	49
116	50
116	57
116	61
116	62
116	63
116	64
116	65
116	66
116	68
116	69
116	70
116	79
116	80
116	81
116	82
116	83
116	84
116	85
116	86
116	87
116	89
116	92
116	93
116	94
116	95
116	96
116	97
116	98
116	99
116	100
116	102
116	103
116	104
116	105
116	106
116	107
116	110
116	114
116	115
116	116
116	118
117	16
117	17
117	18
117	19
117	20
117	21
117	25
117	31
117	32
117	33
117	34
117	38
117	39
117	40
117	41
117	42
117	43
117	44
117	47
117	48
117	49
117	50
117	55
117	56
117	57
117	58
117	60
117	61
117	64
117	65
117	66
117	67
117	68
117	69
117	70
117	78
117	79
117	81
117	82
117	83
117	84
117	85
117	86
117	87
117	88
117	89
117	90
117	91
117	92
117	93
117	94
117	95
117	96
117	98
117	99
117	100
117	101
117	104
117	105
117	106
117	107
117	108
117	109
117	110
117	111
117	112
117	113
117	114
117	115
117	116
117	117
117	118
117	125
117	126
118	3
118	6
118	13
118	17
118	18
118	19
118	20
118	21
118	26
118	27
118	28
118	30
118	31
118	32
118	33
118	34
118	35
118	38
118	39
118	40
118	41
118	42
118	43
118	44
118	46
118	47
118	48
118	49
118	59
118	60
118	61
118	64
118	66
118	67
118	68
118	69
118	70
118	77
118	78
118	79
118	80
118	81
118	82
118	83
118	84
118	85
118	86
118	87
118	88
118	89
118	90
118	91
118	92
118	93
118	94
118	95
118	96
118	97
118	98
118	99
118	100
118	101
118	102
118	103
118	104
118	105
118	106
118	107
118	108
118	109
118	110
118	111
118	112
118	114
118	115
118	116
118	117
118	118
118	119
118	125
118	126
118	127
119	3
119	6
119	7
119	13
119	19
119	20
119	21
119	30
119	31
119	32
119	33
119	34
119	35
119	36
119	37
119	38
119	39
119	41
119	42
119	43
119	44
119	46
119	47
119	48
119	54
119	58
119	59
119	60
119	61
119	64
119	65
119	66
119	67
119	68
119	69
119	70
119	79
119	80
119	81
119	82
119	83
119	84
119	85
119	86
119	87
119	88
119	89
119	90
119	92
119	93
119	94
119	95
119	96
119	97
119	98
119	99
119	100
119	101
119	104
119	105
119	106
119	107
119	108
119	109
119	110
119	111
119	114
119	115
119	119
119	125
119	126
120	5
120	6
120	7
120	14
120	15
120	16
120	20
120	21
120	28
120	29
120	30
120	31
120	32
120	33
120	34
120	35
120	36
120	37
120	38
120	39
120	41
120	42
120	43
120	44
120	45
120	46
120	47
120	48
120	49
120	50
120	51
120	52
120	58
120	59
120	60
120	61
120	62
120	63
120	64
120	65
120	66
120	67
120	68
120	69
120	70
120	79
120	80
120	81
120	82
120	83
120	84
120	85
120	87
120	88
120	89
120	90
120	91
120	92
120	93
120	94
120	95
120	96
120	97
120	98
120	99
120	100
120	101
120	104
120	105
120	106
120	107
120	108
120	109
120	110
120	111
120	112
120	114
120	115
120	123
120	124
121	3
121	4
121	6
121	7
121	8
121	15
121	16
121	20
121	26
121	30
121	31
121	32
121	33
121	34
121	37
121	38
121	39
121	43
121	44
121	45
121	46
121	47
121	48
121	49
121	50
121	51
121	52
121	57
121	58
121	59
121	60
121	61
121	62
121	63
121	64
121	65
121	66
121	67
121	68
121	69
121	70
121	71
121	76
121	77
121	79
121	80
121	81
121	82
121	84
121	85
121	86
121	87
121	88
121	90
121	91
121	92
121	93
121	94
121	95
121	96
121	97
121	98
121	99
121	100
121	101
121	102
121	103
121	104
121	105
121	107
121	108
121	111
121	112
121	114
121	115
121	116
121	122
121	123
121	124
122	1
122	2
122	3
122	4
122	6
122	8
122	11
122	15
122	16
122	17
122	20
122	23
122	30
122	31
122	32
122	33
122	34
122	35
122	41
122	43
122	44
122	45
122	46
122	47
122	48
122	49
122	51
122	52
122	53
122	54
122	55
122	61
122	62
122	63
122	64
122	65
122	66
122	67
122	68
122	69
122	76
122	77
122	80
122	81
122	82
122	83
122	85
122	86
122	87
122	88
122	89
122	90
122	91
122	92
122	93
122	94
122	95
122	96
122	97
122	98
122	99
122	100
122	103
122	104
122	105
122	106
122	109
122	110
122	111
122	112
122	113
123	1
123	2
123	3
123	5
123	6
123	7
123	8
123	9
123	11
123	15
123	16
123	17
123	23
123	30
123	31
123	32
123	33
123	34
123	35
123	36
123	39
123	40
123	41
123	42
123	43
123	44
123	45
123	46
123	47
123	48
123	49
123	50
123	51
123	52
123	53
123	54
123	55
123	61
123	62
123	63
123	64
123	65
123	66
123	74
123	75
123	81
123	83
123	85
123	86
123	87
123	88
123	89
123	91
123	92
123	93
123	94
123	95
123	96
123	97
123	98
123	99
123	104
123	105
123	110
123	111
123	112
123	113
124	16
124	27
124	28
124	29
124	30
124	31
124	32
124	33
124	34
124	35
124	41
124	42
124	43
124	44
124	45
124	47
124	48
124	49
124	50
124	52
124	53
124	55
124	61
124	62
124	63
124	64
124	65
124	66
124	72
124	83
124	84
124	85
124	86
124	87
124	88
124	89
124	90
124	91
124	92
124	93
124	94
124	95
124	96
124	97
124	98
124	99
124	103
124	104
124	105
124	111
124	112
124	113
124	114
124	116
124	117
125	9
125	10
125	12
125	15
125	27
125	28
125	29
125	30
125	31
125	32
125	33
125	34
125	35
125	42
125	43
125	44
125	45
125	46
125	47
125	48
125	49
125	50
125	55
125	60
125	61
125	62
125	63
125	64
125	69
125	70
125	72
125	82
125	83
125	84
125	86
125	87
125	88
125	89
125	90
125	91
125	92
125	93
125	94
125	95
125	96
125	97
125	98
125	99
125	103
125	104
125	105
125	110
125	111
125	112
125	113
125	114
125	115
125	116
125	117
126	9
126	10
126	15
126	18
126	27
126	29
126	30
126	33
126	34
126	35
126	36
126	41
126	42
126	43
126	45
126	47
126	48
126	49
126	51
126	62
126	68
126	69
126	70
126	81
126	82
126	83
126	84
126	85
126	86
126	87
126	88
126	89
126	90
126	92
126	93
126	94
126	95
126	96
126	97
126	98
126	99
126	103
126	104
126	105
126	106
126	112
126	113
126	114
126	115
126	116
126	117
126	126
127	7
127	8
127	9
127	10
127	34
127	35
127	36
127	41
127	42
127	43
127	44
127	45
127	48
127	49
127	50
127	51
127	52
127	55
127	64
127	67
127	68
127	69
127	81
127	82
127	83
127	87
127	88
127	90
127	91
127	92
127	93
127	94
127	95
127	96
127	97
127	98
127	105
127	106
127	112
127	113
127	114
127	115
127	116
127	124
127	126
127	127
