size	128
T	2.5
J	1
H	0
x	y
0	0
0	3
0	4
0	10
0	11
0	12
0	13
0	14
0	15
0	16
0	17
0	18
0	21
0	22
0	23
0	24
0	25
0	26
0	27
0	28
0	29
0	30
0	31
0	33
0	34
0	35
0	36
0	37
0	38
0	39
0	40
0	41
0	54
0	55
0	56
0	57
0	63
0	64
0	66
0	71
0	72
0	73
0	74
0	75
0	76
0	77
0	81
0	82
0	83
0	86
0	92
0	93
0	94
0	95
0	99
0	100
0	101
0	102
0	103
0	104
0	117
0	118
0	120
0	121
0	123
0	124
0	125
0	126
0	127
1	0
1	11
1	12
1	13
1	14
1	15
1	16
1	18
1	25
1	26
1	27
1	28
1	29
1	30
1	31
1	32
1	33
1	34
1	35
1	36
1	37
1	38
1	39
1	40
1	41
1	46
1	52
1	53
1	54
1	55
1	56
1	57
1	58
1	63
1	64
1	66
1	71
1	72
1	73
1	74
1	75
1	76
1	77
1	78
1	79
1	80
1	81
1	82
1	83
1	85
1	90
1	91
1	92
1	93
1	94
1	95
1	99
1	100
1	101
1	102
1	103
1	104
1	118
1	120
1	121
1	127
2	0
2	12
2	13
2	14
2	15
2	16
2	17
2	24
2	25
2	26
2	27
2	28
2	29
2	30
2	31
2	32
2	33
2	34
2	35
2	36
2	46
2	49
2	50
2	51
2	52
2	53
2	54
2	55
2	56
2	57
2	58
2	64
2	65
2	71
2	72
2	73
2	74
2	75
2	76
2	77
2	78
2	79
2	80
2	81
2	82
2	83
2	85
2	90
2	91
2	92
2	93
2	94
2	95
2	98
2	99
2	100
2	101
2	102
2	103
2	104
2	105
2	108
2	112
2	118
2	119
2	120
2	121
2	122
2	123
2	124
2	126
2	127
3	0
3	1
3	5
3	13
3	14
3	15
3	16
3	17
3	24
3	25
3	26
3	27
3	28
3	29
3	30
3	31
3	32
3	33
3	34
3	35
3	36
3	43
3	49
3	50
3	51
3	52
3	53
3	54
3	55
3	56
3	57
3	58
3	60
3	62
3	65
3	66
3	71
3	72
3	73
3	74
3	75
3	76
3	77
3	78
3	79
3	80
3	82
3	83
3	84
3	85
3	92
3	93
3	94
3	95
3	99
3	100
3	101
3	102
3	103
3	104
3	105
3	106
3	118
3	119
3	120
3	121
3	122
3	123
3	124
3	125
3	126
3	127
4	0
4	12
4	13
4	14
4	15
4	16
4	19
4	20
4	24
4	25
4	26
4	27
4	28
4	29
4	30
4	31
4	32
4	33
4	34
4	35
4	38
4	41
4	42
4	49
4	50
4	51
4	52
4	53
4	54
4	55
4	56
4	57
4	59
4	60
4	61
4	62
4	66
4	72
4	73
4	74
4	75
4	77
4	78
4	79
4	80
4	82
4	84
4	85
4	92
4	93
4	94
4	95
4	96
4	97
4	98
4	99
4	100
4	102
4	103
4	104
4	105
4	106
4	107
4	109
4	119
4	120
4	123
4	124
4	127
5	2
5	12
5	13
5	14
5	15
5	16
5	28
5	29
5	30
5	31
5	32
5	33
5	46
5	51
5	53
5	54
5	55
5	56
5	57
5	72
5	73
5	74
5	78
5	79
5	80
5	82
5	83
5	84
5	85
5	86
5	92
5	93
5	94
5	95
5	96
5	97
5	98
5	99
5	100
5	101
5	102
5	104
5	105
5	106
5	107
5	108
5	109
5	110
5	117
5	118
5	119
5	120
5	121
5	122
5	123
5	124
5	125
5	126
5	127
6	2
6	3
6	12
6	13
6	14
6	15
6	23
6	24
6	26
6	27
6	28
6	29
6	30
6	31
6	32
6	43
6	44
6	46
6	47
6	54
6	55
6	56
6	57
6	68
6	69
6	73
6	78
6	79
6	81
6	82
6	83
6	84
6	85
6	86
6	87
6	92
6	93
6	94
6	95
6	96
6	97
6	98
6	99
6	100
6	101
6	102
6	103
6	104
6	105
6	106
6	107
6	108
6	109
6	110
6	111
6	115
6	116
6	117
6	118
6	119
6	120
6	121
6	122
6	123
6	126
6	127
7	0
7	2
7	3
7	4
7	12
7	13
7	14
7	15
7	16
7	17
7	23
7	24
7	25
7	26
7	27
7	28
7	29
7	30
7	31
7	46
7	55
7	56
7	57
7	65
7	66
7	67
7	68
7	69
7	75
7	77
7	78
7	79
7	80
7	81
7	82
7	84
7	85
7	86
7	87
7	88
7	89
7	92
7	94
7	95
7	96
7	98
7	100
7	102
7	103
7	104
7	105
7	106
7	107
7	108
7	109
7	110
7	116
7	117
7	118
7	119
7	120
7	121
7	122
7	123
7	124
7	125
7	126
7	127
8	0
8	1
8	2
8	3
8	4
8	11
8	12
8	13
8	14
8	16
8	17
8	24
8	25
8	26
8	27
8	28
8	29
8	30
8	31
8	40
8	45
8	56
8	61
8	67
8	68
8	69
8	73
8	74
8	75
8	76
8	77
8	78
8	79
8	80
8	81
8	82
8	84
8	86
8	87
8	88
8	89
8	90
8	93
8	94
8	95
8	96
8	98
8	99
8	100
8	103
8	104
8	105
8	106
8	108
8	109
8	110
8	117
8	118
8	119
8	120
8	121
8	122
8	123
8	124
8	125
8	126
8	127
9	0
9	1
9	2
9	3
9	4
9	5
9	11
9	12
9	13
9	22
9	23
9	24
9	25
9	26
9	27
9	28
9	29
9	30
9	31
9	50
9	61
9	67
9	68
9	69
9	70
9	72
9	73
9	74
9	75
9	76
9	77
9	78
9	79
9	80
9	81
9	82
9	84
9	85
9	86
9	89
9	94
9	95
9	96
9	97
9	98
9	99
9	100
9	101
9	102
9	103
9	104
9	105
9	106
9	108
9	109
9	110
9	111
9	112
9	114
9	115
9	117
9	118
9	119
9	120
9	121
9	122
9	123
9	124
9	125
9	126
9	127
10	0
10	1
10	2
10	3
10	4
10	5
10	6
10	7
10	9
10	10
10	11
10	12
10	13
10	14
10	15
10	16
10	17
10	22
10	24
10	25
10	26
10	27
10	28
10	30
10	31
10	32
10	42
10	58
10	61
10	67
10	68
10	69
10	70
10	72
10	73
10	74
10	75
10	76
10	77
10	78
10	79
10	80
10	81
10	82
10	83
10	84
10	85
10	86
10	87
10	88
10	89
10	95
10	96
10	97
10	98
10	99
10	100
10	101
10	102
10	103
10	104
10	105
10	106
10	107
10	108
10	109
10	110
10	111
10	112
10	113
10	114
10	117
10	118
10	119
10	120
10	122
10	123
10	124
10	125
10	126
10	127
11	0
11	2
11	3
11	4
11	5
11	6
11	7
11	8
11	9
11	10
11	11
11	12
11	13
11	14
11	15
11	16
11	17
11	18
11	19
11	24
11	25
11	26
11	27
11	28
11	30
11	31
11	32
11	66
11	67
11	68
11	69
11	70
11	71
11	72
11	73
11	76
11	78
11	79
11	80
11	81
11	82
11	83
11	84
11	85
11	86
11	87
11	88
11	89
11	90
11	91
11	95
11	96
11	97
11	99
11	100
11	101
11	102
11	103
11	104
11	105
11	106
11	107
11	108
11	109
11	110
11	111
11	112
11	113
11	114
11	115
11	116
11	117
11	118
11	119
11	120
11	121
11	122
11	123
11	124
11	125
11	126
11	127
12	0
12	1
12	2
12	3
12	4
12	5
12	6
12	7
12	8
12	9
12	10
12	11
12	12
12	13
12	14
12	15
12	16
12	17
12	18
12	24
12	25
12	26
12	27
12	28
12	29
12	30
12	31
12	45
12	49
12	65
12	66
12	67
12	68
12	69
12	73
12	74
12	76
12	77
12	78
12	79
12	80
12	81
12	84
12	85
12	86
12	88
12	89
12	90
12	97
12	99
12	100
12	101
12	102
12	103
12	104
12	105
12	106
12	107
12	109
12	110
12	111
12	112
12	113
12	114
12	115
12	117
12	122
12	123
12	124
12	125
12	126
12	127
13	0
13	1
13	2
13	3
13	4
13	5
13	6
13	7
13	8
13	9
13	10
13	11
13	12
13	13
13	14
13	15
13	16
13	17
13	18
13	19
13	24
13	25
13	26
13	27
13	28
13	29
13	30
13	31
13	39
13	40
13	45
13	48
13	49
13	50
13	66
13	67
13	68
13	69
13	70
13	73
13	74
13	75
13	76
13	77
13	78
13	79
13	80
13	81
13	101
13	102
13	103
13	105
13	107
13	108
13	109
13	110
13	111
13	112
13	116
13	117
13	122
13	123
13	124
13	125
13	126
13	127
14	0
14	3
14	4
14	5
14	6
14	7
14	8
14	9
14	10
14	11
14	12
14	13
14	14
14	15
14	16
14	17
14	18
14	19
14	20
14	23
14	24
14	25
14	26
14	27
14	28
14	29
14	30
14	31
14	40
14	45
14	49
14	55
14	64
14	66
14	67
14	68
14	69
14	70
14	71
14	72
14	73
14	74
14	75
14	76
14	77
14	78
14	79
14	80
14	103
14	106
14	107
14	108
14	109
14	110
14	112
14	113
14	114
14	115
14	116
14	117
14	118
14	119
14	120
14	121
14	123
14	124
14	125
14	126
15	4
15	5
15	6
15	7
15	8
15	9
15	10
15	11
15	12
15	13
15	14
15	15
15	16
15	17
15	18
15	19
15	20
15	21
15	24
15	26
15	27
15	28
15	30
15	45
15	58
15	67
15	68
15	69
15	70
15	71
15	72
15	75
15	76
15	77
15	78
15	89
15	93
15	94
15	100
15	101
15	102
15	103
15	106
15	107
15	108
15	109
15	110
15	111
15	112
15	113
15	114
15	115
15	116
15	117
15	118
15	119
15	120
15	125
16	0
16	3
16	4
16	5
16	6
16	7
16	8
16	9
16	10
16	11
16	12
16	13
16	14
16	15
16	16
16	17
16	18
16	19
16	20
16	21
16	24
16	25
16	26
16	27
16	28
16	29
16	30
16	31
16	43
16	44
16	45
16	52
16	56
16	57
16	58
16	66
16	67
16	68
16	69
16	70
16	71
16	72
16	73
16	74
16	75
16	76
16	77
16	78
16	93
16	94
16	98
16	99
16	100
16	101
16	102
16	103
16	104
16	105
16	106
16	107
16	108
16	109
16	110
16	111
16	112
16	115
16	116
16	117
16	120
16	121
16	122
17	1
17	2
17	5
17	6
17	7
17	8
17	9
17	11
17	12
17	13
17	14
17	15
17	16
17	17
17	18
17	19
17	20
17	21
17	22
17	23
17	24
17	25
17	26
17	27
17	28
17	29
17	30
17	31
17	32
17	40
17	49
17	50
17	51
17	52
17	68
17	69
17	70
17	71
17	72
17	73
17	74
17	75
17	76
17	77
17	78
17	79
17	93
17	95
17	98
17	99
17	100
17	101
17	102
17	103
17	104
17	105
17	106
17	107
17	108
17	109
17	110
17	111
17	115
17	116
17	117
17	118
17	119
17	120
17	121
17	122
18	1
18	3
18	5
18	6
18	7
18	8
18	9
18	10
18	11
18	12
18	13
18	14
18	15
18	16
18	17
18	18
18	19
18	20
18	21
18	23
18	24
18	25
18	32
18	33
18	35
18	36
18	37
18	38
18	48
18	49
18	50
18	51
18	52
18	53
18	68
18	69
18	70
18	71
18	72
18	74
18	75
18	76
18	77
18	78
18	79
18	80
18	81
18	88
18	99
18	100
18	101
18	102
18	103
18	104
18	105
18	106
18	107
18	108
18	109
18	110
18	111
18	114
18	115
18	116
18	117
18	118
18	119
18	120
18	121
18	122
19	0
19	1
19	2
19	3
19	4
19	5
19	6
19	7
19	8
19	9
19	10
19	11
19	12
19	13
19	14
19	15
19	16
19	17
19	18
19	19
19	20
19	37
19	38
19	39
19	40
19	41
19	42
19	47
19	48
19	49
19	50
19	51
19	52
19	68
19	71
19	72
19	76
19	77
19	78
19	79
19	80
19	81
19	88
19	89
19	101
19	102
19	103
19	104
19	107
19	108
19	109
19	110
19	117
19	118
19	119
19	120
19	121
19	122
19	123
19	124
19	125
19	126
19	127
20	0
20	1
20	3
20	4
20	10
20	11
20	13
20	14
20	15
20	16
20	17
20	18
20	22
20	27
20	38
20	41
20	45
20	46
20	47
20	48
20	49
20	50
20	51
20	52
20	58
20	63
20	64
20	65
20	77
20	78
20	79
20	80
20	81
20	86
20	90
20	91
20	92
20	101
20	102
20	103
20	104
20	107
20	108
20	109
20	110
20	111
20	117
20	118
20	119
20	120
20	121
20	122
20	123
20	124
20	125
20	126
20	127
21	0
21	1
21	4
21	10
21	11
21	12
21	13
21	14
21	15
21	16
21	20
21	21
21	22
21	23
21	37
21	38
21	41
21	44
21	45
21	46
21	47
21	48
21	49
21	50
21	51
21	52
21	62
21	63
21	64
21	65
21	66
21	78
21	79
21	80
21	81
21	84
21	86
21	89
21	90
21	91
21	92
21	93
21	94
21	102
21	111
21	115
21	116
21	117
21	118
21	122
21	123
21	124
21	125
21	126
21	127
22	0
22	1
22	4
22	8
22	9
22	10
22	11
22	13
22	14
22	15
22	16
22	17
22	18
22	19
22	20
22	21
22	26
22	27
22	30
22	31
22	37
22	38
22	40
22	41
22	42
22	45
22	46
22	47
22	48
22	49
22	50
22	51
22	52
22	53
22	57
22	62
22	63
22	65
22	66
22	67
22	77
22	78
22	79
22	80
22	81
22	84
22	85
22	86
22	89
22	90
22	91
22	92
22	95
22	96
22	106
22	107
22	108
22	109
22	110
22	111
22	116
22	117
22	118
22	123
22	124
22	125
22	126
22	127
23	1
23	9
23	10
23	11
23	14
23	15
23	16
23	17
23	18
23	19
23	20
23	26
23	30
23	31
23	32
23	39
23	40
23	41
23	48
23	49
23	50
23	52
23	53
23	55
23	56
23	57
23	58
23	61
23	62
23	63
23	65
23	66
23	67
23	68
23	77
23	78
23	79
23	80
23	81
23	84
23	85
23	86
23	89
23	90
23	91
23	92
23	93
23	95
23	96
23	97
23	98
23	99
23	100
23	101
23	102
23	106
23	107
23	108
23	109
23	110
23	111
23	112
24	1
24	8
24	9
24	10
24	11
24	12
24	13
24	14
24	15
24	16
24	17
24	18
24	19
24	20
24	25
24	26
24	30
24	31
24	37
24	38
24	39
24	40
24	41
24	47
24	48
24	49
24	50
24	51
24	52
24	53
24	54
24	56
24	57
24	61
24	63
24	64
24	65
24	66
24	68
24	69
24	77
24	78
24	79
24	80
24	84
24	85
24	86
24	88
24	89
24	90
24	91
24	92
24	93
24	94
24	95
24	96
24	97
24	98
24	99
24	100
24	101
24	103
24	105
24	106
24	107
24	108
24	109
24	110
24	111
24	112
24	126
25	0
25	1
25	9
25	10
25	11
25	12
25	13
25	14
25	15
25	16
25	18
25	20
25	22
25	23
25	24
25	25
25	28
25	29
25	30
25	31
25	37
25	38
25	39
25	40
25	41
25	42
25	47
25	48
25	49
25	50
25	51
25	52
25	61
25	62
25	63
25	64
25	65
25	68
25	69
25	74
25	84
25	85
25	86
25	87
25	89
25	90
25	91
25	92
25	95
25	96
25	97
25	98
25	100
25	101
25	105
25	108
25	109
25	110
25	111
25	112
25	117
25	125
25	126
25	127
26	0
26	1
26	10
26	11
26	12
26	13
26	15
26	16
26	17
26	18
26	20
26	24
26	25
26	29
26	30
26	31
26	34
26	35
26	38
26	39
26	40
26	41
26	50
26	51
26	64
26	65
26	68
26	69
26	82
26	83
26	84
26	85
26	86
26	87
26	88
26	89
26	90
26	91
26	95
26	97
26	98
26	99
26	100
26	101
26	108
26	109
26	110
26	111
26	112
26	125
26	126
26	127
27	0
27	1
27	2
27	10
27	11
27	12
27	13
27	14
27	15
27	17
27	18
27	19
27	20
27	22
27	23
27	24
27	29
27	30
27	31
27	34
27	35
27	36
27	37
27	38
27	39
27	40
27	41
27	48
27	64
27	65
27	66
27	82
27	83
27	84
27	85
27	86
27	87
27	88
27	89
27	90
27	91
27	92
27	93
27	94
27	95
27	98
27	99
27	109
27	110
27	111
27	122
27	124
27	125
27	126
27	127
28	0
28	2
28	6
28	8
28	9
28	10
28	11
28	12
28	13
28	14
28	15
28	16
28	17
28	18
28	19
28	20
28	22
28	23
28	24
28	29
28	31
28	35
28	36
28	37
28	38
28	39
28	40
28	41
28	47
28	48
28	53
28	62
28	63
28	64
28	65
28	66
28	79
28	82
28	83
28	84
28	85
28	86
28	89
28	90
28	91
28	92
28	93
28	94
28	95
28	96
28	108
28	109
28	110
28	111
28	123
28	124
28	125
28	126
28	127
29	0
29	1
29	2
29	3
29	7
29	9
29	10
29	11
29	12
29	13
29	14
29	15
29	16
29	17
29	18
29	19
29	20
29	21
29	23
29	24
29	29
29	34
29	35
29	36
29	37
29	38
29	39
29	40
29	47
29	48
29	49
29	53
29	54
29	62
29	63
29	64
29	65
29	66
29	71
29	81
29	82
29	83
29	84
29	85
29	86
29	87
29	88
29	89
29	90
29	91
29	92
29	93
29	94
29	95
29	96
29	97
29	105
29	106
29	107
29	109
29	110
29	111
29	112
29	114
29	115
29	122
29	123
29	124
29	125
29	126
29	127
30	0
30	1
30	2
30	9
30	10
30	11
30	12
30	13
30	14
30	15
30	16
30	17
30	18
30	19
30	22
30	23
30	27
30	28
30	35
30	36
30	37
30	38
30	39
30	40
30	48
30	53
30	54
30	62
30	63
30	64
30	65
30	66
30	82
30	83
30	84
30	85
30	86
30	87
30	88
30	89
30	90
30	91
30	92
30	93
30	94
30	95
30	96
30	97
30	98
30	99
30	100
30	104
30	105
30	106
30	107
30	109
30	110
30	111
30	112
30	114
30	115
30	122
30	123
30	124
30	125
30	126
30	127
31	0
31	1
31	3
31	5
31	6
31	10
31	15
31	17
31	18
31	19
31	21
31	22
31	23
31	25
31	26
31	27
31	28
31	30
31	31
31	32
31	33
31	38
31	39
31	40
31	48
31	49
31	50
31	51
31	64
31	65
31	66
31	77
31	78
31	79
31	80
31	81
31	82
31	83
31	84
31	85
31	86
31	87
31	88
31	89
31	90
31	91
31	93
31	94
31	95
31	96
31	97
31	98
31	104
31	105
31	106
31	107
31	108
31	109
31	110
31	111
31	112
31	114
31	118
31	119
31	123
31	124
31	125
31	126
31	127
32	0
32	2
32	3
32	4
32	5
32	13
32	14
32	15
32	18
32	19
32	20
32	21
32	22
32	26
32	27
32	28
32	29
32	30
32	31
32	32
32	33
32	47
32	49
32	50
32	51
32	63
32	64
32	65
32	73
32	76
32	77
32	78
32	79
32	80
32	81
32	82
32	83
32	84
32	85
32	86
32	87
32	88
32	89
32	90
32	91
32	92
32	93
32	94
32	95
32	96
32	97
32	98
32	99
32	100
32	101
32	102
32	104
32	105
32	107
32	108
32	109
32	110
32	111
32	112
32	114
32	119
32	120
32	121
32	122
32	123
32	124
32	125
32	126
32	127
33	0
33	2
33	3
33	5
33	13
33	14
33	15
33	18
33	19
33	20
33	21
33	22
33	23
33	26
33	27
33	28
33	29
33	30
33	31
33	32
33	33
33	47
33	48
33	49
33	53
33	61
33	69
33	71
33	73
33	76
33	77
33	78
33	79
33	80
33	81
33	82
33	83
33	84
33	85
33	86
33	87
33	88
33	90
33	91
33	92
33	93
33	94
33	95
33	96
33	97
33	98
33	100
33	101
33	102
33	103
33	104
33	105
33	106
33	107
33	108
33	109
33	110
33	111
33	112
33	114
33	119
33	120
33	121
33	122
33	123
33	124
33	125
33	126
33	127
34	0
34	1
34	2
34	3
34	19
34	20
34	21
34	22
34	26
34	27
34	28
34	29
34	30
34	31
34	32
34	35
34	46
34	47
34	48
34	49
34	62
34	71
34	72
34	73
34	76
34	77
34	78
34	79
34	80
34	81
34	82
34	83
34	84
34	85
34	86
34	87
34	88
34	90
34	91
34	92
34	93
34	94
34	96
34	97
34	98
34	99
34	100
34	101
34	102
34	103
34	104
34	105
34	106
34	107
34	108
34	109
34	110
34	111
34	113
34	114
34	115
34	117
34	119
34	120
34	123
34	124
34	125
34	126
34	127
35	0
35	1
35	2
35	3
35	4
35	5
35	11
35	19
35	20
35	25
35	26
35	27
35	28
35	29
35	30
35	31
35	32
35	33
35	34
35	35
35	46
35	47
35	48
35	62
35	69
35	70
35	71
35	73
35	74
35	75
35	76
35	77
35	79
35	80
35	81
35	82
35	83
35	84
35	86
35	90
35	91
35	92
35	93
35	94
35	95
35	96
35	97
35	98
35	99
35	100
35	101
35	102
35	103
35	104
35	105
35	106
35	107
35	108
35	109
35	110
35	111
35	112
35	113
35	114
35	115
35	117
35	118
35	119
35	120
35	122
35	123
35	124
35	125
35	126
35	127
36	0
36	1
36	2
36	3
36	4
36	11
36	12
36	20
36	21
36	22
36	23
36	24
36	25
36	26
36	27
36	28
36	29
36	30
36	31
36	32
36	33
36	34
36	54
36	69
36	71
36	72
36	73
36	74
36	75
36	76
36	77
36	78
36	79
36	80
36	81
36	82
36	83
36	84
36	85
36	91
36	92
36	93
36	94
36	95
36	96
36	97
36	99
36	100
36	101
36	102
36	103
36	104
36	105
36	109
36	110
36	111
36	112
36	114
36	115
36	116
36	117
36	118
36	119
36	120
36	121
36	122
36	123
36	124
36	125
36	126
36	127
37	0
37	1
37	2
37	19
37	24
37	25
37	26
37	27
37	28
37	29
37	30
37	31
37	32
37	38
37	39
37	40
37	45
37	64
37	67
37	68
37	69
37	72
37	73
37	74
37	75
37	76
37	77
37	78
37	79
37	80
37	81
37	82
37	83
37	84
37	85
37	92
37	93
37	94
37	95
37	96
37	97
37	98
37	99
37	100
37	101
37	102
37	103
37	104
37	105
37	108
37	109
37	110
37	111
37	112
37	114
37	115
37	119
37	120
37	121
37	122
37	123
37	124
37	125
37	126
38	0
38	1
38	2
38	3
38	10
38	12
38	18
38	20
38	23
38	24
38	25
38	26
38	27
38	28
38	29
38	30
38	31
38	32
38	39
38	42
38	43
38	45
38	63
38	64
38	65
38	66
38	67
38	72
38	73
38	74
38	75
38	76
38	77
38	78
38	79
38	80
38	81
38	82
38	83
38	84
38	85
38	86
38	87
38	90
38	91
38	92
38	93
38	94
38	95
38	96
38	97
38	98
38	100
38	102
38	103
38	104
38	105
38	118
38	119
38	120
38	121
38	122
38	123
38	124
38	125
38	126
38	127
39	1
39	2
39	3
39	5
39	6
39	7
39	8
39	9
39	10
39	14
39	20
39	21
39	22
39	23
39	24
39	25
39	26
39	27
39	28
39	29
39	31
39	34
39	42
39	45
39	55
39	62
39	63
39	64
39	65
39	66
39	67
39	73
39	74
39	75
39	76
39	77
39	78
39	79
39	80
39	81
39	82
39	84
39	85
39	86
39	87
39	91
39	92
39	93
39	94
39	95
39	96
39	97
39	98
39	99
39	100
39	101
39	102
39	105
39	107
39	108
39	119
39	120
39	121
39	122
39	123
39	124
39	125
39	126
39	127
40	0
40	1
40	2
40	3
40	5
40	6
40	7
40	8
40	9
40	18
40	20
40	22
40	23
40	24
40	25
40	26
40	27
40	28
40	29
40	31
40	32
40	33
40	34
40	47
40	50
40	55
40	64
40	65
40	66
40	73
40	74
40	75
40	76
40	77
40	78
40	79
40	80
40	81
40	82
40	84
40	85
40	86
40	90
40	91
40	92
40	93
40	95
40	98
40	100
40	101
40	102
40	107
40	108
40	121
40	122
40	123
40	124
40	125
40	126
40	127
41	0
41	1
41	2
41	3
41	4
41	5
41	6
41	7
41	8
41	9
41	10
41	11
41	15
41	17
41	18
41	21
41	22
41	23
41	24
41	25
41	26
41	27
41	28
41	29
41	30
41	32
41	33
41	40
41	41
41	49
41	52
41	54
41	55
41	56
41	57
41	66
41	67
41	73
41	74
41	75
41	76
41	77
41	78
41	79
41	80
41	81
41	82
41	83
41	84
41	85
41	86
41	87
41	90
41	91
41	92
41	100
41	101
41	102
41	106
41	107
41	108
41	119
41	120
41	121
41	122
41	123
41	124
41	125
41	126
41	127
42	0
42	1
42	2
42	3
42	4
42	5
42	6
42	7
42	8
42	9
42	15
42	17
42	18
42	19
42	20
42	21
42	22
42	23
42	24
42	25
42	26
42	27
42	28
42	29
42	30
42	32
42	39
42	40
42	41
42	44
42	45
42	54
42	55
42	56
42	57
42	66
42	71
42	72
42	73
42	74
42	75
42	76
42	77
42	78
42	79
42	80
42	81
42	82
42	83
42	84
42	85
42	86
42	87
42	88
42	90
42	94
42	107
42	108
42	109
42	110
42	113
42	121
42	122
42	123
42	124
42	125
42	126
42	127
43	0
43	2
43	3
43	4
43	5
43	6
43	7
43	8
43	15
43	16
43	17
43	18
43	19
43	20
43	21
43	22
43	25
43	26
43	27
43	28
43	29
43	30
43	32
43	35
43	36
43	37
43	39
43	40
43	41
43	44
43	45
43	50
43	54
43	55
43	56
43	62
43	65
43	66
43	71
43	72
43	73
43	74
43	75
43	76
43	77
43	78
43	79
43	80
43	81
43	82
43	83
43	84
43	85
43	86
43	87
43	88
43	95
43	96
43	102
43	103
43	104
43	105
43	106
43	107
43	108
43	109
43	110
43	111
43	112
43	113
43	118
43	120
43	121
43	122
43	123
43	124
43	125
43	127
44	0
44	1
44	2
44	3
44	4
44	5
44	6
44	7
44	15
44	16
44	17
44	18
44	19
44	20
44	21
44	22
44	23
44	25
44	26
44	27
44	29
44	32
44	33
44	34
44	35
44	36
44	39
44	40
44	41
44	45
44	65
44	71
44	72
44	73
44	74
44	75
44	76
44	77
44	78
44	79
44	80
44	83
44	84
44	85
44	86
44	87
44	88
44	89
44	95
44	96
44	101
44	102
44	103
44	104
44	105
44	106
44	107
44	108
44	109
44	110
44	118
44	119
44	121
44	122
44	123
44	124
44	127
45	0
45	1
45	2
45	3
45	4
45	5
45	7
45	14
45	15
45	16
45	17
45	20
45	21
45	23
45	25
45	26
45	27
45	33
45	34
45	35
45	36
45	38
45	39
45	40
45	41
45	42
45	45
45	50
45	51
45	52
45	72
45	73
45	74
45	75
45	76
45	77
45	78
45	79
45	80
45	84
45	85
45	86
45	87
45	88
45	89
45	95
45	96
45	97
45	102
45	103
45	104
45	105
45	106
45	107
45	108
45	109
45	110
45	119
45	121
45	122
45	123
45	125
45	126
45	127
46	1
46	2
46	3
46	4
46	5
46	6
46	7
46	8
46	14
46	19
46	20
46	21
46	24
46	25
46	26
46	27
46	28
46	32
46	33
46	34
46	35
46	37
46	38
46	39
46	40
46	41
46	42
46	43
46	44
46	49
46	50
46	70
46	72
46	73
46	74
46	75
46	76
46	77
46	78
46	79
46	80
46	81
46	83
46	84
46	85
46	86
46	87
46	89
46	91
46	93
46	94
46	95
46	96
46	103
46	104
46	105
46	106
46	107
46	108
46	109
46	110
46	111
46	115
46	119
46	120
46	121
46	122
46	123
46	125
46	126
47	1
47	2
47	3
47	4
47	5
47	14
47	21
47	23
47	24
47	25
47	26
47	27
47	28
47	29
47	32
47	33
47	34
47	35
47	36
47	37
47	38
47	39
47	40
47	41
47	42
47	44
47	45
47	47
47	49
47	50
47	60
47	74
47	75
47	76
47	77
47	79
47	80
47	81
47	82
47	86
47	87
47	91
47	92
47	93
47	94
47	95
47	96
47	102
47	103
47	107
47	108
47	109
47	110
47	111
47	114
47	115
47	119
47	120
47	121
47	122
47	123
47	126
47	127
48	0
48	1
48	2
48	3
48	14
48	15
48	20
48	21
48	22
48	23
48	24
48	25
48	26
48	27
48	28
48	29
48	31
48	32
48	33
48	34
48	35
48	36
48	37
48	38
48	39
48	40
48	41
48	42
48	44
48	45
48	49
48	59
48	74
48	75
48	78
48	79
48	80
48	81
48	82
48	84
48	86
48	87
48	92
48	93
48	94
48	95
48	99
48	103
48	104
48	105
48	106
48	107
48	108
48	109
48	110
48	111
48	114
48	115
48	118
48	119
48	120
48	121
48	122
48	123
48	125
48	126
48	127
49	0
49	1
49	2
49	8
49	9
49	12
49	13
49	14
49	20
49	21
49	22
49	23
49	24
49	25
49	26
49	27
49	28
49	29
49	30
49	31
49	32
49	33
49	34
49	35
49	36
49	37
49	43
49	48
49	49
49	50
49	62
49	63
49	64
49	68
49	69
49	75
49	76
49	77
49	78
49	79
49	80
49	81
49	82
49	86
49	92
49	93
49	94
49	95
49	96
49	99
49	104
49	105
49	106
49	107
49	108
49	109
49	110
49	111
49	112
49	113
49	114
49	116
49	118
49	119
49	120
49	121
49	122
49	123
49	124
49	125
49	127
50	8
50	9
50	10
50	12
50	13
50	14
50	16
50	18
50	21
50	22
50	23
50	24
50	26
50	27
50	28
50	30
50	31
50	32
50	33
50	34
50	35
50	36
50	42
50	43
50	44
50	64
50	65
50	66
50	67
50	68
50	69
50	70
50	71
50	72
50	73
50	74
50	77
50	78
50	79
50	80
50	81
50	82
50	93
50	94
50	95
50	96
50	103
50	105
50	109
50	110
50	111
50	113
50	114
50	115
50	116
50	117
50	118
50	119
50	120
50	121
50	122
50	123
50	124
50	125
50	126
50	127
51	3
51	21
51	22
51	23
51	24
51	25
51	26
51	27
51	28
51	31
51	32
51	33
51	34
51	35
51	36
51	44
51	45
51	55
51	61
51	64
51	65
51	66
51	67
51	68
51	69
51	72
51	73
51	74
51	75
51	76
51	77
51	78
51	79
51	80
51	81
51	82
51	83
51	87
51	88
51	89
51	93
51	94
51	95
51	96
51	97
51	109
51	110
51	111
51	112
51	113
51	114
51	115
51	116
51	117
51	118
51	119
51	120
51	121
51	122
51	126
52	2
52	3
52	5
52	6
52	22
52	23
52	24
52	25
52	26
52	27
52	28
52	29
52	30
52	31
52	32
52	33
52	34
52	35
52	40
52	41
52	42
52	43
52	45
52	46
52	47
52	48
52	52
52	56
52	64
52	66
52	67
52	68
52	75
52	77
52	78
52	79
52	80
52	81
52	82
52	83
52	84
52	85
52	87
52	88
52	89
52	92
52	93
52	94
52	95
52	96
52	97
52	106
52	107
52	108
52	110
52	111
52	113
52	114
52	115
52	116
52	117
52	118
52	119
52	121
52	122
52	126
53	3
53	5
53	6
53	7
53	8
53	9
53	10
53	18
53	22
53	23
53	24
53	25
53	26
53	27
53	28
53	29
53	30
53	31
53	32
53	33
53	34
53	35
53	43
53	44
53	45
53	46
53	59
53	60
53	66
53	67
53	68
53	69
53	71
53	75
53	76
53	77
53	78
53	79
53	80
53	81
53	82
53	83
53	84
53	85
53	95
53	96
53	97
53	98
53	99
53	105
53	106
53	107
53	108
53	109
53	110
53	111
53	113
53	114
53	115
53	116
53	117
53	118
53	119
53	120
53	121
53	122
53	126
54	4
54	5
54	6
54	7
54	8
54	20
54	21
54	22
54	23
54	24
54	25
54	26
54	27
54	28
54	29
54	30
54	32
54	33
54	34
54	35
54	43
54	67
54	68
54	69
54	70
54	71
54	72
54	74
54	75
54	77
54	78
54	80
54	81
54	82
54	83
54	84
54	85
54	86
54	97
54	99
54	102
54	107
54	108
54	109
54	110
54	111
54	112
54	113
54	114
54	115
54	116
54	117
54	118
54	119
54	120
54	121
55	4
55	5
55	8
55	9
55	21
55	22
55	23
55	24
55	25
55	26
55	27
55	28
55	29
55	30
55	31
55	32
55	33
55	34
55	40
55	45
55	57
55	66
55	67
55	68
55	69
55	70
55	71
55	72
55	73
55	74
55	75
55	76
55	77
55	78
55	79
55	80
55	82
55	83
55	84
55	85
55	86
55	99
55	100
55	101
55	102
55	103
55	107
55	108
55	109
55	110
55	111
55	112
55	114
55	115
55	116
55	117
55	118
55	119
55	120
55	121
56	1
56	5
56	20
56	21
56	22
56	23
56	24
56	25
56	26
56	27
56	29
56	30
56	31
56	32
56	42
56	48
56	65
56	66
56	67
56	70
56	71
56	72
56	73
56	74
56	75
56	76
56	77
56	78
56	79
56	80
56	81
56	82
56	83
56	84
56	85
56	86
56	98
56	99
56	108
56	110
56	111
56	112
56	113
56	114
56	115
56	116
56	117
56	121
56	122
56	126
56	127
57	0
57	1
57	2
57	3
57	4
57	5
57	20
57	21
57	23
57	24
57	25
57	26
57	27
57	28
57	29
57	31
57	37
57	49
57	61
57	62
57	63
57	65
57	66
57	71
57	72
57	73
57	74
57	75
57	76
57	77
57	78
57	79
57	80
57	81
57	82
57	83
57	84
57	85
57	86
57	87
57	88
57	99
57	108
57	109
57	110
57	111
57	112
57	113
57	116
57	117
57	118
57	119
57	120
57	121
57	122
57	123
57	124
57	125
57	126
57	127
58	0
58	1
58	2
58	3
58	4
58	5
58	17
58	18
58	20
58	21
58	23
58	24
58	25
58	26
58	27
58	33
58	43
58	58
58	61
58	62
58	63
58	70
58	71
58	74
58	75
58	76
58	77
58	78
58	83
58	84
58	85
58	86
58	88
58	89
58	99
58	100
58	101
58	102
58	103
58	105
58	110
58	112
58	113
58	114
58	115
58	116
58	117
58	118
58	120
58	121
58	122
58	123
58	124
58	125
58	126
58	127
59	0
59	1
59	2
59	3
59	4
59	5
59	6
59	9
59	17
59	18
59	20
59	22
59	23
59	24
59	39
59	50
59	51
59	59
59	61
59	62
59	63
59	64
59	70
59	71
59	72
59	73
59	75
59	76
59	77
59	78
59	79
59	84
59	85
59	86
59	87
59	99
59	100
59	101
59	102
59	103
59	104
59	105
59	106
59	107
59	108
59	109
59	110
59	111
59	112
59	113
59	114
59	116
59	117
59	118
59	119
59	121
59	122
59	125
59	126
59	127
60	0
60	1
60	2
60	3
60	4
60	5
60	6
60	8
60	9
60	10
60	11
60	14
60	17
60	18
60	20
60	48
60	49
60	50
60	51
60	59
60	60
60	61
60	62
60	63
60	64
60	65
60	66
60	67
60	72
60	76
60	77
60	78
60	80
60	84
60	87
60	88
60	89
60	90
60	91
60	92
60	93
60	98
60	99
60	100
60	101
60	102
60	103
60	104
60	105
60	107
60	108
60	109
60	110
60	111
60	112
60	113
60	117
60	118
60	119
60	120
60	121
60	122
60	123
60	125
60	126
60	127
61	0
61	1
61	2
61	3
61	4
61	5
61	6
61	7
61	8
61	9
61	10
61	11
61	12
61	13
61	14
61	15
61	17
61	18
61	20
61	21
61	45
61	46
61	59
61	60
61	61
61	62
61	63
61	64
61	65
61	66
61	67
61	78
61	79
61	84
61	85
61	86
61	87
61	88
61	89
61	90
61	92
61	93
61	96
61	97
61	98
61	99
61	100
61	101
61	102
61	104
61	105
61	106
61	107
61	108
61	109
61	110
61	111
61	112
61	113
61	120
61	121
61	122
61	123
61	125
61	126
61	127
62	0
62	1
62	2
62	3
62	4
62	5
62	6
62	7
62	8
62	9
62	10
62	11
62	12
62	13
62	14
62	15
62	17
62	18
62	19
62	23
62	26
62	30
62	58
62	59
62	60
62	61
62	62
62	63
62	64
62	66
62	69
62	84
62	86
62	87
62	88
62	89
62	90
62	91
62	92
62	93
62	94
62	95
62	96
62	97
62	98
62	99
62	100
62	101
62	102
62	103
62	104
62	105
62	106
62	109
62	110
62	111
62	112
62	113
62	114
62	117
62	118
62	119
62	120
62	121
62	122
62	123
62	124
62	125
62	126
62	127
63	0
63	1
63	2
63	3
63	4
63	5
63	6
63	7
63	8
63	9
63	10
63	11
63	12
63	13
63	14
63	15
63	16
63	17
63	30
63	31
63	32
63	33
63	36
63	56
63	60
63	61
63	62
63	63
63	64
63	65
63	66
63	67
63	68
63	69
63	70
63	77
63	78
63	84
63	85
63	86
63	87
63	88
63	89
63	90
63	91
63	92
63	93
63	94
63	95
63	96
63	97
63	98
63	99
63	100
63	101
63	102
63	103
63	104
63	105
63	106
63	109
63	110
63	111
63	115
63	116
63	117
63	118
63	119
63	120
63	121
63	122
63	124
63	125
64	0
64	1
64	2
64	4
64	6
64	7
64	8
64	9
64	10
64	11
64	16
64	30
64	31
64	32
64	33
64	36
64	59
64	60
64	61
64	62
64	63
64	64
64	65
64	66
64	67
64	68
64	69
64	70
64	74
64	78
64	79
64	80
64	84
64	85
64	86
64	87
64	88
64	89
64	90
64	91
64	92
64	94
64	95
64	96
64	97
64	98
64	99
64	100
64	101
64	103
64	104
64	105
64	106
64	108
64	109
64	110
64	111
64	113
64	114
64	115
64	116
64	117
64	118
64	119
64	120
64	121
64	122
64	123
64	124
64	125
65	0
65	1
65	2
65	4
65	6
65	7
65	8
65	9
65	10
65	12
65	13
65	21
65	27
65	31
65	32
65	33
65	34
65	35
65	36
65	51
65	57
65	58
65	59
65	60
65	62
65	63
65	64
65	65
65	66
65	67
65	68
65	69
65	70
65	71
65	72
65	74
65	75
65	76
65	77
65	78
65	79
65	80
65	81
65	82
65	85
65	86
65	87
65	88
65	89
65	90
65	91
65	92
65	93
65	94
65	95
65	96
65	97
65	100
65	105
65	106
65	107
65	108
65	109
65	111
65	112
65	113
65	114
65	115
65	116
65	117
65	118
65	119
65	120
65	122
65	123
65	124
65	126
65	127
66	0
66	1
66	2
66	3
66	6
66	7
66	8
66	9
66	10
66	13
66	22
66	25
66	26
66	27
66	30
66	31
66	32
66	33
66	34
66	35
66	36
66	41
66	50
66	51
66	56
66	57
66	58
66	61
66	62
66	63
66	64
66	65
66	66
66	67
66	68
66	69
66	70
66	71
66	72
66	73
66	74
66	75
66	76
66	77
66	78
66	80
66	81
66	82
66	86
66	87
66	88
66	89
66	90
66	91
66	92
66	93
66	94
66	95
66	96
66	100
66	101
66	106
66	108
66	109
66	110
66	111
66	112
66	113
66	114
66	115
66	116
66	117
66	118
66	119
66	120
66	121
66	122
66	123
66	124
66	125
67	0
67	1
67	2
67	3
67	4
67	5
67	6
67	7
67	8
67	9
67	10
67	18
67	24
67	25
67	26
67	27
67	29
67	30
67	31
67	32
67	33
67	34
67	38
67	39
67	45
67	50
67	56
67	57
67	58
67	59
67	62
67	63
67	64
67	66
67	67
67	68
67	69
67	70
67	71
67	72
67	73
67	74
67	75
67	77
67	78
67	79
67	80
67	81
67	82
67	83
67	84
67	85
67	86
67	87
67	88
67	89
67	90
67	92
67	93
67	95
67	100
67	101
67	104
67	105
67	106
67	107
67	108
67	109
67	110
67	111
67	112
67	113
67	114
67	115
67	116
67	117
67	119
67	120
67	121
67	122
67	123
67	124
67	125
68	0
68	1
68	3
68	4
68	5
68	6
68	7
68	8
68	9
68	18
68	21
68	24
68	25
68	26
68	27
68	28
68	29
68	30
68	31
68	32
68	33
68	34
68	38
68	50
68	56
68	61
68	62
68	63
68	64
68	66
68	67
68	68
68	69
68	70
68	73
68	74
68	75
68	76
68	77
68	78
68	79
68	80
68	81
68	82
68	83
68	84
68	85
68	86
68	87
68	88
68	89
68	90
68	91
68	92
68	93
68	95
68	108
68	109
68	110
68	111
68	112
68	113
68	114
68	115
68	116
68	117
68	119
68	120
68	121
68	122
68	123
68	124
68	125
69	0
69	1
69	2
69	3
69	4
69	5
69	6
69	7
69	9
69	10
69	11
69	12
69	15
69	24
69	29
69	33
69	34
69	53
69	61
69	62
69	63
69	64
69	67
69	68
69	69
69	70
69	71
69	72
69	73
69	74
69	76
69	78
69	79
69	80
69	81
69	82
69	83
69	84
69	85
69	86
69	87
69	88
69	89
69	100
69	106
69	107
69	108
69	109
69	110
69	111
69	112
69	113
69	114
69	117
69	119
69	122
69	123
69	124
69	125
70	0
70	1
70	2
70	3
70	5
70	6
70	7
70	8
70	9
70	10
70	11
70	12
70	14
70	15
70	16
70	17
70	25
70	34
70	35
70	43
70	44
70	48
70	61
70	62
70	63
70	64
70	65
70	66
70	67
70	69
70	70
70	71
70	72
70	73
70	76
70	77
70	78
70	79
70	80
70	81
70	82
70	83
70	84
70	85
70	87
70	88
70	89
70	97
70	106
70	107
70	108
70	109
70	110
70	111
70	113
70	114
70	116
70	117
70	118
70	119
70	120
70	121
70	122
70	123
70	124
70	127
71	0
71	1
71	2
71	3
71	4
71	5
71	6
71	7
71	8
71	9
71	10
71	11
71	13
71	15
71	16
71	17
71	24
71	25
71	30
71	34
71	42
71	43
71	48
71	61
71	62
71	63
71	64
71	65
71	66
71	67
71	68
71	69
71	72
71	73
71	74
71	76
71	77
71	78
71	79
71	80
71	81
71	82
71	83
71	84
71	85
71	87
71	88
71	95
71	96
71	97
71	104
71	105
71	106
71	107
71	108
71	109
71	110
71	113
71	114
71	115
71	116
71	117
71	118
71	119
71	120
71	121
71	122
71	123
71	124
71	126
71	127
72	0
72	1
72	2
72	5
72	6
72	7
72	8
72	9
72	10
72	11
72	12
72	13
72	16
72	17
72	25
72	26
72	35
72	36
72	37
72	40
72	48
72	59
72	63
72	64
72	65
72	66
72	67
72	71
72	72
72	73
72	74
72	75
72	76
72	77
72	78
72	79
72	80
72	81
72	82
72	83
72	84
72	85
72	86
72	87
72	88
72	89
72	90
72	94
72	95
72	96
72	97
72	99
72	107
72	108
72	109
72	114
72	115
72	116
72	117
72	118
72	119
72	121
72	122
72	123
72	124
72	125
73	0
73	1
73	2
73	3
73	4
73	5
73	6
73	7
73	8
73	9
73	10
73	11
73	12
73	16
73	17
73	18
73	19
73	27
73	28
73	36
73	37
73	38
73	48
73	61
73	62
73	63
73	64
73	65
73	66
73	67
73	68
73	69
73	70
73	71
73	72
73	73
73	74
73	75
73	76
73	77
73	78
73	79
73	80
73	81
73	82
73	83
73	84
73	85
73	86
73	87
73	88
73	89
73	90
73	91
73	94
73	95
73	96
73	114
73	115
73	116
73	117
73	118
73	119
73	120
73	121
73	122
73	123
73	124
73	125
73	126
73	127
74	0
74	1
74	2
74	3
74	5
74	6
74	7
74	8
74	9
74	10
74	11
74	12
74	15
74	16
74	17
74	18
74	19
74	20
74	22
74	26
74	27
74	28
74	37
74	38
74	39
74	40
74	43
74	49
74	50
74	56
74	61
74	62
74	63
74	64
74	65
74	66
74	67
74	68
74	71
74	72
74	73
74	74
74	75
74	80
74	81
74	82
74	83
74	87
74	88
74	89
74	90
74	91
74	94
74	95
74	96
74	98
74	104
74	115
74	116
74	117
74	118
74	119
74	120
74	121
74	122
74	123
74	124
74	125
74	126
75	0
75	1
75	2
75	3
75	4
75	5
75	6
75	7
75	8
75	9
75	10
75	12
75	14
75	15
75	16
75	17
75	18
75	22
75	23
75	37
75	39
75	40
75	41
75	42
75	43
75	44
75	47
75	48
75	49
75	51
75	61
75	62
75	63
75	65
75	66
75	67
75	68
75	69
75	70
75	71
75	72
75	74
75	75
75	81
75	85
75	86
75	87
75	88
75	89
75	90
75	91
75	92
75	93
75	94
75	95
75	114
75	115
75	116
75	117
75	118
75	119
75	120
75	121
75	122
75	123
75	124
75	125
75	126
75	127
76	0
76	1
76	2
76	3
76	4
76	5
76	8
76	9
76	10
76	11
76	12
76	13
76	14
76	15
76	16
76	17
76	18
76	19
76	20
76	21
76	22
76	23
76	33
76	34
76	37
76	39
76	40
76	41
76	42
76	43
76	44
76	47
76	49
76	61
76	62
76	63
76	64
76	65
76	66
76	67
76	72
76	73
76	74
76	75
76	76
76	77
76	80
76	81
76	85
76	86
76	87
76	89
76	90
76	93
76	94
76	95
76	96
76	107
76	113
76	114
76	115
76	116
76	117
76	118
76	119
76	120
76	122
76	123
76	124
76	125
76	126
76	127
77	0
77	1
77	3
77	4
77	5
77	9
77	10
77	11
77	12
77	17
77	18
77	19
77	23
77	24
77	34
77	39
77	41
77	42
77	43
77	44
77	45
77	46
77	49
77	50
77	54
77	55
77	56
77	57
77	60
77	61
77	62
77	63
77	64
77	65
77	66
77	67
77	72
77	74
77	75
77	76
77	78
77	79
77	80
77	81
77	82
77	83
77	84
77	85
77	86
77	87
77	92
77	93
77	94
77	95
77	96
77	112
77	113
77	114
77	115
77	116
77	117
77	118
77	119
77	120
77	121
77	122
77	123
77	124
77	125
77	126
77	127
78	0
78	1
78	2
78	3
78	4
78	5
78	9
78	10
78	17
78	18
78	19
78	24
78	25
78	26
78	42
78	43
78	44
78	45
78	46
78	47
78	48
78	49
78	50
78	51
78	52
78	54
78	55
78	56
78	57
78	60
78	61
78	62
78	63
78	64
78	65
78	66
78	74
78	75
78	76
78	83
78	84
78	85
78	86
78	87
78	89
78	90
78	91
78	92
78	93
78	94
78	95
78	96
78	97
78	99
78	100
78	108
78	113
78	114
78	115
78	116
78	117
78	118
78	119
78	121
78	122
78	123
78	124
78	125
78	126
78	127
79	0
79	3
79	4
79	9
79	10
79	12
79	17
79	18
79	19
79	20
79	48
79	50
79	51
79	52
79	54
79	55
79	56
79	59
79	60
79	61
79	62
79	63
79	64
79	65
79	66
79	67
79	68
79	82
79	83
79	84
79	85
79	86
79	87
79	89
79	90
79	91
79	92
79	93
79	94
79	95
79	108
79	109
79	113
79	114
79	115
79	117
79	118
79	121
79	122
79	123
79	124
79	125
79	126
80	0
80	1
80	2
80	3
80	4
80	5
80	17
80	18
80	19
80	20
80	47
80	48
80	49
80	50
80	51
80	52
80	55
80	56
80	57
80	58
80	59
80	60
80	61
80	62
80	63
80	64
80	65
80	66
80	67
80	68
80	83
80	84
80	85
80	86
80	87
80	88
80	89
80	90
80	91
80	92
80	93
80	94
80	95
80	99
80	113
80	117
80	118
80	119
80	120
80	121
80	122
80	123
80	125
81	14
81	15
81	18
81	19
81	39
81	46
81	47
81	53
81	54
81	55
81	56
81	57
81	58
81	59
81	60
81	61
81	62
81	63
81	64
81	65
81	81
81	82
81	83
81	84
81	85
81	86
81	87
81	88
81	89
81	90
81	91
81	92
81	101
81	117
81	118
81	119
81	120
81	122
81	123
81	124
81	125
82	2
82	3
82	6
82	14
82	15
82	18
82	21
82	22
82	27
82	39
82	54
82	55
82	56
82	57
82	58
82	59
82	61
82	62
82	63
82	64
82	65
82	80
82	81
82	82
82	83
82	84
82	85
82	86
82	87
82	88
82	89
82	90
82	103
82	117
82	118
82	119
82	120
82	122
82	123
82	124
82	125
82	126
83	0
83	14
83	18
83	31
83	53
83	54
83	55
83	56
83	57
83	59
83	60
83	62
83	63
83	64
83	65
83	80
83	81
83	83
83	84
83	85
83	86
83	87
83	88
83	103
83	112
83	115
83	116
83	117
83	118
83	119
83	122
83	123
83	124
83	125
83	126
84	0
84	1
84	8
84	15
84	16
84	19
84	27
84	31
84	32
84	33
84	41
84	45
84	49
84	53
84	54
84	59
84	60
84	62
84	65
84	83
84	84
84	85
84	86
84	87
84	88
84	95
84	96
84	103
84	112
84	116
84	117
84	118
84	119
84	120
84	121
84	122
84	123
84	124
84	125
84	126
85	15
85	19
85	26
85	32
85	33
85	48
85	51
85	52
85	53
85	59
85	60
85	61
85	62
85	63
85	78
85	79
85	80
85	81
85	84
85	85
85	87
85	88
85	89
85	106
85	107
85	114
85	118
85	119
85	120
85	121
85	122
85	123
85	124
85	125
85	126
86	4
86	34
86	43
86	44
86	45
86	48
86	51
86	59
86	60
86	61
86	62
86	63
86	64
86	69
86	80
86	81
86	87
86	88
86	89
86	98
86	100
86	101
86	115
86	118
86	119
86	120
86	121
86	122
86	123
86	124
86	125
87	4
87	5
87	37
87	45
87	55
87	56
87	57
87	58
87	59
87	60
87	61
87	62
87	63
87	64
87	65
87	66
87	69
87	70
87	71
87	72
87	73
87	74
87	75
87	78
87	79
87	80
87	81
87	92
87	93
87	94
87	99
87	100
87	101
87	102
87	108
87	109
87	114
87	115
87	118
87	119
87	121
87	122
87	123
87	124
87	125
87	127
88	3
88	8
88	13
88	15
88	16
88	17
88	18
88	21
88	25
88	35
88	37
88	54
88	55
88	57
88	58
88	59
88	60
88	61
88	62
88	63
88	64
88	65
88	66
88	68
88	69
88	70
88	71
88	72
88	73
88	74
88	75
88	76
88	77
88	78
88	79
88	80
88	81
88	92
88	93
88	94
88	99
88	100
88	101
88	102
88	103
88	111
88	115
88	119
88	122
88	124
88	127
89	7
89	8
89	9
89	10
89	13
89	14
89	15
89	16
89	17
89	18
89	19
89	20
89	21
89	35
89	54
89	55
89	56
89	57
89	58
89	59
89	60
89	61
89	62
89	63
89	64
89	65
89	66
89	71
89	72
89	73
89	74
89	75
89	76
89	77
89	78
89	79
89	80
89	81
89	82
89	92
89	93
89	94
89	95
89	123
89	124
89	125
89	126
89	127
90	8
90	13
90	14
90	15
90	16
90	17
90	18
90	19
90	20
90	21
90	22
90	28
90	29
90	30
90	31
90	32
90	51
90	56
90	57
90	58
90	59
90	60
90	61
90	62
90	63
90	64
90	65
90	66
90	71
90	72
90	74
90	75
90	83
90	88
90	92
90	93
90	94
90	95
90	96
90	118
90	119
90	123
90	124
90	125
90	127
91	4
91	8
91	9
91	10
91	13
91	14
91	16
91	17
91	18
91	19
91	20
91	21
91	22
91	23
91	27
91	28
91	29
91	30
91	31
91	32
91	33
91	56
91	57
91	58
91	59
91	60
91	61
91	62
91	63
91	64
91	65
91	66
91	72
91	73
91	74
91	75
91	88
91	92
91	94
91	96
91	97
91	98
91	119
91	120
91	122
91	123
91	124
91	125
91	127
92	6
92	7
92	8
92	9
92	12
92	13
92	16
92	18
92	19
92	20
92	22
92	23
92	28
92	29
92	30
92	31
92	32
92	33
92	40
92	41
92	43
92	44
92	45
92	46
92	54
92	56
92	57
92	58
92	59
92	60
92	62
92	63
92	64
92	66
92	67
92	71
92	72
92	75
92	78
92	81
92	82
92	84
92	85
92	88
92	92
92	93
92	94
92	95
92	96
92	97
92	98
92	99
92	100
92	108
92	111
92	113
92	121
92	122
92	123
92	124
92	125
92	126
93	5
93	10
93	11
93	12
93	13
93	14
93	15
93	16
93	18
93	19
93	23
93	24
93	25
93	28
93	29
93	30
93	31
93	32
93	33
93	34
93	36
93	37
93	38
93	44
93	45
93	49
93	50
93	56
93	57
93	58
93	59
93	60
93	61
93	62
93	63
93	64
93	65
93	66
93	67
93	75
93	76
93	78
93	80
93	81
93	82
93	83
93	84
93	85
93	92
93	93
93	94
93	95
93	96
93	97
93	98
93	99
93	100
93	106
93	111
93	121
93	122
93	123
93	124
93	126
94	4
94	9
94	10
94	11
94	12
94	13
94	19
94	21
94	23
94	24
94	25
94	26
94	27
94	28
94	29
94	30
94	31
94	32
94	33
94	36
94	37
94	38
94	44
94	47
94	48
94	49
94	50
94	56
94	57
94	58
94	59
94	60
94	61
94	62
94	63
94	64
94	65
94	66
94	67
94	75
94	77
94	78
94	79
94	80
94	81
94	82
94	83
94	84
94	85
94	92
94	93
94	94
94	95
94	96
94	97
94	98
94	99
94	100
94	101
94	102
94	113
94	118
94	121
94	122
94	123
94	124
94	125
94	126
95	0
95	1
95	3
95	4
95	5
95	6
95	7
95	8
95	10
95	11
95	12
95	13
95	19
95	21
95	22
95	23
95	24
95	25
95	27
95	28
95	29
95	30
95	31
95	32
95	33
95	34
95	49
95	50
95	51
95	54
95	55
95	56
95	57
95	58
95	59
95	60
95	61
95	62
95	63
95	64
95	65
95	66
95	67
95	68
95	69
95	70
95	73
95	75
95	80
95	82
95	85
95	86
95	92
95	93
95	94
95	95
95	96
95	97
95	98
95	99
95	100
95	101
95	120
95	121
95	122
95	123
95	124
95	125
95	126
95	127
96	0
96	1
96	2
96	3
96	4
96	7
96	8
96	9
96	10
96	11
96	12
96	13
96	17
96	19
96	20
96	23
96	24
96	25
96	26
96	27
96	28
96	29
96	30
96	31
96	32
96	33
96	34
96	35
96	37
96	38
96	42
96	46
96	49
96	50
96	51
96	52
96	53
96	54
96	55
96	56
96	57
96	58
96	59
96	60
96	61
96	62
96	64
96	65
96	66
96	67
96	68
96	69
96	70
96	71
96	72
96	73
96	75
96	80
96	84
96	91
96	92
96	93
96	94
96	95
96	96
96	97
96	98
96	100
96	101
96	102
96	122
96	123
96	124
96	125
96	126
97	0
97	3
97	4
97	5
97	6
97	7
97	8
97	11
97	12
97	13
97	16
97	19
97	20
97	21
97	22
97	23
97	24
97	25
97	26
97	27
97	28
97	29
97	30
97	31
97	32
97	33
97	34
97	35
97	36
97	37
97	38
97	39
97	40
97	41
97	42
97	43
97	47
97	49
97	50
97	51
97	52
97	53
97	54
97	55
97	56
97	57
97	58
97	59
97	60
97	61
97	62
97	63
97	64
97	65
97	66
97	67
97	68
97	69
97	70
97	71
97	72
97	73
97	75
97	76
97	80
97	91
97	92
97	93
97	94
97	95
97	96
97	97
97	98
97	99
97	100
97	101
97	102
97	122
97	123
97	124
97	125
97	126
97	127
98	3
98	4
98	5
98	8
98	9
98	10
98	11
98	12
98	13
98	17
98	18
98	19
98	20
98	21
98	22
98	23
98	24
98	25
98	27
98	28
98	29
98	30
98	31
98	32
98	33
98	34
98	35
98	36
98	37
98	38
98	39
98	40
98	41
98	42
98	46
98	47
98	48
98	49
98	50
98	51
98	52
98	53
98	54
98	55
98	56
98	59
98	60
98	61
98	64
98	65
98	66
98	67
98	68
98	69
98	70
98	71
98	76
98	91
98	92
98	93
98	94
98	95
98	96
98	97
98	98
98	99
98	100
98	101
98	105
98	122
98	123
98	124
98	125
98	126
98	127
99	0
99	2
99	3
99	9
99	10
99	11
99	12
99	18
99	19
99	20
99	21
99	22
99	23
99	24
99	25
99	26
99	27
99	28
99	29
99	30
99	31
99	32
99	33
99	34
99	35
99	36
99	37
99	38
99	39
99	40
99	41
99	42
99	46
99	47
99	48
99	49
99	50
99	51
99	52
99	53
99	54
99	55
99	56
99	61
99	62
99	64
99	65
99	67
99	68
99	71
99	84
99	92
99	93
99	94
99	95
99	96
99	97
99	98
99	99
99	100
99	122
99	123
99	125
99	126
99	127
100	0
100	2
100	3
100	11
100	12
100	13
100	14
100	15
100	17
100	19
100	20
100	22
100	23
100	24
100	25
100	26
100	27
100	28
100	29
100	30
100	31
100	32
100	33
100	35
100	36
100	37
100	47
100	48
100	49
100	50
100	51
100	52
100	53
100	54
100	55
100	56
100	57
100	64
100	65
100	66
100	67
100	68
100	71
100	83
100	93
100	94
100	95
100	96
100	97
100	98
100	99
100	125
100	126
100	127
101	0
101	1
101	2
101	3
101	4
101	5
101	14
101	15
101	16
101	17
101	18
101	19
101	20
101	21
101	22
101	23
101	24
101	25
101	26
101	27
101	28
101	29
101	30
101	31
101	32
101	33
101	34
101	35
101	36
101	47
101	48
101	49
101	50
101	51
101	53
101	54
101	55
101	56
101	57
101	58
101	63
101	64
101	65
101	66
101	67
101	70
101	71
101	83
101	84
101	93
101	94
101	95
101	96
101	97
101	98
101	99
101	101
101	102
101	117
101	125
101	126
101	127
102	2
102	3
102	4
102	5
102	12
102	13
102	14
102	15
102	16
102	17
102	19
102	20
102	21
102	22
102	23
102	24
102	25
102	26
102	27
102	28
102	29
102	30
102	31
102	32
102	33
102	34
102	35
102	36
102	37
102	48
102	49
102	50
102	51
102	53
102	54
102	55
102	56
102	57
102	58
102	63
102	65
102	66
102	67
102	69
102	70
102	71
102	80
102	81
102	83
102	84
102	89
102	95
102	97
102	98
102	99
102	101
102	102
102	115
102	117
102	122
102	123
102	125
102	126
102	127
103	0
103	1
103	2
103	3
103	4
103	5
103	8
103	12
103	13
103	14
103	15
103	16
103	17
103	19
103	20
103	21
103	27
103	28
103	29
103	30
103	31
103	34
103	35
103	36
103	37
103	43
103	48
103	49
103	50
103	51
103	53
103	54
103	55
103	56
103	57
103	58
103	65
103	66
103	67
103	70
103	71
103	72
103	73
103	75
103	79
103	80
103	81
103	83
103	89
103	90
103	91
103	94
103	95
103	98
103	99
103	101
103	102
103	103
103	104
103	105
103	112
103	122
103	123
103	124
103	125
103	126
103	127
104	0
104	1
104	2
104	3
104	4
104	11
104	12
104	13
104	14
104	15
104	16
104	17
104	18
104	19
104	21
104	26
104	27
104	28
104	29
104	30
104	31
104	32
104	34
104	35
104	36
104	37
104	47
104	48
104	49
104	50
104	51
104	52
104	53
104	55
104	59
104	60
104	61
104	62
104	64
104	65
104	66
104	67
104	68
104	70
104	72
104	80
104	81
104	82
104	87
104	93
104	95
104	96
104	97
104	98
104	99
104	100
104	101
104	102
104	103
104	104
104	108
104	109
104	112
104	113
104	114
104	115
104	124
104	125
105	0
105	1
105	2
105	3
105	4
105	5
105	10
105	11
105	12
105	13
105	14
105	15
105	16
105	17
105	18
105	19
105	20
105	21
105	22
105	24
105	26
105	27
105	28
105	29
105	30
105	31
105	32
105	33
105	34
105	35
105	47
105	50
105	51
105	52
105	53
105	54
105	59
105	60
105	62
105	63
105	64
105	65
105	66
105	67
105	68
105	69
105	70
105	80
105	81
105	82
105	85
105	86
105	87
105	90
105	91
105	92
105	95
105	97
105	98
105	99
105	101
105	102
105	103
105	104
105	105
105	112
105	113
105	114
105	115
105	124
105	125
105	127
106	0
106	1
106	2
106	3
106	4
106	9
106	10
106	11
106	12
106	13
106	14
106	15
106	16
106	17
106	18
106	19
106	20
106	21
106	22
106	23
106	24
106	25
106	26
106	27
106	28
106	29
106	30
106	31
106	32
106	33
106	34
106	35
106	36
106	37
106	38
106	50
106	51
106	52
106	53
106	58
106	59
106	60
106	62
106	64
106	65
106	66
106	67
106	73
106	81
106	82
106	83
106	84
106	85
106	86
106	89
106	90
106	91
106	92
106	97
106	98
106	99
106	100
106	101
106	102
106	103
106	104
106	105
106	106
106	123
106	124
106	125
106	126
106	127
107	0
107	2
107	3
107	4
107	7
107	9
107	11
107	12
107	13
107	14
107	15
107	16
107	17
107	18
107	19
107	20
107	21
107	24
107	25
107	26
107	27
107	28
107	29
107	30
107	31
107	32
107	33
107	34
107	35
107	36
107	37
107	38
107	42
107	43
107	51
107	52
107	53
107	56
107	57
107	58
107	59
107	60
107	61
107	62
107	63
107	64
107	65
107	66
107	67
107	81
107	82
107	84
107	86
107	89
107	90
107	92
107	93
107	97
107	98
107	99
107	100
107	101
107	102
107	103
107	104
107	106
107	114
107	123
107	124
107	125
107	127
108	0
108	3
108	6
108	7
108	8
108	9
108	10
108	11
108	12
108	13
108	14
108	15
108	16
108	17
108	18
108	19
108	20
108	21
108	23
108	24
108	25
108	26
108	27
108	28
108	29
108	30
108	31
108	32
108	33
108	34
108	35
108	36
108	37
108	38
108	42
108	43
108	44
108	56
108	57
108	58
108	59
108	60
108	61
108	62
108	63
108	64
108	65
108	66
108	67
108	68
108	69
108	70
108	80
108	81
108	89
108	90
108	92
108	93
108	98
108	99
108	100
108	101
108	102
108	103
108	104
108	123
108	124
108	125
109	0
109	1
109	6
109	7
109	8
109	9
109	11
109	12
109	13
109	14
109	15
109	16
109	17
109	18
109	19
109	20
109	21
109	22
109	23
109	27
109	28
109	30
109	31
109	32
109	33
109	34
109	35
109	36
109	37
109	38
109	39
109	41
109	42
109	43
109	44
109	57
109	59
109	60
109	61
109	62
109	63
109	64
109	65
109	66
109	68
109	69
109	70
109	88
109	89
109	90
109	91
109	92
109	93
109	97
109	98
109	99
109	100
109	101
109	102
109	103
109	104
109	120
109	123
109	124
109	125
109	126
109	127
110	4
110	5
110	6
110	8
110	9
110	10
110	11
110	12
110	13
110	14
110	15
110	16
110	17
110	18
110	19
110	20
110	21
110	22
110	23
110	24
110	30
110	31
110	32
110	33
110	34
110	35
110	37
110	38
110	39
110	40
110	41
110	42
110	43
110	44
110	45
110	46
110	48
110	59
110	65
110	66
110	88
110	92
110	93
110	100
110	101
110	102
110	103
110	117
110	118
110	119
110	120
110	121
110	123
110	124
110	125
110	126
110	127
111	2
111	3
111	4
111	7
111	8
111	9
111	10
111	11
111	12
111	13
111	14
111	15
111	17
111	18
111	19
111	21
111	22
111	23
111	24
111	25
111	26
111	27
111	29
111	30
111	31
111	32
111	33
111	34
111	35
111	36
111	37
111	38
111	39
111	40
111	41
111	42
111	43
111	44
111	45
111	46
111	47
111	64
111	65
111	75
111	84
111	85
111	86
111	87
111	98
111	119
111	120
111	121
111	122
111	123
111	124
111	125
112	6
112	7
112	8
112	10
112	11
112	12
112	16
112	17
112	18
112	19
112	20
112	21
112	22
112	23
112	24
112	25
112	26
112	28
112	29
112	30
112	31
112	32
112	33
112	34
112	35
112	36
112	37
112	38
112	40
112	41
112	42
112	43
112	44
112	45
112	46
112	47
112	52
112	57
112	58
112	59
112	79
112	85
112	86
112	87
112	95
112	105
112	106
112	112
112	119
112	120
112	121
112	122
112	123
113	4
113	5
113	6
113	7
113	9
113	10
113	11
113	12
113	13
113	14
113	16
113	17
113	18
113	19
113	20
113	21
113	22
113	23
113	24
113	25
113	26
113	27
113	28
113	29
113	30
113	31
113	32
113	33
113	34
113	35
113	37
113	38
113	39
113	40
113	42
113	43
113	44
113	45
113	46
113	47
113	48
113	49
113	50
113	51
113	57
113	58
113	59
113	74
113	75
113	79
113	84
113	85
113	86
113	87
113	99
113	100
113	103
113	105
113	106
113	107
113	109
113	112
113	113
113	114
113	115
113	116
113	117
113	119
113	120
113	121
113	122
113	123
113	125
114	0
114	3
114	4
114	5
114	6
114	12
114	13
114	14
114	15
114	16
114	17
114	18
114	19
114	20
114	21
114	22
114	23
114	24
114	25
114	26
114	27
114	28
114	29
114	30
114	31
114	32
114	33
114	34
114	35
114	36
114	37
114	38
114	39
114	40
114	41
114	42
114	43
114	44
114	45
114	47
114	48
114	49
114	55
114	65
114	66
114	67
114	85
114	86
114	97
114	98
114	106
114	107
114	114
114	115
114	116
114	122
114	123
114	124
114	125
114	126
114	127
115	3
115	4
115	5
115	6
115	9
115	10
115	12
115	13
115	14
115	15
115	17
115	18
115	23
115	24
115	25
115	26
115	27
115	28
115	29
115	30
115	31
115	32
115	33
115	34
115	35
115	36
115	37
115	38
115	39
115	40
115	41
115	42
115	43
115	44
115	45
115	46
115	49
115	50
115	51
115	52
115	53
115	54
115	55
115	71
115	91
115	95
115	96
115	97
115	99
115	100
115	101
115	106
115	107
115	110
115	111
115	114
115	115
115	122
115	123
115	124
115	125
115	126
115	127
116	0
116	1
116	2
116	3
116	4
116	5
116	6
116	11
116	12
116	13
116	14
116	15
116	17
116	18
116	19
116	20
116	21
116	22
116	23
116	24
116	25
116	26
116	27
116	28
116	29
116	30
116	31
116	32
116	33
116	34
116	35
116	36
116	37
116	38
116	39
116	40
116	41
116	42
116	43
116	44
116	46
116	47
116	48
116	49
116	50
116	51
116	52
116	53
116	54
116	90
116	91
116	92
116	93
116	94
116	95
116	96
116	99
116	100
116	102
116	103
116	104
116	105
116	106
116	107
116	114
116	124
116	125
116	126
116	127
117	0
117	1
117	2
117	3
117	4
117	7
117	8
117	11
117	12
117	13
117	14
117	15
117	16
117	17
117	18
117	19
117	20
117	21
117	22
117	23
117	24
117	25
117	26
117	27
117	28
117	29
117	30
117	31
117	34
117	36
117	37
117	38
117	39
117	40
117	41
117	42
117	43
117	44
117	47
117	48
117	49
117	50
117	51
117	52
117	53
117	58
117	60
117	61
117	91
117	92
117	93
117	94
117	95
117	96
117	97
117	98
117	99
117	100
117	101
117	104
117	105
117	106
117	107
117	108
117	109
117	125
117	126
117	127
118	0
118	1
118	2
118	3
118	4
118	5
118	6
118	7
118	8
118	9
118	12
118	13
118	14
118	15
118	16
118	17
118	18
118	19
118	20
118	21
118	22
118	23
118	24
118	25
118	26
118	27
118	28
118	29
118	30
118	31
118	32
118	35
118	36
118	37
118	38
118	39
118	40
118	41
118	42
118	43
118	44
118	48
118	49
118	50
118	51
118	52
118	59
118	60
118	61
118	64
118	92
118	93
118	94
118	95
118	96
118	97
118	98
118	99
118	100
118	101
118	102
118	103
118	104
118	105
118	106
118	108
118	126
118	127
119	1
119	2
119	3
119	4
119	5
119	6
119	7
119	8
119	9
119	10
119	11
119	12
119	13
119	14
119	15
119	16
119	17
119	18
119	19
119	20
119	21
119	22
119	23
119	24
119	25
119	26
119	27
119	28
119	29
119	30
119	31
119	32
119	33
119	35
119	36
119	37
119	38
119	39
119	40
119	42
119	43
119	44
119	45
119	46
119	47
119	48
119	49
119	52
119	54
119	55
119	59
119	60
119	61
119	64
119	65
119	66
119	67
119	74
119	80
119	81
119	85
119	86
119	88
119	89
119	90
119	93
119	94
119	95
119	96
119	97
119	98
119	100
119	101
119	105
119	114
119	115
120	0
120	1
120	2
120	3
120	4
120	5
120	6
120	7
120	8
120	9
120	10
120	11
120	12
120	13
120	14
120	15
120	16
120	17
120	18
120	19
120	20
120	21
120	22
120	23
120	24
120	25
120	26
120	27
120	28
120	29
120	31
120	32
120	33
120	35
120	36
120	37
120	38
120	39
120	42
120	43
120	44
120	45
120	46
120	47
120	48
120	52
120	55
120	56
120	57
120	59
120	60
120	61
120	62
120	63
120	64
120	65
120	66
120	67
120	69
120	73
120	74
120	75
120	79
120	80
120	81
120	85
120	87
120	88
120	89
120	93
120	94
120	97
120	99
120	100
120	101
120	114
120	115
120	124
121	3
121	4
121	5
121	6
121	7
121	8
121	10
121	11
121	12
121	13
121	14
121	15
121	16
121	17
121	18
121	19
121	20
121	21
121	22
121	23
121	24
121	25
121	26
121	27
121	28
121	30
121	31
121	32
121	41
121	42
121	43
121	44
121	45
121	46
121	47
121	48
121	50
121	51
121	52
121	55
121	56
121	57
121	58
121	59
121	60
121	61
121	62
121	63
121	64
121	65
121	66
121	73
121	74
121	75
121	76
121	77
121	79
121	80
121	81
121	85
121	86
121	87
121	88
121	89
121	90
121	92
121	93
121	94
121	95
121	96
121	97
121	98
121	99
121	100
121	107
121	108
121	114
121	115
121	116
121	118
122	1
122	2
122	3
122	4
122	5
122	6
122	8
122	9
122	10
122	12
122	13
122	14
122	15
122	16
122	17
122	18
122	19
122	20
122	21
122	22
122	23
122	24
122	25
122	26
122	27
122	28
122	29
122	30
122	31
122	32
122	33
122	34
122	35
122	41
122	42
122	43
122	44
122	46
122	47
122	48
122	49
122	51
122	52
122	53
122	54
122	55
122	56
122	57
122	58
122	59
122	60
122	61
122	62
122	63
122	64
122	65
122	66
122	73
122	74
122	76
122	77
122	80
122	81
122	82
122	83
122	85
122	86
122	87
122	88
122	89
122	90
122	91
122	92
122	93
122	94
122	95
122	96
122	97
122	98
122	99
122	100
122	101
122	103
122	104
122	106
122	107
122	113
122	114
122	115
122	116
122	117
122	118
123	1
123	2
123	3
123	4
123	5
123	6
123	7
123	8
123	9
123	10
123	11
123	13
123	14
123	15
123	16
123	17
123	18
123	19
123	20
123	21
123	22
123	23
123	24
123	25
123	26
123	27
123	28
123	29
123	30
123	31
123	32
123	33
123	34
123	35
123	36
123	39
123	40
123	42
123	43
123	44
123	45
123	46
123	47
123	48
123	49
123	51
123	52
123	53
123	54
123	55
123	56
123	57
123	58
123	59
123	60
123	61
123	62
123	63
123	64
123	65
123	66
123	69
123	70
123	71
123	73
123	74
123	75
123	81
123	83
123	85
123	86
123	87
123	88
123	89
123	90
123	91
123	92
123	93
123	94
123	95
123	96
123	97
123	98
123	99
123	100
123	101
123	102
123	103
123	104
123	105
123	106
123	107
123	113
123	114
123	115
123	116
123	117
123	118
123	119
123	120
123	123
123	124
124	0
124	1
124	2
124	3
124	4
124	5
124	9
124	11
124	12
124	13
124	14
124	15
124	16
124	17
124	18
124	19
124	20
124	21
124	22
124	23
124	24
124	25
124	26
124	27
124	28
124	29
124	30
124	31
124	32
124	33
124	34
124	35
124	36
124	47
124	48
124	49
124	52
124	53
124	55
124	56
124	57
124	58
124	59
124	60
124	61
124	62
124	63
124	64
124	65
124	66
124	69
124	71
124	72
124	74
124	75
124	76
124	83
124	84
124	85
124	86
124	87
124	88
124	89
124	90
124	91
124	92
124	93
124	94
124	95
124	96
124	97
124	98
124	99
124	100
124	101
124	102
124	103
124	104
124	105
124	106
124	107
124	111
124	115
124	116
124	117
124	118
124	119
124	120
124	121
124	122
124	123
124	124
124	127
125	0
125	2
125	3
125	4
125	5
125	6
125	10
125	11
125	12
125	13
125	14
125	16
125	17
125	18
125	19
125	20
125	21
125	22
125	23
125	24
125	26
125	27
125	28
125	29
125	30
125	31
125	32
125	33
125	34
125	35
125	36
125	40
125	41
125	46
125	47
125	48
125	49
125	50
125	55
125	56
125	57
125	58
125	59
125	60
125	61
125	62
125	63
125	64
125	66
125	69
125	70
125	72
125	73
125	74
125	75
125	76
125	77
125	78
125	79
125	82
125	83
125	84
125	86
125	87
125	88
125	89
125	90
125	93
125	94
125	95
125	96
125	97
125	98
125	99
125	100
125	101
125	102
125	103
125	104
125	110
125	111
125	115
125	116
125	117
125	118
125	119
125	120
125	121
125	122
125	123
125	124
125	126
125	127
126	0
126	4
126	5
126	11
126	12
126	13
126	14
126	15
126	17
126	18
126	19
126	20
126	21
126	22
126	23
126	24
126	26
126	27
126	28
126	29
126	30
126	31
126	32
126	33
126	34
126	35
126	36
126	37
126	40
126	41
126	42
126	43
126	46
126	47
126	48
126	49
126	57
126	58
126	59
126	63
126	64
126	65
126	66
126	70
126	75
126	76
126	77
126	78
126	79
126	81
126	82
126	83
126	84
126	85
126	86
126	87
126	88
126	89
126	93
126	94
126	95
126	96
126	98
126	99
126	100
126	101
126	102
126	103
126	104
126	116
126	117
126	118
126	119
126	120
126	121
126	122
126	123
126	124
126	125
126	126
126	127
127	0
127	4
127	5
127	6
127	11
127	12
127	13
127	14
127	15
127	16
127	17
127	18
127	22
127	26
127	27
127	28
127	29
127	30
127	31
127	34
127	35
127	36
127	37
127	38
127	39
127	40
127	41
127	42
127	46
127	48
127	54
127	55
127	56
127	57
127	58
127	59
127	60
127	63
127	64
127	65
127	76
127	77
127	78
127	79
127	81
127	82
127	83
127	87
127	88
127	92
127	93
127	94
127	95
127	96
127	97
127	98
127	99
127	100
127	101
127	102
127	103
127	116
127	117
127	118
127	119
127	120
127	121
127	123
127	124
127	125
127	126
127	127
