size	128
T	2.5
J	1
H	0
x	y
0	0
0	1
0	2
0	3
0	4
0	5
0	6
0	7
0	10
0	16
0	17
0	18
0	19
0	21
0	22
0	24
0	29
0	33
0	34
0	37
0	38
0	39
0	40
0	41
0	42
0	43
0	44
0	45
0	46
0	47
0	57
0	65
0	66
0	67
0	70
0	71
0	72
0	73
0	74
0	82
0	83
0	85
0	86
0	87
0	88
0	89
0	90
0	92
0	93
0	94
0	95
0	97
0	106
0	108
0	111
0	116
0	117
0	118
0	119
0	120
0	121
0	126
0	127
1	1
1	2
1	3
1	4
1	5
1	6
1	7
1	8
1	10
1	11
1	17
1	21
1	29
1	33
1	34
1	35
1	36
1	37
1	38
1	39
1	40
1	41
1	42
1	43
1	45
1	50
1	51
1	58
1	60
1	61
1	65
1	66
1	67
1	68
1	69
1	70
1	71
1	72
1	73
1	81
1	82
1	83
1	84
1	85
1	88
1	89
1	94
1	104
1	108
1	109
1	115
1	116
1	118
1	119
1	120
1	121
1	123
1	124
1	127
2	0
2	4
2	5
2	6
2	7
2	8
2	9
2	10
2	11
2	16
2	17
2	34
2	35
2	36
2	37
2	38
2	39
2	40
2	41
2	42
2	43
2	44
2	45
2	46
2	47
2	49
2	50
2	51
2	58
2	59
2	60
2	61
2	63
2	65
2	66
2	67
2	68
2	69
2	70
2	71
2	72
2	73
2	81
2	88
2	89
2	105
2	108
2	113
2	114
2	115
2	118
2	119
2	120
2	121
2	122
2	123
2	124
2	125
2	126
2	127
3	0
3	1
3	2
3	3
3	4
3	5
3	6
3	7
3	8
3	9
3	10
3	11
3	29
3	35
3	36
3	37
3	38
3	39
3	40
3	41
3	42
3	43
3	44
3	45
3	46
3	47
3	48
3	49
3	50
3	51
3	54
3	57
3	58
3	59
3	64
3	65
3	66
3	67
3	68
3	70
3	71
3	72
3	73
3	81
3	84
3	86
3	87
3	88
3	103
3	113
3	114
3	115
3	117
3	118
3	119
3	120
3	122
3	123
3	124
3	125
3	126
3	127
4	0
4	1
4	2
4	3
4	4
4	5
4	6
4	7
4	8
4	9
4	10
4	11
4	14
4	26
4	34
4	35
4	36
4	37
4	38
4	39
4	40
4	41
4	42
4	43
4	44
4	45
4	46
4	47
4	48
4	49
4	50
4	54
4	56
4	57
4	66
4	68
4	69
4	70
4	71
4	72
4	73
4	93
4	98
4	99
4	103
4	104
4	105
4	113
4	114
4	115
4	116
4	117
4	118
4	119
4	120
4	122
4	123
4	124
4	125
4	126
4	127
5	0
5	1
5	2
5	3
5	4
5	5
5	6
5	7
5	8
5	9
5	13
5	14
5	15
5	22
5	23
5	33
5	34
5	35
5	36
5	37
5	38
5	39
5	40
5	41
5	42
5	43
5	44
5	45
5	46
5	47
5	48
5	49
5	50
5	51
5	66
5	68
5	69
5	70
5	71
5	72
5	73
5	80
5	95
5	99
5	100
5	101
5	102
5	103
5	105
5	107
5	113
5	114
5	115
5	116
5	117
5	118
5	119
5	120
5	121
5	122
5	123
5	124
5	125
5	127
6	0
6	1
6	2
6	3
6	4
6	5
6	6
6	7
6	8
6	9
6	13
6	14
6	21
6	22
6	23
6	24
6	32
6	33
6	34
6	35
6	36
6	37
6	38
6	40
6	41
6	42
6	43
6	44
6	45
6	46
6	47
6	48
6	49
6	50
6	51
6	52
6	77
6	80
6	81
6	95
6	96
6	99
6	100
6	101
6	102
6	105
6	113
6	114
6	115
6	116
6	117
6	118
6	119
6	120
6	121
6	124
6	125
6	126
6	127
7	0
7	1
7	2
7	4
7	5
7	6
7	7
7	8
7	9
7	12
7	20
7	21
7	22
7	24
7	32
7	33
7	34
7	35
7	36
7	37
7	38
7	39
7	40
7	41
7	42
7	43
7	45
7	46
7	47
7	48
7	49
7	50
7	51
7	95
7	96
7	99
7	102
7	103
7	104
7	105
7	112
7	113
7	114
7	115
7	116
7	117
7	120
7	121
7	122
7	126
7	127
8	0
8	1
8	2
8	3
8	4
8	5
8	6
8	7
8	8
8	9
8	12
8	20
8	21
8	23
8	24
8	25
8	32
8	33
8	34
8	35
8	36
8	37
8	38
8	39
8	40
8	41
8	42
8	43
8	44
8	45
8	46
8	47
8	48
8	49
8	50
8	51
8	52
8	53
8	54
8	78
8	79
8	84
8	93
8	95
8	102
8	103
8	104
8	105
8	111
8	112
8	113
8	114
8	115
8	116
8	117
8	118
8	119
8	120
8	121
8	122
8	123
8	124
8	125
8	126
8	127
9	0
9	1
9	2
9	3
9	5
9	6
9	7
9	8
9	20
9	21
9	22
9	23
9	24
9	25
9	32
9	33
9	34
9	35
9	36
9	37
9	38
9	39
9	40
9	43
9	44
9	45
9	46
9	47
9	48
9	49
9	50
9	51
9	52
9	53
9	54
9	55
9	56
9	58
9	60
9	71
9	78
9	79
9	101
9	102
9	104
9	105
9	110
9	111
9	112
9	113
9	114
9	115
9	116
9	117
9	118
9	119
9	120
9	121
9	122
9	123
9	124
9	125
9	126
9	127
10	0
10	1
10	2
10	3
10	4
10	5
10	9
10	10
10	11
10	12
10	21
10	22
10	28
10	32
10	33
10	34
10	35
10	36
10	37
10	38
10	39
10	40
10	43
10	44
10	45
10	46
10	47
10	48
10	49
10	50
10	51
10	52
10	53
10	54
10	55
10	56
10	57
10	58
10	59
10	60
10	61
10	68
10	78
10	88
10	89
10	97
10	98
10	101
10	102
10	110
10	111
10	112
10	113
10	114
10	115
10	116
10	117
10	119
10	120
10	121
10	122
10	123
10	126
10	127
11	0
11	2
11	3
11	4
11	9
11	10
11	11
11	12
11	13
11	14
11	20
11	21
11	22
11	23
11	29
11	31
11	32
11	33
11	34
11	35
11	36
11	37
11	38
11	39
11	42
11	43
11	44
11	45
11	46
11	47
11	48
11	49
11	50
11	51
11	52
11	53
11	54
11	55
11	56
11	57
11	58
11	59
11	60
11	78
11	79
11	80
11	81
11	82
11	83
11	84
11	85
11	86
11	87
11	88
11	89
11	90
11	97
11	98
11	109
11	110
11	111
11	112
11	113
11	119
11	120
11	121
11	123
11	124
11	126
11	127
12	0
12	1
12	2
12	3
12	4
12	10
12	20
12	21
12	29
12	30
12	31
12	32
12	33
12	34
12	35
12	36
12	37
12	38
12	39
12	42
12	43
12	44
12	46
12	47
12	48
12	49
12	50
12	51
12	52
12	53
12	54
12	55
12	56
12	58
12	59
12	60
12	61
12	68
12	70
12	76
12	77
12	78
12	79
12	80
12	81
12	82
12	83
12	84
12	85
12	86
12	87
12	88
12	89
12	90
12	98
12	99
12	100
12	101
12	104
12	108
12	116
12	119
12	120
12	121
12	122
12	123
12	124
12	125
12	127
13	0
13	2
13	3
13	4
13	7
13	8
13	10
13	11
13	12
13	24
13	30
13	31
13	32
13	33
13	35
13	36
13	47
13	48
13	49
13	50
13	51
13	52
13	53
13	54
13	55
13	56
13	57
13	58
13	59
13	60
13	61
13	65
13	66
13	67
13	68
13	76
13	77
13	78
13	79
13	80
13	81
13	82
13	83
13	84
13	85
13	86
13	87
13	88
13	89
13	90
13	98
13	99
13	100
13	101
13	102
13	104
13	105
13	106
13	107
13	108
13	109
13	110
13	111
13	120
13	121
13	122
13	123
13	124
13	126
13	127
14	0
14	1
14	2
14	3
14	4
14	5
14	6
14	7
14	8
14	21
14	32
14	33
14	34
14	35
14	37
14	48
14	49
14	50
14	51
14	52
14	53
14	54
14	55
14	56
14	57
14	58
14	59
14	61
14	64
14	65
14	66
14	74
14	75
14	76
14	77
14	78
14	79
14	80
14	81
14	82
14	83
14	84
14	85
14	86
14	87
14	88
14	89
14	98
14	99
14	100
14	101
14	104
14	105
14	107
14	108
14	109
14	110
14	111
14	112
14	116
14	117
14	118
14	119
14	120
14	121
14	122
14	123
14	124
14	125
14	126
14	127
15	1
15	2
15	3
15	4
15	5
15	21
15	29
15	30
15	31
15	32
15	33
15	34
15	35
15	36
15	38
15	48
15	49
15	51
15	52
15	53
15	54
15	55
15	56
15	57
15	58
15	61
15	65
15	66
15	75
15	76
15	77
15	78
15	79
15	80
15	81
15	82
15	83
15	84
15	85
15	86
15	87
15	88
15	89
15	93
15	94
15	95
15	97
15	98
15	99
15	100
15	103
15	108
15	112
15	113
15	115
15	116
15	117
15	118
15	120
15	121
15	122
15	123
15	124
15	125
15	126
15	127
16	0
16	1
16	4
16	5
16	19
16	20
16	21
16	22
16	23
16	28
16	29
16	30
16	31
16	32
16	33
16	34
16	35
16	36
16	37
16	49
16	51
16	52
16	53
16	54
16	55
16	56
16	66
16	75
16	76
16	77
16	78
16	79
16	80
16	81
16	82
16	83
16	84
16	86
16	87
16	88
16	89
16	97
16	98
16	99
16	100
16	103
16	109
16	113
16	115
16	116
16	117
16	118
16	122
16	123
16	124
16	125
16	126
16	127
17	1
17	2
17	3
17	8
17	11
17	13
17	14
17	18
17	19
17	22
17	23
17	27
17	28
17	29
17	30
17	31
17	32
17	33
17	34
17	35
17	36
17	37
17	38
17	39
17	40
17	41
17	42
17	43
17	44
17	45
17	52
17	53
17	54
17	55
17	67
17	75
17	76
17	77
17	78
17	80
17	81
17	82
17	83
17	84
17	85
17	86
17	87
17	88
17	89
17	97
17	98
17	99
17	104
17	114
17	115
17	116
17	117
17	118
17	123
17	124
17	125
17	126
17	127
18	0
18	1
18	2
18	3
18	7
18	8
18	11
18	12
18	15
18	16
18	21
18	22
18	23
18	27
18	28
18	29
18	30
18	31
18	32
18	33
18	34
18	35
18	36
18	37
18	38
18	39
18	40
18	41
18	43
18	44
18	49
18	51
18	52
18	53
18	54
18	55
18	72
18	73
18	74
18	75
18	76
18	77
18	80
18	82
18	83
18	84
18	85
18	86
18	87
18	88
18	89
18	90
18	94
18	99
18	115
18	116
18	117
18	118
18	123
18	125
18	126
18	127
19	0
19	1
19	2
19	7
19	8
19	12
19	13
19	14
19	15
19	16
19	21
19	22
19	27
19	28
19	29
19	30
19	31
19	32
19	33
19	34
19	35
19	36
19	37
19	38
19	39
19	40
19	41
19	42
19	43
19	44
19	45
19	47
19	51
19	52
19	53
19	54
19	55
19	61
19	63
19	73
19	74
19	75
19	76
19	77
19	82
19	83
19	84
19	85
19	86
19	87
19	88
19	90
19	91
19	98
19	99
19	116
19	117
19	118
20	1
20	2
20	11
20	12
20	13
20	14
20	15
20	16
20	17
20	22
20	23
20	26
20	27
20	29
20	30
20	36
20	37
20	38
20	39
20	40
20	41
20	42
20	43
20	44
20	45
20	46
20	47
20	48
20	49
20	51
20	53
20	54
20	55
20	60
20	61
20	65
20	66
20	71
20	72
20	73
20	74
20	75
20	76
20	77
20	78
20	79
20	80
20	82
20	83
20	84
20	86
20	87
20	88
20	89
20	90
20	96
20	97
20	98
20	99
20	117
20	118
20	123
21	6
21	7
21	10
21	15
21	22
21	26
21	29
21	30
21	31
21	32
21	33
21	34
21	35
21	36
21	37
21	38
21	39
21	40
21	41
21	42
21	43
21	46
21	47
21	48
21	49
21	52
21	53
21	54
21	59
21	60
21	71
21	72
21	73
21	74
21	75
21	76
21	77
21	78
21	79
21	80
21	82
21	83
21	84
21	86
21	87
21	88
21	89
21	90
21	91
21	92
21	93
21	96
21	97
21	98
21	103
21	105
21	108
21	109
21	117
21	118
21	119
21	120
21	127
22	0
22	3
22	4
22	5
22	6
22	7
22	8
22	9
22	16
22	21
22	22
22	27
22	28
22	29
22	30
22	31
22	32
22	33
22	34
22	35
22	36
22	37
22	39
22	40
22	41
22	42
22	45
22	46
22	47
22	48
22	49
22	50
22	51
22	52
22	53
22	54
22	55
22	59
22	60
22	71
22	72
22	73
22	74
22	75
22	76
22	77
22	78
22	79
22	80
22	81
22	82
22	83
22	87
22	88
22	89
22	90
22	91
22	93
22	94
22	95
22	96
22	97
22	98
22	103
22	104
22	105
22	108
22	109
22	117
22	118
22	126
22	127
23	0
23	1
23	2
23	3
23	4
23	5
23	6
23	7
23	8
23	12
23	14
23	15
23	16
23	17
23	18
23	22
23	27
23	28
23	29
23	30
23	31
23	32
23	33
23	34
23	35
23	37
23	38
23	39
23	40
23	41
23	42
23	43
23	44
23	45
23	46
23	47
23	48
23	49
23	50
23	51
23	52
23	53
23	54
23	55
23	59
23	62
23	71
23	72
23	73
23	74
23	75
23	76
23	77
23	78
23	79
23	80
23	81
23	82
23	83
23	84
23	85
23	86
23	87
23	88
23	89
23	90
23	91
23	92
23	93
23	94
23	95
23	96
23	97
23	98
23	99
23	103
23	104
23	105
23	106
23	108
23	109
23	116
23	119
23	126
23	127
24	0
24	1
24	2
24	4
24	5
24	6
24	8
24	12
24	15
24	16
24	17
24	18
24	27
24	28
24	29
24	30
24	31
24	32
24	33
24	34
24	35
24	36
24	37
24	38
24	39
24	40
24	41
24	42
24	43
24	44
24	45
24	47
24	48
24	49
24	50
24	51
24	54
24	56
24	57
24	67
24	68
24	71
24	72
24	73
24	74
24	75
24	76
24	77
24	78
24	79
24	80
24	82
24	83
24	84
24	85
24	86
24	87
24	88
24	89
24	90
24	91
24	92
24	93
24	94
24	95
24	96
24	97
24	98
24	99
24	103
24	104
24	105
24	107
24	108
24	109
24	110
24	119
24	120
24	125
24	126
24	127
25	0
25	1
25	2
25	3
25	4
25	5
25	8
25	14
25	15
25	16
25	18
25	28
25	29
25	30
25	31
25	32
25	33
25	34
25	35
25	36
25	37
25	38
25	39
25	40
25	41
25	42
25	43
25	44
25	45
25	46
25	47
25	48
25	49
25	50
25	51
25	55
25	56
25	57
25	72
25	73
25	74
25	75
25	76
25	77
25	78
25	80
25	81
25	82
25	83
25	84
25	85
25	86
25	87
25	88
25	89
25	90
25	91
25	92
25	93
25	94
25	95
25	96
25	97
25	98
25	99
25	100
25	102
25	103
25	104
25	105
25	106
25	107
25	108
25	109
25	110
25	111
25	118
25	119
25	120
25	121
25	122
25	123
25	124
25	125
25	126
25	127
26	0
26	1
26	2
26	3
26	4
26	5
26	7
26	10
26	11
26	12
26	13
26	14
26	15
26	16
26	31
26	33
26	34
26	35
26	36
26	37
26	38
26	39
26	40
26	41
26	42
26	43
26	44
26	45
26	46
26	47
26	48
26	49
26	50
26	51
26	52
26	55
26	56
26	59
26	72
26	73
26	74
26	75
26	76
26	77
26	78
26	80
26	81
26	82
26	83
26	84
26	85
26	86
26	87
26	88
26	89
26	90
26	91
26	92
26	93
26	94
26	95
26	96
26	97
26	98
26	99
26	100
26	101
26	102
26	103
26	104
26	105
26	106
26	107
26	108
26	109
26	118
26	119
26	120
26	121
26	122
26	123
26	124
26	125
26	126
26	127
27	0
27	1
27	2
27	3
27	4
27	5
27	10
27	11
27	16
27	17
27	18
27	19
27	21
27	22
27	30
27	31
27	32
27	33
27	34
27	35
27	36
27	37
27	38
27	39
27	40
27	41
27	42
27	43
27	44
27	45
27	46
27	47
27	48
27	49
27	50
27	51
27	62
27	64
27	65
27	72
27	73
27	74
27	75
27	76
27	77
27	78
27	79
27	80
27	81
27	82
27	83
27	84
27	85
27	86
27	87
27	88
27	89
27	90
27	91
27	92
27	93
27	94
27	95
27	96
27	97
27	98
27	100
27	101
27	102
27	103
27	104
27	106
27	109
27	118
27	119
27	120
27	121
27	122
27	125
27	126
27	127
28	0
28	1
28	2
28	3
28	4
28	8
28	16
28	17
28	18
28	19
28	20
28	21
28	22
28	30
28	31
28	32
28	33
28	34
28	35
28	36
28	37
28	38
28	39
28	40
28	41
28	44
28	45
28	47
28	48
28	49
28	50
28	51
28	63
28	64
28	65
28	73
28	74
28	75
28	76
28	77
28	78
28	79
28	80
28	81
28	82
28	83
28	84
28	85
28	86
28	87
28	88
28	89
28	90
28	91
28	92
28	93
28	94
28	95
28	96
28	97
28	98
28	99
28	100
28	101
28	102
28	103
28	104
28	105
28	106
28	112
28	118
28	119
28	120
28	121
28	124
28	125
28	126
28	127
29	0
29	1
29	2
29	3
29	4
29	8
29	9
29	10
29	14
29	16
29	17
29	18
29	19
29	20
29	21
29	22
29	23
29	30
29	31
29	32
29	33
29	34
29	35
29	36
29	37
29	38
29	39
29	40
29	41
29	42
29	43
29	44
29	45
29	46
29	47
29	48
29	49
29	50
29	51
29	52
29	53
29	56
29	57
29	65
29	66
29	67
29	68
29	69
29	70
29	71
29	72
29	73
29	74
29	75
29	76
29	77
29	78
29	79
29	80
29	81
29	82
29	84
29	85
29	86
29	87
29	88
29	89
29	90
29	91
29	92
29	95
29	96
29	97
29	98
29	99
29	100
29	101
29	102
29	103
29	104
29	106
29	118
29	119
29	120
29	123
29	124
29	125
29	127
30	0
30	3
30	4
30	5
30	6
30	7
30	9
30	10
30	11
30	12
30	16
30	17
30	18
30	19
30	20
30	21
30	22
30	28
30	29
30	30
30	31
30	32
30	33
30	34
30	35
30	36
30	37
30	38
30	39
30	40
30	41
30	42
30	44
30	45
30	46
30	49
30	50
30	51
30	52
30	53
30	56
30	62
30	65
30	72
30	73
30	75
30	76
30	77
30	78
30	79
30	80
30	81
30	82
30	83
30	84
30	85
30	86
30	87
30	88
30	89
30	90
30	91
30	92
30	93
30	94
30	95
30	96
30	97
30	98
30	99
30	100
30	101
30	102
30	103
30	104
30	106
30	107
30	115
30	118
30	119
30	120
30	123
30	127
31	0
31	2
31	3
31	4
31	5
31	6
31	7
31	8
31	9
31	10
31	11
31	12
31	16
31	17
31	18
31	19
31	20
31	21
31	22
31	23
31	29
31	30
31	32
31	33
31	34
31	35
31	36
31	37
31	38
31	39
31	40
31	41
31	50
31	51
31	52
31	53
31	54
31	56
31	57
31	58
31	65
31	75
31	76
31	77
31	78
31	79
31	80
31	81
31	83
31	84
31	85
31	86
31	87
31	88
31	89
31	90
31	91
31	92
31	93
31	94
31	95
31	96
31	97
31	98
31	99
31	100
31	101
31	102
31	103
31	104
31	105
31	106
31	124
31	125
31	126
31	127
32	0
32	2
32	3
32	4
32	6
32	7
32	8
32	9
32	10
32	11
32	12
32	18
32	19
32	20
32	21
32	22
32	23
32	30
32	31
32	33
32	34
32	35
32	36
32	37
32	38
32	39
32	40
32	50
32	51
32	52
32	53
32	54
32	55
32	56
32	57
32	65
32	75
32	76
32	77
32	78
32	79
32	80
32	83
32	84
32	85
32	86
32	87
32	88
32	89
32	90
32	91
32	95
32	96
32	97
32	98
32	99
32	100
32	102
32	103
32	104
32	105
32	106
32	107
32	114
32	124
32	125
32	126
32	127
33	0
33	1
33	2
33	3
33	4
33	5
33	6
33	11
33	13
33	18
33	30
33	31
33	32
33	36
33	37
33	38
33	39
33	47
33	48
33	49
33	50
33	51
33	52
33	53
33	54
33	55
33	56
33	57
33	59
33	60
33	61
33	65
33	66
33	75
33	76
33	77
33	78
33	79
33	80
33	82
33	83
33	84
33	85
33	86
33	87
33	88
33	89
33	95
33	96
33	97
33	98
33	99
33	100
33	101
33	102
33	103
33	104
33	105
33	106
33	107
33	108
33	125
33	126
33	127
34	0
34	3
34	4
34	5
34	6
34	7
34	11
34	18
34	23
34	26
34	30
34	39
34	41
34	42
34	49
34	50
34	51
34	52
34	53
34	54
34	55
34	56
34	57
34	59
34	60
34	61
34	62
34	63
34	76
34	80
34	81
34	82
34	83
34	84
34	85
34	87
34	88
34	89
34	95
34	96
34	97
34	98
34	99
34	101
34	102
34	103
34	104
34	105
34	106
34	107
34	108
34	109
34	123
34	126
34	127
35	0
35	2
35	4
35	5
35	6
35	7
35	8
35	9
35	11
35	29
35	30
35	31
35	41
35	42
35	49
35	50
35	51
35	52
35	53
35	54
35	55
35	56
35	57
35	60
35	61
35	62
35	63
35	64
35	69
35	74
35	75
35	80
35	81
35	82
35	83
35	84
35	85
35	86
35	87
35	88
35	89
35	94
35	95
35	96
35	97
35	98
35	99
35	100
35	101
35	103
35	104
35	105
35	106
35	107
35	108
35	119
35	120
35	122
35	123
35	124
35	126
36	1
36	2
36	3
36	4
36	5
36	6
36	7
36	8
36	9
36	19
36	24
36	29
36	30
36	31
36	42
36	43
36	44
36	45
36	46
36	47
36	48
36	49
36	50
36	51
36	52
36	53
36	57
36	60
36	61
36	62
36	63
36	64
36	70
36	75
36	80
36	84
36	85
36	86
36	87
36	88
36	89
36	94
36	97
36	98
36	99
36	100
36	101
36	102
36	103
36	105
36	106
36	107
36	108
36	113
36	114
36	115
36	120
36	121
36	122
36	123
36	124
36	125
36	126
37	0
37	1
37	2
37	5
37	6
37	7
37	8
37	9
37	11
37	19
37	24
37	27
37	29
37	30
37	38
37	39
37	40
37	41
37	42
37	43
37	44
37	45
37	46
37	47
37	48
37	49
37	50
37	51
37	52
37	53
37	54
37	59
37	60
37	61
37	62
37	76
37	87
37	88
37	89
37	90
37	91
37	92
37	93
37	94
37	95
37	97
37	98
37	99
37	100
37	101
37	102
37	104
37	106
37	107
37	108
37	110
37	111
37	112
37	113
37	114
37	115
37	116
37	117
37	120
37	121
37	122
37	123
37	124
37	125
37	126
37	127
38	0
38	1
38	2
38	3
38	5
38	6
38	7
38	8
38	9
38	10
38	11
38	23
38	24
38	25
38	26
38	27
38	29
38	33
38	37
38	38
38	39
38	41
38	42
38	43
38	44
38	45
38	46
38	47
38	48
38	49
38	50
38	51
38	52
38	53
38	54
38	55
38	57
38	58
38	59
38	60
38	61
38	62
38	63
38	64
38	89
38	90
38	91
38	93
38	95
38	96
38	97
38	99
38	100
38	101
38	102
38	103
38	104
38	105
38	106
38	107
38	109
38	110
38	111
38	112
38	113
38	114
38	115
38	116
38	117
38	118
38	121
38	122
38	123
38	124
38	125
38	126
38	127
39	0
39	1
39	2
39	3
39	4
39	5
39	6
39	9
39	10
39	23
39	24
39	33
39	36
39	37
39	38
39	39
39	40
39	41
39	43
39	44
39	45
39	46
39	49
39	51
39	52
39	56
39	57
39	58
39	60
39	61
39	62
39	63
39	81
39	88
39	89
39	90
39	91
39	93
39	96
39	97
39	98
39	99
39	100
39	101
39	102
39	103
39	104
39	105
39	107
39	108
39	109
39	110
39	111
39	112
39	113
39	114
39	115
39	116
39	117
39	118
39	120
39	121
39	122
39	123
39	124
39	125
39	126
39	127
40	0
40	1
40	2
40	3
40	4
40	5
40	6
40	7
40	12
40	37
40	38
40	39
40	40
40	41
40	43
40	44
40	45
40	46
40	51
40	54
40	57
40	58
40	60
40	61
40	62
40	63
40	64
40	65
40	72
40	89
40	93
40	94
40	96
40	97
40	98
40	99
40	100
40	101
40	102
40	103
40	109
40	110
40	111
40	112
40	113
40	115
40	116
40	117
40	118
40	119
40	120
40	122
40	123
40	124
40	125
40	126
40	127
41	0
41	1
41	2
41	3
41	4
41	5
41	6
41	7
41	12
41	14
41	28
41	32
41	33
41	37
41	38
41	39
41	42
41	43
41	44
41	45
41	46
41	47
41	48
41	49
41	52
41	54
41	55
41	56
41	57
41	58
41	59
41	60
41	61
41	62
41	64
41	65
41	89
41	94
41	95
41	96
41	97
41	98
41	99
41	100
41	101
41	102
41	103
41	110
41	112
41	113
41	114
41	115
41	116
41	119
41	120
41	121
41	122
41	123
41	124
41	125
41	126
41	127
42	0
42	1
42	2
42	3
42	4
42	5
42	6
42	7
42	14
42	27
42	28
42	37
42	38
42	40
42	41
42	42
42	43
42	44
42	45
42	46
42	47
42	48
42	54
42	55
42	56
42	57
42	58
42	59
42	61
42	64
42	65
42	71
42	80
42	86
42	87
42	88
42	89
42	90
42	94
42	95
42	96
42	97
42	98
42	99
42	100
42	101
42	102
42	104
42	111
42	112
42	113
42	114
42	115
42	116
42	117
42	118
42	119
42	120
42	121
42	122
42	123
42	124
42	125
42	126
42	127
43	0
43	1
43	2
43	3
43	4
43	5
43	13
43	19
43	36
43	37
43	38
43	39
43	40
43	41
43	42
43	43
43	44
43	45
43	46
43	53
43	54
43	55
43	56
43	57
43	58
43	59
43	60
43	61
43	63
43	64
43	65
43	71
43	80
43	87
43	88
43	94
43	95
43	96
43	97
43	98
43	99
43	100
43	101
43	102
43	103
43	112
43	116
43	117
43	118
43	119
43	120
43	121
43	124
43	125
43	126
43	127
44	0
44	1
44	2
44	3
44	4
44	5
44	6
44	7
44	36
44	37
44	38
44	39
44	40
44	41
44	42
44	43
44	44
44	45
44	46
44	47
44	48
44	50
44	51
44	52
44	53
44	54
44	55
44	56
44	57
44	58
44	59
44	60
44	61
44	62
44	63
44	64
44	65
44	80
44	86
44	87
44	88
44	89
44	90
44	94
44	95
44	96
44	97
44	98
44	99
44	100
44	101
44	102
44	103
44	112
44	116
44	117
44	118
44	119
44	120
44	121
44	122
44	123
44	124
44	125
44	126
44	127
45	0
45	1
45	2
45	3
45	4
45	5
45	6
45	38
45	39
45	40
45	41
45	42
45	43
45	44
45	45
45	46
45	47
45	48
45	50
45	51
45	52
45	53
45	54
45	55
45	56
45	57
45	58
45	59
45	60
45	61
45	62
45	63
45	74
45	87
45	88
45	89
45	90
45	91
45	93
45	94
45	95
45	96
45	97
45	99
45	100
45	108
45	112
45	116
45	119
45	120
45	121
45	122
45	123
45	124
45	125
45	126
45	127
46	0
46	1
46	2
46	3
46	4
46	14
46	15
46	38
46	39
46	40
46	41
46	44
46	45
46	46
46	47
46	48
46	49
46	50
46	52
46	53
46	54
46	55
46	58
46	59
46	60
46	61
46	62
46	63
46	64
46	76
46	86
46	87
46	89
46	90
46	91
46	92
46	93
46	96
46	97
46	112
46	116
46	117
46	118
46	119
46	120
46	121
46	122
46	124
46	125
46	127
47	1
47	2
47	3
47	4
47	5
47	6
47	9
47	10
47	13
47	14
47	15
47	20
47	29
47	36
47	37
47	38
47	39
47	40
47	41
47	45
47	46
47	47
47	50
47	51
47	52
47	53
47	54
47	55
47	56
47	57
47	58
47	59
47	60
47	61
47	62
47	68
47	87
47	88
47	89
47	90
47	91
47	92
47	93
47	115
47	116
47	117
47	118
47	119
47	120
47	121
47	122
47	123
47	124
48	2
48	5
48	13
48	14
48	15
48	16
48	17
48	18
48	25
48	37
48	38
48	39
48	51
48	52
48	53
48	54
48	55
48	56
48	57
48	58
48	59
48	60
48	61
48	62
48	68
48	69
48	72
48	73
48	86
48	87
48	88
48	89
48	90
48	91
48	92
48	97
48	98
48	115
48	116
48	117
48	120
48	121
48	122
48	123
48	124
49	11
49	12
49	13
49	14
49	15
49	17
49	18
49	22
49	23
49	24
49	25
49	26
49	27
49	36
49	37
49	38
49	39
49	48
49	50
49	51
49	52
49	53
49	54
49	56
49	57
49	58
49	59
49	60
49	61
49	62
49	63
49	64
49	65
49	68
49	69
49	73
49	87
49	88
49	89
49	90
49	91
49	93
49	97
49	112
49	114
49	115
49	116
49	117
49	121
49	122
49	123
49	124
49	125
50	0
50	7
50	8
50	10
50	11
50	12
50	13
50	14
50	15
50	16
50	17
50	18
50	23
50	24
50	25
50	26
50	27
50	30
50	32
50	33
50	34
50	35
50	36
50	37
50	38
50	39
50	49
50	50
50	51
50	52
50	53
50	54
50	55
50	56
50	58
50	59
50	60
50	61
50	62
50	63
50	64
50	65
50	66
50	67
50	68
50	69
50	70
50	89
50	90
50	91
50	93
50	95
50	104
50	107
50	112
50	114
50	115
50	117
50	118
50	121
50	122
50	123
50	124
51	7
51	9
51	10
51	12
51	13
51	14
51	15
51	16
51	17
51	18
51	19
51	23
51	25
51	26
51	27
51	28
51	29
51	30
51	31
51	32
51	33
51	34
51	35
51	36
51	37
51	39
51	41
51	49
51	50
51	51
51	52
51	53
51	54
51	55
51	56
51	57
51	58
51	60
51	61
51	62
51	65
51	66
51	67
51	68
51	69
51	70
51	79
51	80
51	90
51	91
51	92
51	93
51	96
51	107
51	114
51	115
51	116
51	117
51	121
51	122
51	123
51	124
52	10
52	12
52	13
52	14
52	15
52	16
52	17
52	18
52	19
52	25
52	29
52	30
52	31
52	32
52	33
52	34
52	35
52	36
52	37
52	39
52	40
52	41
52	42
52	48
52	49
52	50
52	51
52	52
52	53
52	54
52	55
52	56
52	58
52	60
52	61
52	62
52	63
52	64
52	65
52	66
52	67
52	79
52	80
52	92
52	93
52	107
52	108
52	109
52	110
52	114
52	115
52	116
52	117
52	118
52	120
52	121
52	122
52	123
52	124
53	0
53	6
53	11
53	13
53	15
53	16
53	17
53	18
53	19
53	25
53	32
53	33
53	34
53	35
53	36
53	37
53	39
53	40
53	42
53	45
53	46
53	47
53	48
53	49
53	50
53	51
53	52
53	53
53	54
53	55
53	56
53	57
53	58
53	59
53	60
53	61
53	62
53	63
53	77
53	78
53	79
53	82
53	93
53	94
53	100
53	106
53	107
53	108
53	109
53	110
53	115
53	118
53	121
53	122
53	123
53	124
53	125
54	0
54	7
54	10
54	11
54	15
54	16
54	17
54	18
54	19
54	22
54	25
54	26
54	32
54	33
54	34
54	35
54	36
54	37
54	44
54	45
54	46
54	47
54	48
54	49
54	50
54	52
54	53
54	54
54	55
54	56
54	57
54	58
54	59
54	60
54	61
54	62
54	63
54	85
54	97
54	98
54	104
54	105
54	106
54	107
54	108
54	109
54	110
54	111
54	112
54	113
54	116
54	127
55	0
55	1
55	2
55	3
55	6
55	7
55	15
55	16
55	31
55	32
55	46
55	48
55	49
55	50
55	52
55	53
55	55
55	57
55	58
55	59
55	60
55	61
55	84
55	85
55	96
55	97
55	100
55	102
55	103
55	104
55	105
55	106
55	108
55	109
55	110
55	111
55	112
55	113
55	114
55	115
55	116
55	123
55	127
56	0
56	1
56	2
56	3
56	4
56	5
56	6
56	7
56	8
56	25
56	35
56	47
56	48
56	49
56	51
56	52
56	53
56	54
56	55
56	56
56	58
56	59
56	60
56	61
56	67
56	76
56	80
56	81
56	84
56	85
56	87
56	90
56	91
56	92
56	93
56	94
56	103
56	104
56	105
56	106
56	107
56	108
56	109
56	110
56	112
56	113
56	114
56	115
56	116
56	127
57	0
57	1
57	2
57	3
57	4
57	5
57	6
57	7
57	8
57	10
57	25
57	33
57	34
57	35
57	36
57	37
57	47
57	48
57	49
57	52
57	53
57	54
57	55
57	56
57	57
57	58
57	59
57	60
57	81
57	82
57	84
57	85
57	86
57	87
57	88
57	89
57	90
57	91
57	92
57	93
57	94
57	105
57	106
57	107
57	108
57	109
57	112
57	113
57	114
57	115
57	123
57	126
57	127
58	0
58	1
58	2
58	3
58	4
58	5
58	6
58	7
58	8
58	17
58	20
58	21
58	25
58	43
58	52
58	53
58	54
58	55
58	56
58	57
58	58
58	59
58	60
58	61
58	75
58	76
58	81
58	82
58	83
58	84
58	85
58	86
58	87
58	88
58	89
58	90
58	91
58	92
58	93
58	94
58	96
58	97
58	99
58	100
58	104
58	105
58	106
58	107
58	108
58	109
58	110
58	116
58	117
58	118
58	123
58	126
58	127
59	0
59	1
59	2
59	3
59	4
59	5
59	7
59	20
59	21
59	40
59	43
59	51
59	52
59	53
59	54
59	55
59	56
59	57
59	58
59	59
59	60
59	61
59	64
59	68
59	69
59	75
59	76
59	80
59	81
59	82
59	83
59	84
59	85
59	86
59	88
59	89
59	90
59	91
59	92
59	93
59	94
59	95
59	97
59	99
59	100
59	101
59	105
59	106
59	107
59	108
59	109
59	116
59	117
59	123
59	127
60	1
60	2
60	3
60	4
60	5
60	6
60	7
60	26
60	32
60	42
60	43
60	50
60	51
60	52
60	53
60	54
60	55
60	56
60	57
60	58
60	64
60	67
60	68
60	70
60	75
60	76
60	78
60	81
60	82
60	83
60	84
60	85
60	86
60	87
60	88
60	89
60	90
60	91
60	92
60	93
60	94
60	95
60	96
60	99
60	100
60	104
60	105
60	106
60	107
60	108
60	116
60	117
60	123
61	0
61	1
61	2
61	3
61	4
61	5
61	6
61	7
61	8
61	26
61	41
61	42
61	44
61	45
61	49
61	50
61	52
61	53
61	54
61	55
61	56
61	64
61	65
61	67
61	75
61	76
61	77
61	81
61	82
61	83
61	84
61	85
61	86
61	87
61	88
61	89
61	90
61	91
61	92
61	93
61	95
61	96
61	97
61	99
61	100
61	104
61	105
61	106
61	107
61	108
61	110
61	111
61	112
61	116
61	117
61	119
62	0
62	1
62	2
62	3
62	4
62	5
62	6
62	10
62	19
62	26
62	31
62	37
62	38
62	44
62	45
62	49
62	50
62	51
62	52
62	53
62	54
62	56
62	57
62	59
62	60
62	64
62	65
62	66
62	67
62	71
62	72
62	73
62	75
62	76
62	77
62	81
62	82
62	83
62	85
62	86
62	87
62	88
62	89
62	90
62	91
62	92
62	95
62	96
62	97
62	98
62	99
62	100
62	103
62	104
62	105
62	106
62	107
62	108
62	109
62	110
62	111
62	112
62	114
62	115
62	116
62	117
62	119
62	121
62	125
63	4
63	5
63	10
63	20
63	22
63	23
63	24
63	28
63	29
63	31
63	32
63	33
63	49
63	50
63	51
63	52
63	53
63	54
63	55
63	56
63	57
63	58
63	59
63	60
63	71
63	72
63	75
63	76
63	77
63	85
63	86
63	87
63	88
63	89
63	90
63	91
63	92
63	94
63	95
63	96
63	97
63	98
63	99
63	100
63	101
63	104
63	105
63	106
63	107
63	109
63	110
63	111
63	112
63	113
63	114
63	115
63	116
63	117
63	126
64	3
64	4
64	5
64	6
64	7
64	14
64	19
64	20
64	21
64	22
64	23
64	24
64	29
64	32
64	41
64	42
64	44
64	51
64	52
64	53
64	54
64	55
64	56
64	57
64	58
64	59
64	60
64	71
64	73
64	74
64	75
64	76
64	77
64	84
64	85
64	88
64	89
64	90
64	92
64	93
64	94
64	95
64	96
64	97
64	98
64	99
64	100
64	101
64	109
64	110
64	111
64	114
64	115
64	119
64	126
64	127
65	3
65	4
65	5
65	6
65	7
65	8
65	9
65	10
65	13
65	14
65	16
65	17
65	18
65	19
65	20
65	21
65	22
65	23
65	24
65	25
65	33
65	37
65	38
65	40
65	41
65	42
65	50
65	51
65	52
65	53
65	54
65	55
65	56
65	58
65	59
65	66
65	67
65	74
65	75
65	76
65	77
65	78
65	84
65	85
65	86
65	92
65	93
65	94
65	95
65	96
65	97
65	98
65	99
65	100
65	101
65	103
65	104
65	111
65	117
65	118
65	119
65	122
65	123
66	2
66	3
66	4
66	6
66	7
66	8
66	9
66	10
66	12
66	13
66	15
66	16
66	17
66	18
66	19
66	20
66	22
66	23
66	24
66	25
66	26
66	27
66	29
66	37
66	38
66	39
66	40
66	41
66	45
66	48
66	49
66	50
66	51
66	52
66	53
66	54
66	55
66	56
66	57
66	69
66	72
66	73
66	74
66	75
66	76
66	77
66	78
66	82
66	83
66	84
66	92
66	93
66	94
66	95
66	96
66	97
66	98
66	99
66	100
66	101
66	103
66	104
66	111
66	118
66	119
66	120
66	121
66	122
66	123
67	1
67	2
67	3
67	4
67	5
67	6
67	7
67	8
67	9
67	10
67	11
67	12
67	13
67	15
67	16
67	17
67	18
67	19
67	20
67	21
67	22
67	23
67	24
67	25
67	26
67	27
67	37
67	38
67	39
67	40
67	41
67	46
67	48
67	49
67	50
67	51
67	52
67	53
67	54
67	55
67	56
67	57
67	63
67	69
67	73
67	77
67	78
67	82
67	83
67	89
67	92
67	93
67	95
67	96
67	97
67	98
67	99
67	100
67	101
67	102
67	103
67	104
67	105
67	106
67	107
67	108
67	109
67	117
67	119
67	120
67	121
67	122
67	123
68	1
68	4
68	5
68	6
68	7
68	8
68	9
68	10
68	13
68	14
68	15
68	16
68	17
68	19
68	20
68	21
68	22
68	23
68	25
68	26
68	27
68	33
68	36
68	38
68	39
68	40
68	43
68	46
68	47
68	49
68	50
68	51
68	52
68	53
68	54
68	55
68	56
68	57
68	60
68	61
68	62
68	63
68	64
68	65
68	66
68	69
68	70
68	71
68	72
68	73
68	74
68	77
68	78
68	79
68	80
68	81
68	82
68	89
68	90
68	91
68	92
68	93
68	94
68	95
68	96
68	97
68	98
68	99
68	100
68	102
68	103
68	104
68	105
68	106
68	107
68	108
68	113
68	119
68	120
68	121
69	1
69	2
69	3
69	4
69	5
69	6
69	7
69	8
69	9
69	10
69	13
69	14
69	15
69	16
69	21
69	22
69	29
69	33
69	36
69	37
69	38
69	39
69	40
69	46
69	49
69	50
69	51
69	54
69	55
69	56
69	57
69	60
69	61
69	62
69	66
69	70
69	71
69	72
69	74
69	75
69	78
69	79
69	80
69	81
69	82
69	86
69	91
69	92
69	93
69	96
69	97
69	98
69	99
69	102
69	103
69	104
69	105
69	106
69	107
69	111
69	112
69	113
69	114
69	115
69	116
69	117
69	118
69	119
70	0
70	1
70	2
70	3
70	4
70	5
70	6
70	11
70	13
70	14
70	15
70	16
70	17
70	19
70	20
70	21
70	22
70	23
70	24
70	25
70	34
70	35
70	38
70	39
70	41
70	45
70	46
70	49
70	50
70	53
70	54
70	55
70	56
70	57
70	58
70	59
70	60
70	61
70	62
70	71
70	72
70	77
70	78
70	79
70	85
70	86
70	89
70	90
70	91
70	92
70	93
70	94
70	95
70	96
70	101
70	102
70	103
70	104
70	105
70	106
70	107
70	112
70	113
70	114
70	115
70	116
70	117
70	118
70	119
70	120
70	121
71	0
71	1
71	4
71	5
71	6
71	7
71	8
71	9
71	13
71	14
71	15
71	16
71	17
71	18
71	19
71	20
71	21
71	22
71	23
71	24
71	32
71	34
71	35
71	38
71	39
71	41
71	45
71	46
71	53
71	54
71	55
71	56
71	57
71	58
71	59
71	60
71	61
71	62
71	71
71	72
71	78
71	84
71	85
71	86
71	87
71	89
71	90
71	91
71	94
71	95
71	102
71	103
71	104
71	105
71	106
71	107
71	109
71	111
71	112
71	113
71	114
71	115
71	116
71	117
71	118
71	119
71	120
71	121
71	124
71	125
71	126
72	5
72	6
72	7
72	8
72	9
72	10
72	12
72	13
72	14
72	16
72	17
72	19
72	20
72	21
72	22
72	24
72	25
72	28
72	29
72	30
72	33
72	34
72	35
72	36
72	42
72	43
72	44
72	45
72	46
72	47
72	51
72	52
72	53
72	54
72	55
72	56
72	57
72	58
72	59
72	60
72	65
72	66
72	67
72	71
72	72
72	84
72	85
72	86
72	87
72	88
72	89
72	90
72	91
72	92
72	93
72	98
72	99
72	100
72	101
72	102
72	103
72	104
72	105
72	106
72	107
72	108
72	109
72	111
72	112
72	113
72	114
72	117
72	118
72	119
72	120
72	121
72	125
72	126
73	1
73	6
73	7
73	8
73	9
73	10
73	11
73	12
73	13
73	14
73	15
73	16
73	17
73	18
73	19
73	20
73	21
73	22
73	23
73	24
73	25
73	28
73	29
73	30
73	37
73	40
73	41
73	42
73	43
73	44
73	45
73	46
73	47
73	48
73	49
73	50
73	51
73	52
73	53
73	54
73	55
73	56
73	57
73	59
73	60
73	63
73	64
73	65
73	66
73	67
73	68
73	70
73	71
73	72
73	84
73	85
73	86
73	87
73	88
73	89
73	90
73	91
73	92
73	93
73	94
73	95
73	96
73	97
73	98
73	99
73	100
73	101
73	102
73	103
73	104
73	105
73	106
73	107
73	117
73	118
73	119
73	120
73	121
73	122
73	123
73	124
73	125
73	126
74	0
74	1
74	4
74	7
74	8
74	10
74	11
74	12
74	13
74	14
74	15
74	17
74	18
74	20
74	21
74	22
74	23
74	24
74	25
74	26
74	27
74	28
74	29
74	30
74	31
74	35
74	44
74	45
74	46
74	47
74	48
74	49
74	50
74	51
74	52
74	53
74	54
74	55
74	56
74	57
74	63
74	64
74	65
74	66
74	67
74	72
74	77
74	78
74	81
74	82
74	85
74	86
74	87
74	88
74	89
74	90
74	91
74	94
74	95
74	96
74	97
74	98
74	99
74	100
74	101
74	102
74	103
74	104
74	105
74	106
74	107
74	111
74	112
74	113
74	114
74	115
74	116
74	117
74	118
74	119
74	120
74	121
74	122
74	123
74	124
74	125
74	126
74	127
75	0
75	1
75	7
75	8
75	9
75	10
75	14
75	15
75	16
75	17
75	18
75	19
75	21
75	23
75	24
75	25
75	26
75	27
75	28
75	30
75	31
75	39
75	43
75	44
75	45
75	46
75	47
75	48
75	49
75	50
75	51
75	54
75	56
75	59
75	62
75	63
75	69
75	72
75	73
75	77
75	78
75	81
75	82
75	85
75	86
75	87
75	89
75	90
75	91
75	92
75	93
75	94
75	95
75	96
75	97
75	98
75	99
75	100
75	101
75	102
75	103
75	104
75	105
75	106
75	107
75	108
75	111
75	112
75	113
75	114
75	115
75	116
75	117
75	118
75	119
75	120
75	121
75	122
75	123
75	124
75	125
75	126
75	127
76	0
76	8
76	9
76	10
76	11
76	14
76	15
76	16
76	17
76	18
76	19
76	21
76	22
76	24
76	26
76	27
76	28
76	29
76	30
76	31
76	32
76	36
76	43
76	44
76	45
76	47
76	48
76	49
76	50
76	52
76	54
76	55
76	56
76	57
76	58
76	59
76	60
76	61
76	62
76	63
76	64
76	65
76	69
76	70
76	71
76	74
76	76
76	77
76	78
76	79
76	84
76	85
76	86
76	87
76	88
76	89
76	90
76	91
76	92
76	93
76	94
76	95
76	96
76	97
76	98
76	99
76	101
76	102
76	103
76	104
76	105
76	106
76	107
76	108
76	110
76	111
76	112
76	113
76	114
76	115
76	116
76	117
76	119
76	120
76	121
76	122
76	123
76	124
76	126
76	127
77	0
77	8
77	9
77	10
77	11
77	12
77	13
77	14
77	15
77	16
77	17
77	18
77	19
77	20
77	21
77	23
77	24
77	25
77	26
77	27
77	28
77	29
77	30
77	34
77	35
77	36
77	37
77	47
77	50
77	51
77	52
77	55
77	56
77	57
77	60
77	61
77	62
77	64
77	65
77	70
77	71
77	72
77	73
77	74
77	75
77	76
77	77
77	78
77	79
77	81
77	84
77	85
77	86
77	87
77	88
77	89
77	90
77	91
77	92
77	93
77	94
77	95
77	96
77	97
77	98
77	99
77	100
77	101
77	102
77	103
77	104
77	105
77	106
77	107
77	108
77	110
77	112
77	113
77	114
77	115
77	117
77	118
77	119
77	120
77	123
77	126
77	127
78	8
78	9
78	10
78	11
78	12
78	13
78	14
78	15
78	16
78	17
78	18
78	19
78	21
78	22
78	23
78	24
78	25
78	28
78	30
78	32
78	33
78	34
78	35
78	37
78	57
78	58
78	59
78	60
78	61
78	62
78	63
78	64
78	65
78	70
78	71
78	72
78	73
78	74
78	75
78	76
78	78
78	79
78	80
78	81
78	82
78	84
78	85
78	86
78	88
78	90
78	91
78	92
78	93
78	94
78	95
78	97
78	98
78	99
78	100
78	101
78	102
78	103
78	104
78	105
78	106
78	107
78	108
78	109
78	110
78	111
78	112
78	113
78	114
78	115
78	116
78	117
78	122
78	123
79	2
79	3
79	4
79	5
79	6
79	7
79	8
79	9
79	10
79	11
79	12
79	13
79	14
79	15
79	16
79	17
79	19
79	20
79	21
79	22
79	23
79	30
79	31
79	32
79	33
79	34
79	35
79	37
79	38
79	51
79	52
79	53
79	57
79	60
79	62
79	63
79	64
79	65
79	69
79	70
79	71
79	72
79	73
79	74
79	75
79	76
79	77
79	78
79	79
79	80
79	81
79	82
79	83
79	84
79	85
79	86
79	91
79	92
79	93
79	94
79	99
79	100
79	101
79	102
79	103
79	104
79	105
79	106
79	109
79	110
79	111
79	112
79	113
79	114
79	115
79	117
79	122
79	123
79	124
79	125
79	126
80	0
80	1
80	2
80	3
80	4
80	6
80	7
80	8
80	9
80	10
80	12
80	13
80	14
80	15
80	16
80	18
80	19
80	20
80	21
80	22
80	24
80	25
80	26
80	28
80	30
80	31
80	32
80	33
80	34
80	47
80	51
80	52
80	53
80	54
80	55
80	61
80	62
80	63
80	64
80	68
80	69
80	70
80	71
80	72
80	75
80	76
80	77
80	78
80	79
80	80
80	81
80	82
80	83
80	84
80	85
80	86
80	87
80	90
80	91
80	92
80	93
80	94
80	95
80	99
80	100
80	101
80	102
80	103
80	104
80	105
80	106
80	107
80	108
80	109
80	110
80	111
80	112
80	113
80	114
80	121
80	122
80	123
80	124
80	125
80	126
80	127
81	3
81	6
81	8
81	9
81	10
81	11
81	12
81	13
81	14
81	15
81	16
81	17
81	18
81	19
81	20
81	21
81	30
81	31
81	32
81	44
81	53
81	54
81	55
81	56
81	57
81	58
81	59
81	62
81	63
81	64
81	65
81	68
81	69
81	70
81	71
81	76
81	77
81	78
81	79
81	80
81	81
81	82
81	83
81	84
81	85
81	88
81	90
81	91
81	92
81	93
81	94
81	100
81	101
81	102
81	103
81	104
81	106
81	107
81	108
81	109
81	110
81	111
81	121
81	122
81	124
81	125
81	126
81	127
82	7
82	8
82	9
82	11
82	12
82	13
82	14
82	15
82	16
82	17
82	18
82	19
82	20
82	21
82	22
82	23
82	24
82	28
82	29
82	30
82	31
82	32
82	36
82	37
82	38
82	43
82	44
82	46
82	49
82	52
82	53
82	54
82	55
82	56
82	57
82	58
82	60
82	64
82	65
82	66
82	67
82	68
82	69
82	80
82	81
82	84
82	88
82	90
82	93
82	94
82	101
82	102
82	103
82	104
82	105
82	106
82	107
82	108
82	109
82	111
82	112
82	113
82	114
82	115
82	116
82	117
82	121
82	124
82	127
83	7
83	8
83	9
83	11
83	12
83	13
83	14
83	15
83	20
83	21
83	22
83	23
83	24
83	28
83	29
83	30
83	31
83	35
83	36
83	37
83	43
83	44
83	45
83	51
83	52
83	53
83	54
83	55
83	56
83	57
83	58
83	59
83	60
83	61
83	62
83	63
83	64
83	65
83	66
83	67
83	68
83	69
83	78
83	79
83	88
83	89
83	90
83	91
83	102
83	103
83	104
83	105
83	107
83	109
83	110
83	111
83	112
83	113
83	123
83	124
83	125
83	126
83	127
84	11
84	12
84	13
84	14
84	15
84	19
84	21
84	22
84	23
84	24
84	28
84	29
84	31
84	34
84	35
84	36
84	38
84	42
84	43
84	44
84	45
84	51
84	52
84	53
84	54
84	57
84	58
84	59
84	60
84	61
84	63
84	64
84	65
84	66
84	67
84	68
84	69
84	82
84	83
84	96
84	102
84	103
84	104
84	105
84	109
84	110
84	111
84	112
84	123
84	124
84	125
84	126
84	127
85	0
85	1
85	3
85	11
85	12
85	13
85	14
85	15
85	19
85	20
85	21
85	22
85	23
85	26
85	27
85	28
85	29
85	30
85	31
85	32
85	34
85	36
85	37
85	38
85	39
85	40
85	41
85	43
85	44
85	58
85	59
85	60
85	61
85	66
85	67
85	69
85	70
85	76
85	81
85	82
85	83
85	84
85	85
85	102
85	103
85	104
85	105
85	109
85	110
85	111
85	112
85	122
85	123
85	124
85	126
85	127
86	3
86	12
86	13
86	14
86	19
86	20
86	21
86	22
86	23
86	24
86	25
86	26
86	27
86	30
86	32
86	33
86	34
86	35
86	36
86	37
86	38
86	39
86	40
86	41
86	42
86	43
86	44
86	45
86	46
86	55
86	58
86	59
86	60
86	61
86	66
86	67
86	69
86	70
86	71
86	84
86	85
86	99
86	100
86	102
86	103
86	107
86	108
86	109
86	110
86	111
86	112
86	113
86	121
86	122
86	123
86	124
86	125
86	126
87	1
87	3
87	4
87	15
87	16
87	17
87	18
87	19
87	20
87	21
87	22
87	23
87	24
87	25
87	26
87	27
87	28
87	29
87	30
87	31
87	32
87	33
87	34
87	35
87	36
87	37
87	38
87	39
87	40
87	41
87	42
87	43
87	44
87	45
87	46
87	47
87	48
87	49
87	51
87	52
87	54
87	55
87	56
87	57
87	58
87	59
87	60
87	61
87	66
87	67
87	69
87	70
87	94
87	95
87	99
87	101
87	102
87	103
87	104
87	105
87	106
87	107
87	108
87	109
87	110
87	117
87	124
87	125
87	126
88	1
88	2
88	3
88	4
88	5
88	15
88	16
88	17
88	18
88	19
88	20
88	21
88	22
88	23
88	24
88	25
88	26
88	27
88	29
88	30
88	31
88	32
88	33
88	34
88	35
88	36
88	37
88	38
88	39
88	40
88	41
88	42
88	43
88	44
88	45
88	46
88	47
88	48
88	50
88	51
88	52
88	55
88	56
88	57
88	58
88	59
88	60
88	61
88	65
88	66
88	67
88	68
88	69
88	79
88	95
88	102
88	103
88	104
88	105
88	106
88	107
88	108
88	109
88	110
88	111
88	116
88	124
88	125
88	126
88	127
89	1
89	2
89	4
89	5
89	16
89	17
89	23
89	24
89	26
89	27
89	28
89	29
89	30
89	31
89	32
89	33
89	34
89	35
89	36
89	37
89	38
89	39
89	40
89	41
89	42
89	43
89	44
89	45
89	50
89	51
89	55
89	57
89	58
89	59
89	60
89	61
89	62
89	63
89	65
89	66
89	67
89	68
89	69
89	84
89	101
89	102
89	105
89	106
89	107
89	108
89	109
89	110
89	111
89	112
89	124
89	125
89	126
90	1
90	2
90	3
90	4
90	5
90	7
90	10
90	11
90	16
90	19
90	23
90	24
90	27
90	28
90	29
90	30
90	31
90	32
90	33
90	34
90	35
90	37
90	38
90	39
90	40
90	41
90	42
90	43
90	44
90	45
90	46
90	47
90	50
90	51
90	55
90	56
90	57
90	59
90	61
90	62
90	63
90	64
90	65
90	66
90	77
90	78
90	79
90	80
90	81
90	82
90	83
90	84
90	85
90	87
90	101
90	102
90	104
90	105
90	106
90	108
90	109
90	110
90	111
90	113
90	114
90	124
90	125
90	126
91	1
91	2
91	3
91	4
91	5
91	6
91	7
91	14
91	16
91	17
91	23
91	24
91	25
91	26
91	27
91	28
91	30
91	31
91	32
91	33
91	34
91	35
91	36
91	37
91	38
91	39
91	40
91	41
91	42
91	43
91	44
91	46
91	47
91	50
91	51
91	55
91	56
91	57
91	58
91	59
91	61
91	62
91	63
91	64
91	65
91	77
91	78
91	79
91	80
91	81
91	82
91	83
91	84
91	85
91	86
91	87
91	88
91	95
91	96
91	97
91	98
91	99
91	101
91	102
91	104
91	108
91	109
91	110
91	111
91	113
91	114
91	115
92	1
92	2
92	3
92	5
92	6
92	9
92	16
92	21
92	22
92	23
92	24
92	25
92	26
92	27
92	28
92	30
92	31
92	32
92	33
92	34
92	35
92	36
92	37
92	38
92	39
92	40
92	41
92	42
92	44
92	49
92	50
92	54
92	55
92	56
92	57
92	58
92	59
92	60
92	61
92	62
92	63
92	67
92	68
92	69
92	71
92	72
92	73
92	75
92	76
92	77
92	78
92	80
92	81
92	82
92	83
92	84
92	86
92	87
92	88
92	89
92	96
92	98
92	99
92	100
92	101
92	102
92	103
92	104
92	106
92	110
92	113
92	114
92	115
92	120
93	2
93	3
93	5
93	6
93	7
93	16
93	17
93	21
93	27
93	28
93	31
93	32
93	34
93	35
93	36
93	37
93	38
93	39
93	40
93	41
93	42
93	44
93	46
93	47
93	48
93	49
93	52
93	53
93	54
93	55
93	56
93	57
93	58
93	59
93	60
93	61
93	62
93	66
93	67
93	68
93	69
93	71
93	72
93	73
93	76
93	78
93	80
93	81
93	82
93	83
93	84
93	85
93	86
93	87
93	88
93	89
93	90
93	91
93	92
93	96
93	97
93	98
93	99
93	100
93	101
93	102
93	103
93	106
93	107
93	110
93	111
93	113
93	114
93	119
93	120
93	125
93	126
93	127
94	2
94	3
94	4
94	5
94	6
94	11
94	12
94	14
94	21
94	22
94	27
94	30
94	31
94	34
94	35
94	36
94	37
94	38
94	39
94	40
94	41
94	42
94	43
94	46
94	47
94	48
94	49
94	52
94	53
94	54
94	55
94	56
94	57
94	58
94	59
94	60
94	61
94	62
94	63
94	67
94	68
94	69
94	70
94	72
94	73
94	74
94	78
94	80
94	81
94	82
94	83
94	84
94	85
94	86
94	87
94	88
94	89
94	90
94	91
94	92
94	93
94	94
94	96
94	97
94	98
94	99
94	100
94	101
94	103
94	105
94	106
94	107
94	109
94	110
94	111
94	123
94	125
94	126
94	127
95	0
95	1
95	2
95	3
95	4
95	5
95	6
95	7
95	21
95	32
95	34
95	35
95	36
95	37
95	38
95	39
95	40
95	41
95	42
95	45
95	46
95	47
95	48
95	49
95	53
95	54
95	56
95	57
95	58
95	59
95	60
95	61
95	62
95	63
95	67
95	68
95	69
95	70
95	78
95	80
95	81
95	82
95	84
95	85
95	86
95	87
95	88
95	89
95	90
95	91
95	92
95	93
95	94
95	96
95	98
95	99
95	100
95	101
95	102
95	103
95	104
95	105
95	106
95	107
95	108
95	110
95	111
95	112
95	123
95	124
95	125
95	126
95	127
96	0
96	1
96	2
96	3
96	4
96	5
96	6
96	7
96	8
96	21
96	26
96	29
96	36
96	38
96	39
96	40
96	41
96	42
96	44
96	45
96	46
96	47
96	48
96	49
96	52
96	53
96	56
96	57
96	58
96	59
96	61
96	62
96	63
96	67
96	68
96	69
96	70
96	77
96	78
96	79
96	80
96	81
96	82
96	83
96	84
96	85
96	86
96	87
96	88
96	89
96	90
96	92
96	93
96	97
96	98
96	99
96	100
96	101
96	102
96	103
96	105
96	106
96	107
96	108
96	109
96	110
96	122
96	123
96	124
96	125
96	126
96	127
97	0
97	1
97	2
97	3
97	4
97	5
97	18
97	19
97	28
97	29
97	32
97	33
97	34
97	35
97	36
97	37
97	39
97	40
97	41
97	42
97	43
97	44
97	45
97	46
97	47
97	49
97	50
97	51
97	52
97	53
97	54
97	55
97	56
97	57
97	58
97	61
97	62
97	67
97	68
97	69
97	70
97	71
97	72
97	76
97	77
97	78
97	79
97	80
97	81
97	82
97	83
97	84
97	85
97	86
97	87
97	88
97	89
97	90
97	92
97	93
97	97
97	98
97	99
97	100
97	101
97	102
97	105
97	106
97	108
97	109
97	110
97	115
97	116
97	122
97	123
97	124
97	125
97	126
98	0
98	1
98	2
98	3
98	4
98	5
98	6
98	7
98	9
98	11
98	15
98	16
98	17
98	18
98	19
98	25
98	32
98	33
98	34
98	35
98	36
98	37
98	38
98	39
98	40
98	41
98	42
98	43
98	44
98	45
98	46
98	47
98	48
98	49
98	50
98	51
98	52
98	53
98	54
98	55
98	56
98	57
98	58
98	70
98	71
98	76
98	79
98	80
98	83
98	84
98	85
98	86
98	88
98	89
98	92
98	93
98	94
98	97
98	100
98	101
98	106
98	109
98	110
98	111
98	115
98	116
98	122
98	123
98	124
98	125
98	126
99	0
99	1
99	2
99	3
99	4
99	5
99	6
99	7
99	9
99	10
99	11
99	16
99	18
99	19
99	20
99	21
99	27
99	32
99	33
99	37
99	38
99	39
99	40
99	41
99	42
99	43
99	45
99	46
99	47
99	49
99	50
99	51
99	52
99	53
99	54
99	55
99	56
99	57
99	58
99	69
99	70
99	71
99	72
99	75
99	83
99	84
99	85
99	86
99	87
99	88
99	90
99	92
99	93
99	94
99	95
99	96
99	97
99	98
99	99
99	100
99	101
99	102
99	103
99	104
99	105
99	119
99	121
99	122
99	123
99	124
99	125
99	126
99	127
100	0
100	1
100	2
100	3
100	4
100	5
100	6
100	7
100	8
100	9
100	10
100	11
100	14
100	16
100	18
100	19
100	20
100	21
100	22
100	27
100	32
100	39
100	40
100	41
100	42
100	43
100	44
100	45
100	46
100	47
100	48
100	49
100	50
100	51
100	52
100	53
100	55
100	56
100	65
100	66
100	71
100	82
100	83
100	84
100	85
100	86
100	87
100	88
100	89
100	91
100	92
100	93
100	94
100	95
100	96
100	97
100	98
100	99
100	100
100	101
100	102
100	103
100	104
100	105
100	118
100	119
100	120
100	121
100	122
100	123
100	124
100	125
100	126
100	127
101	0
101	1
101	2
101	3
101	4
101	5
101	6
101	7
101	8
101	9
101	10
101	11
101	13
101	18
101	19
101	20
101	27
101	28
101	29
101	30
101	33
101	34
101	36
101	38
101	39
101	40
101	41
101	42
101	43
101	44
101	45
101	46
101	47
101	48
101	49
101	50
101	51
101	52
101	53
101	54
101	60
101	62
101	65
101	66
101	68
101	82
101	83
101	84
101	85
101	86
101	87
101	88
101	89
101	90
101	93
101	94
101	95
101	96
101	97
101	98
101	99
101	100
101	101
101	102
101	103
101	104
101	105
101	106
101	110
101	117
101	118
101	119
101	120
101	121
101	122
101	123
101	124
101	125
101	126
101	127
102	0
102	1
102	2
102	3
102	4
102	5
102	6
102	7
102	8
102	9
102	10
102	11
102	13
102	29
102	30
102	31
102	32
102	33
102	34
102	35
102	36
102	38
102	39
102	40
102	41
102	42
102	43
102	44
102	45
102	46
102	47
102	48
102	49
102	51
102	52
102	53
102	56
102	60
102	63
102	64
102	65
102	66
102	67
102	68
102	72
102	73
102	74
102	82
102	83
102	84
102	85
102	86
102	87
102	88
102	89
102	90
102	93
102	94
102	96
102	97
102	99
102	100
102	101
102	102
102	103
102	104
102	105
102	106
102	109
102	110
102	111
102	112
102	113
102	114
102	115
102	116
102	117
102	120
102	121
102	122
102	123
102	124
102	125
102	126
102	127
103	0
103	1
103	2
103	3
103	4
103	5
103	9
103	34
103	35
103	36
103	38
103	39
103	40
103	41
103	42
103	43
103	45
103	46
103	47
103	48
103	49
103	50
103	51
103	52
103	53
103	56
103	62
103	63
103	64
103	66
103	72
103	73
103	74
103	75
103	76
103	80
103	81
103	82
103	83
103	84
103	85
103	86
103	87
103	88
103	89
103	93
103	94
103	96
103	97
103	100
103	101
103	102
103	103
103	104
103	105
103	106
103	107
103	108
103	109
103	110
103	111
103	112
103	113
103	114
103	115
103	116
103	117
103	118
103	120
103	121
103	122
103	123
103	124
103	125
103	126
103	127
104	0
104	1
104	2
104	3
104	12
104	13
104	14
104	24
104	35
104	36
104	40
104	42
104	43
104	44
104	45
104	47
104	48
104	49
104	50
104	51
104	52
104	53
104	64
104	65
104	74
104	75
104	76
104	81
104	82
104	83
104	84
104	85
104	87
104	94
104	95
104	96
104	97
104	98
104	99
104	100
104	102
104	103
104	104
104	105
104	106
104	107
104	108
104	109
104	110
104	111
104	112
104	113
104	114
104	115
104	116
104	120
104	121
104	122
104	123
104	124
104	125
104	126
104	127
105	0
105	1
105	2
105	3
105	13
105	14
105	18
105	22
105	27
105	29
105	36
105	40
105	43
105	44
105	45
105	46
105	47
105	48
105	49
105	50
105	51
105	52
105	56
105	65
105	74
105	75
105	76
105	81
105	95
105	96
105	97
105	99
105	100
105	102
105	103
105	104
105	105
105	106
105	107
105	108
105	109
105	110
105	111
105	112
105	113
105	114
105	115
105	116
105	120
105	123
105	127
106	0
106	1
106	2
106	3
106	4
106	23
106	32
106	33
106	37
106	40
106	41
106	42
106	44
106	45
106	46
106	47
106	48
106	49
106	50
106	51
106	64
106	65
106	67
106	68
106	79
106	95
106	96
106	97
106	98
106	99
106	100
106	101
106	104
106	105
106	106
106	107
106	108
106	109
106	110
106	111
106	112
106	114
106	115
106	123
106	124
106	127
107	3
107	4
107	5
107	18
107	32
107	33
107	40
107	41
107	42
107	44
107	46
107	47
107	49
107	50
107	51
107	57
107	58
107	61
107	66
107	67
107	69
107	79
107	95
107	96
107	97
107	98
107	101
107	102
107	104
107	105
107	109
107	110
107	111
107	112
107	113
107	114
107	122
107	123
107	124
108	0
108	1
108	3
108	9
108	28
108	46
108	47
108	48
108	49
108	50
108	51
108	52
108	53
108	57
108	61
108	62
108	63
108	64
108	65
108	66
108	67
108	68
108	69
108	71
108	97
108	98
108	102
108	103
108	105
108	106
108	107
108	110
108	111
108	122
108	123
108	124
108	126
108	127
109	0
109	1
109	2
109	3
109	9
109	10
109	15
109	40
109	47
109	49
109	50
109	51
109	52
109	53
109	54
109	55
109	56
109	58
109	63
109	64
109	65
109	66
109	67
109	68
109	69
109	94
109	95
109	96
109	97
109	98
109	99
109	100
109	101
109	104
109	105
109	106
109	107
109	108
109	109
109	110
109	111
109	113
109	114
109	115
109	116
109	117
109	118
109	119
109	120
109	123
109	124
109	125
109	126
109	127
110	0
110	1
110	2
110	3
110	5
110	10
110	11
110	12
110	49
110	50
110	51
110	52
110	53
110	54
110	55
110	56
110	58
110	62
110	65
110	66
110	67
110	68
110	69
110	84
110	94
110	95
110	96
110	97
110	98
110	99
110	100
110	101
110	102
110	103
110	104
110	105
110	106
110	107
110	108
110	109
110	110
110	111
110	112
110	113
110	114
110	115
110	116
110	118
110	119
110	120
110	123
110	126
110	127
111	0
111	1
111	2
111	3
111	4
111	5
111	10
111	11
111	26
111	27
111	28
111	29
111	30
111	49
111	50
111	51
111	52
111	53
111	54
111	55
111	56
111	61
111	62
111	65
111	66
111	67
111	68
111	69
111	96
111	98
111	99
111	100
111	101
111	102
111	103
111	104
111	105
111	106
111	107
111	109
111	110
111	111
111	113
111	114
111	115
111	116
111	117
111	119
111	120
111	123
111	124
111	126
111	127
112	0
112	1
112	2
112	3
112	4
112	5
112	9
112	10
112	11
112	22
112	28
112	31
112	34
112	38
112	40
112	41
112	48
112	49
112	50
112	51
112	52
112	53
112	54
112	55
112	57
112	58
112	61
112	62
112	63
112	64
112	65
112	66
112	67
112	68
112	89
112	90
112	91
112	98
112	99
112	100
112	101
112	102
112	103
112	104
112	105
112	110
112	111
112	112
112	113
112	114
112	115
112	116
112	117
112	118
112	119
112	120
112	121
112	122
112	123
112	124
112	125
112	126
112	127
113	0
113	1
113	2
113	3
113	4
113	5
113	21
113	22
113	23
113	28
113	50
113	51
113	52
113	53
113	54
113	57
113	58
113	59
113	60
113	62
113	63
113	64
113	65
113	66
113	67
113	68
113	69
113	83
113	88
113	89
113	90
113	91
113	100
113	102
113	103
113	105
113	107
113	108
113	111
113	112
113	113
113	114
113	115
113	116
113	119
113	120
113	121
113	122
113	123
113	124
113	125
113	126
113	127
114	0
114	2
114	3
114	4
114	5
114	6
114	11
114	21
114	22
114	23
114	24
114	29
114	35
114	36
114	37
114	38
114	39
114	41
114	42
114	45
114	50
114	51
114	52
114	53
114	54
114	55
114	59
114	60
114	63
114	64
114	66
114	67
114	68
114	69
114	76
114	88
114	89
114	90
114	91
114	105
114	106
114	107
114	108
114	111
114	112
114	113
114	114
114	115
114	116
114	117
114	118
114	119
114	122
114	125
114	126
114	127
115	1
115	3
115	22
115	23
115	24
115	25
115	39
115	40
115	42
115	47
115	48
115	49
115	50
115	51
115	52
115	53
115	54
115	59
115	60
115	61
115	62
115	63
115	64
115	65
115	66
115	67
115	68
115	73
115	74
115	75
115	76
115	82
115	86
115	87
115	88
115	89
115	90
115	91
115	93
115	104
115	105
115	106
115	107
115	108
115	109
115	110
115	117
115	118
115	119
115	120
115	121
115	122
115	125
115	126
115	127
116	19
116	22
116	23
116	24
116	30
116	38
116	39
116	40
116	42
116	46
116	47
116	48
116	50
116	51
116	52
116	53
116	54
116	57
116	59
116	60
116	61
116	74
116	75
116	76
116	78
116	79
116	80
116	81
116	82
116	83
116	103
116	104
116	105
116	106
116	107
116	109
116	118
116	119
116	120
116	121
116	125
116	126
116	127
117	4
117	5
117	27
117	35
117	38
117	39
117	40
117	42
117	44
117	45
117	46
117	47
117	48
117	49
117	50
117	52
117	53
117	54
117	57
117	58
117	59
117	60
117	61
117	62
117	74
117	75
117	78
117	79
117	80
117	81
117	82
117	83
117	104
117	105
117	106
117	107
117	116
117	117
117	118
117	119
117	123
117	124
117	125
117	126
117	127
118	4
118	5
118	11
118	12
118	13
118	19
118	27
118	38
118	39
118	41
118	42
118	44
118	45
118	46
118	47
118	48
118	49
118	50
118	51
118	52
118	53
118	54
118	57
118	58
118	59
118	60
118	61
118	62
118	63
118	77
118	78
118	79
118	80
118	81
118	82
118	83
118	91
118	92
118	104
118	105
118	106
118	107
118	108
118	109
118	112
118	113
118	118
118	119
118	121
118	122
118	123
118	124
118	125
119	0
119	4
119	5
119	12
119	13
119	14
119	37
119	38
119	39
119	40
119	41
119	42
119	43
119	44
119	45
119	46
119	47
119	48
119	49
119	51
119	53
119	54
119	55
119	56
119	59
119	60
119	61
119	62
119	63
119	64
119	65
119	67
119	77
119	79
119	80
119	81
119	82
119	83
119	93
119	103
119	104
119	105
119	106
119	107
119	108
119	109
119	113
119	119
119	121
119	122
119	123
119	124
119	125
119	126
119	127
120	3
120	4
120	5
120	6
120	7
120	8
120	9
120	13
120	14
120	15
120	16
120	17
120	22
120	23
120	24
120	38
120	39
120	40
120	41
120	42
120	43
120	44
120	45
120	46
120	47
120	50
120	51
120	52
120	53
120	54
120	55
120	56
120	59
120	62
120	63
120	64
120	65
120	66
120	79
120	80
120	81
120	82
120	83
120	99
120	102
120	103
120	104
120	105
120	106
120	107
120	108
120	109
120	110
120	111
120	113
120	119
120	120
120	121
120	122
120	123
120	124
120	125
120	127
121	1
121	2
121	3
121	4
121	5
121	6
121	7
121	8
121	13
121	14
121	15
121	17
121	18
121	19
121	22
121	23
121	24
121	25
121	37
121	38
121	39
121	40
121	41
121	42
121	43
121	44
121	46
121	47
121	49
121	50
121	51
121	52
121	53
121	59
121	60
121	61
121	62
121	63
121	64
121	65
121	66
121	80
121	81
121	82
121	83
121	99
121	102
121	103
121	104
121	108
121	109
121	110
121	111
121	112
121	122
121	123
121	124
121	125
121	127
122	0
122	1
122	2
122	3
122	4
122	5
122	6
122	7
122	8
122	13
122	14
122	15
122	16
122	17
122	18
122	19
122	20
122	22
122	35
122	36
122	37
122	38
122	39
122	40
122	41
122	47
122	48
122	49
122	50
122	51
122	52
122	53
122	57
122	59
122	60
122	61
122	62
122	63
122	64
122	65
122	66
122	67
122	68
122	75
122	78
122	79
122	80
122	81
122	82
122	83
122	89
122	90
122	91
122	92
122	94
122	95
122	96
122	97
122	104
122	108
122	110
122	111
122	112
122	117
122	122
122	123
122	124
122	125
122	127
123	0
123	1
123	2
123	4
123	5
123	6
123	7
123	8
123	9
123	10
123	12
123	13
123	14
123	15
123	16
123	17
123	19
123	20
123	25
123	31
123	32
123	35
123	36
123	37
123	38
123	39
123	40
123	46
123	47
123	48
123	49
123	50
123	51
123	52
123	57
123	58
123	59
123	60
123	61
123	62
123	63
123	66
123	67
123	68
123	69
123	70
123	71
123	72
123	73
123	75
123	78
123	79
123	80
123	81
123	82
123	83
123	84
123	90
123	91
123	92
123	95
123	97
123	101
123	107
123	108
123	110
123	112
123	117
123	119
123	122
123	123
123	124
123	126
123	127
124	0
124	1
124	2
124	3
124	4
124	5
124	6
124	7
124	8
124	9
124	10
124	11
124	12
124	13
124	14
124	15
124	16
124	19
124	20
124	21
124	25
124	27
124	28
124	29
124	30
124	31
124	32
124	34
124	35
124	36
124	37
124	38
124	39
124	40
124	41
124	42
124	43
124	44
124	45
124	46
124	47
124	48
124	49
124	50
124	51
124	57
124	58
124	59
124	60
124	61
124	62
124	63
124	66
124	67
124	68
124	69
124	70
124	71
124	72
124	73
124	74
124	75
124	77
124	78
124	79
124	80
124	81
124	82
124	83
124	84
124	85
124	86
124	87
124	88
124	89
124	90
124	91
124	92
124	93
124	97
124	106
124	107
124	108
124	109
124	111
124	112
124	117
124	119
124	126
124	127
125	1
125	2
125	3
125	4
125	5
125	6
125	7
125	8
125	9
125	10
125	11
125	12
125	13
125	14
125	15
125	16
125	18
125	19
125	20
125	21
125	26
125	27
125	28
125	29
125	30
125	31
125	32
125	33
125	35
125	36
125	37
125	38
125	39
125	40
125	41
125	42
125	43
125	44
125	45
125	46
125	47
125	48
125	49
125	50
125	51
125	56
125	57
125	58
125	59
125	60
125	61
125	62
125	63
125	64
125	67
125	68
125	69
125	70
125	71
125	72
125	74
125	77
125	78
125	79
125	80
125	81
125	82
125	84
125	85
125	86
125	87
125	88
125	89
125	90
125	91
125	92
125	97
125	108
125	109
125	110
125	111
125	112
125	113
125	114
125	115
125	116
125	117
125	118
125	119
125	120
125	121
125	126
125	127
126	1
126	2
126	3
126	4
126	5
126	7
126	8
126	9
126	10
126	11
126	12
126	13
126	14
126	15
126	16
126	17
126	18
126	19
126	20
126	21
126	22
126	25
126	28
126	29
126	30
126	31
126	32
126	33
126	34
126	35
126	36
126	37
126	38
126	40
126	41
126	42
126	45
126	46
126	47
126	48
126	49
126	50
126	56
126	57
126	58
126	59
126	60
126	61
126	62
126	64
126	69
126	70
126	71
126	72
126	73
126	74
126	75
126	76
126	84
126	85
126	86
126	87
126	88
126	89
126	90
126	91
126	92
126	93
126	94
126	95
126	97
126	98
126	99
126	100
126	106
126	107
126	108
126	109
126	114
126	115
126	116
126	117
126	118
126	119
126	120
126	126
127	2
127	3
127	4
127	5
127	6
127	7
127	8
127	9
127	10
127	13
127	14
127	16
127	17
127	18
127	19
127	21
127	22
127	27
127	28
127	32
127	33
127	34
127	36
127	37
127	38
127	39
127	40
127	41
127	42
127	45
127	46
127	47
127	56
127	57
127	59
127	60
127	69
127	70
127	71
127	72
127	73
127	74
127	75
127	76
127	77
127	79
127	84
127	85
127	86
127	87
127	88
127	89
127	90
127	91
127	92
127	93
127	94
127	95
127	96
127	97
127	106
127	107
127	115
127	116
127	117
127	118
127	119
127	120
127	121
127	125
127	126
127	127
