size	128
T	2.5
J	1
H	0
x	y
0	0
0	15
0	16
0	24
0	27
0	28
0	29
0	30
0	31
0	45
0	47
0	48
0	55
0	56
0	62
0	63
0	64
0	65
0	67
0	68
0	69
0	73
0	81
0	82
0	83
0	84
0	92
0	93
0	94
0	95
0	96
0	97
0	98
0	99
0	100
0	106
0	107
0	108
0	111
0	116
0	117
0	127
1	0
1	15
1	26
1	27
1	28
1	29
1	30
1	31
1	47
1	56
1	57
1	61
1	62
1	63
1	64
1	65
1	66
1	67
1	68
1	83
1	84
1	85
1	86
1	87
1	88
1	89
1	90
1	91
1	92
1	93
1	94
1	95
1	96
1	99
1	100
1	101
1	102
1	108
1	109
1	123
1	124
1	125
1	126
1	127
2	0
2	6
2	16
2	26
2	28
2	29
2	30
2	40
2	46
2	47
2	61
2	62
2	63
2	65
2	66
2	67
2	68
2	69
2	83
2	84
2	85
2	86
2	87
2	88
2	89
2	90
2	91
2	92
2	93
2	95
2	96
2	97
2	99
2	100
2	101
2	113
2	114
2	124
2	125
2	126
2	127
3	3
3	6
3	7
3	16
3	43
3	44
3	45
3	46
3	55
3	61
3	62
3	63
3	64
3	65
3	66
3	67
3	68
3	72
3	82
3	83
3	84
3	85
3	86
3	87
3	88
3	89
3	90
3	91
3	92
3	93
3	94
3	95
3	96
3	97
3	99
3	100
3	101
3	103
3	111
3	113
3	125
3	127
4	1
4	5
4	6
4	7
4	8
4	12
4	18
4	34
4	43
4	44
4	45
4	46
4	60
4	61
4	66
4	71
4	72
4	73
4	74
4	75
4	76
4	79
4	80
4	81
4	82
4	83
4	84
4	85
4	86
4	87
4	88
4	89
4	90
4	91
4	92
4	93
4	94
4	95
4	97
4	98
4	99
4	100
4	101
4	103
4	104
4	111
4	112
4	113
4	114
4	126
5	5
5	6
5	7
5	8
5	9
5	10
5	12
5	32
5	33
5	43
5	46
5	53
5	63
5	75
5	76
5	83
5	84
5	85
5	86
5	87
5	88
5	89
5	91
5	92
5	93
5	94
5	95
5	96
5	97
5	98
5	99
5	100
5	101
5	102
5	103
5	104
5	112
5	113
5	114
6	5
6	6
6	7
6	8
6	9
6	10
6	13
6	14
6	18
6	30
6	31
6	32
6	33
6	43
6	44
6	58
6	59
6	76
6	77
6	79
6	82
6	83
6	84
6	85
6	86
6	87
6	91
6	92
6	93
6	94
6	95
6	96
6	97
6	98
6	99
6	100
6	101
6	102
6	104
6	105
6	106
6	107
6	122
7	5
7	6
7	7
7	8
7	9
7	14
7	15
7	17
7	18
7	19
7	24
7	29
7	30
7	32
7	33
7	34
7	35
7	57
7	58
7	59
7	60
7	61
7	65
7	74
7	75
7	76
7	77
7	78
7	79
7	80
7	81
7	83
7	84
7	85
7	86
7	87
7	88
7	89
7	93
7	94
7	95
7	96
7	97
7	98
7	99
7	100
7	101
7	103
7	104
7	105
7	106
7	107
7	109
7	124
8	1
8	2
8	3
8	6
8	7
8	8
8	9
8	10
8	11
8	12
8	13
8	14
8	19
8	21
8	30
8	32
8	33
8	57
8	58
8	59
8	60
8	61
8	69
8	73
8	74
8	75
8	77
8	78
8	79
8	80
8	81
8	82
8	83
8	84
8	85
8	86
8	87
8	88
8	90
8	91
8	92
8	93
8	94
8	95
8	96
8	97
8	98
8	99
8	100
8	101
8	102
8	104
8	105
8	106
8	109
8	123
8	124
8	125
8	126
8	127
9	1
9	2
9	3
9	4
9	5
9	6
9	7
9	8
9	9
9	10
9	11
9	12
9	13
9	14
9	16
9	17
9	33
9	52
9	53
9	54
9	56
9	57
9	58
9	59
9	60
9	61
9	62
9	63
9	64
9	68
9	69
9	72
9	73
9	74
9	75
9	76
9	77
9	78
9	79
9	80
9	81
9	82
9	83
9	84
9	85
9	86
9	87
9	88
9	89
9	90
9	91
9	92
9	93
9	94
9	95
9	96
9	97
9	98
9	99
9	101
9	102
9	109
9	123
9	126
9	127
10	1
10	2
10	3
10	4
10	5
10	6
10	7
10	8
10	9
10	10
10	11
10	13
10	14
10	26
10	27
10	47
10	52
10	53
10	54
10	55
10	56
10	57
10	58
10	59
10	60
10	61
10	62
10	63
10	64
10	70
10	71
10	72
10	73
10	74
10	75
10	77
10	78
10	79
10	80
10	81
10	82
10	83
10	84
10	85
10	86
10	87
10	88
10	89
10	90
10	91
10	92
10	93
10	94
10	95
10	96
10	97
10	98
10	123
11	1
11	2
11	3
11	4
11	5
11	6
11	7
11	8
11	9
11	10
11	11
11	12
11	13
11	14
11	15
11	23
11	37
11	49
11	51
11	52
11	53
11	54
11	55
11	57
11	58
11	59
11	60
11	61
11	62
11	63
11	64
11	68
11	69
11	70
11	71
11	72
11	73
11	74
11	75
11	76
11	77
11	79
11	80
11	81
11	82
11	83
11	87
11	88
11	89
11	90
11	91
11	92
11	93
11	94
11	95
11	96
11	98
11	101
11	102
11	103
11	104
11	106
11	127
12	1
12	2
12	3
12	4
12	5
12	6
12	7
12	8
12	9
12	10
12	11
12	12
12	13
12	14
12	15
12	21
12	23
12	31
12	51
12	52
12	53
12	54
12	55
12	56
12	57
12	58
12	59
12	60
12	61
12	62
12	63
12	68
12	69
12	70
12	71
12	72
12	73
12	74
12	76
12	77
12	78
12	80
12	81
12	82
12	83
12	87
12	88
12	89
12	90
12	91
12	92
12	93
12	94
12	101
12	102
12	104
12	118
12	127
13	1
13	2
13	3
13	4
13	5
13	6
13	7
13	8
13	9
13	10
13	11
13	12
13	13
13	14
13	15
13	16
13	17
13	18
13	22
13	23
13	24
13	29
13	30
13	31
13	32
13	40
13	51
13	52
13	53
13	54
13	55
13	56
13	57
13	58
13	59
13	60
13	68
13	69
13	70
13	71
13	72
13	73
13	75
13	79
13	80
13	81
13	82
13	88
13	89
13	90
13	92
13	93
13	99
13	100
13	101
13	102
13	104
13	105
13	122
13	125
14	2
14	3
14	4
14	5
14	6
14	11
14	12
14	13
14	14
14	15
14	16
14	17
14	18
14	19
14	20
14	21
14	22
14	23
14	24
14	29
14	30
14	31
14	32
14	50
14	51
14	52
14	53
14	54
14	56
14	57
14	58
14	59
14	60
14	61
14	62
14	69
14	70
14	71
14	72
14	73
14	75
14	79
14	80
14	81
14	82
14	88
14	89
14	90
14	91
14	101
14	102
14	103
14	104
14	105
14	115
14	122
15	2
15	3
15	4
15	5
15	6
15	7
15	9
15	10
15	11
15	12
15	13
15	14
15	15
15	16
15	17
15	18
15	19
15	20
15	21
15	22
15	23
15	24
15	28
15	29
15	30
15	31
15	32
15	33
15	34
15	35
15	36
15	44
15	45
15	46
15	47
15	48
15	49
15	50
15	51
15	52
15	53
15	54
15	55
15	56
15	57
15	58
15	60
15	61
15	69
15	72
15	73
15	75
15	80
15	81
15	83
15	84
15	85
15	88
15	89
15	90
15	91
15	96
15	97
15	102
15	103
15	105
15	106
15	107
15	108
15	109
15	126
16	0
16	2
16	3
16	4
16	5
16	6
16	7
16	8
16	9
16	10
16	11
16	13
16	14
16	15
16	16
16	17
16	18
16	19
16	20
16	21
16	22
16	23
16	24
16	29
16	30
16	31
16	32
16	33
16	35
16	44
16	45
16	46
16	47
16	48
16	49
16	50
16	51
16	52
16	53
16	56
16	57
16	58
16	61
16	62
16	65
16	66
16	84
16	85
16	89
16	90
16	91
16	93
16	96
16	97
16	101
16	102
16	103
16	105
16	106
16	107
16	108
16	109
16	112
16	127
17	0
17	1
17	2
17	3
17	4
17	5
17	6
17	7
17	8
17	9
17	10
17	12
17	14
17	16
17	17
17	18
17	19
17	20
17	22
17	23
17	24
17	29
17	30
17	31
17	33
17	44
17	45
17	46
17	47
17	48
17	49
17	50
17	51
17	52
17	53
17	56
17	57
17	58
17	59
17	60
17	61
17	62
17	65
17	66
17	70
17	71
17	72
17	73
17	74
17	82
17	89
17	93
17	94
17	95
17	104
17	105
17	127
18	0
18	1
18	2
18	3
18	4
18	6
18	7
18	8
18	9
18	10
18	11
18	12
18	13
18	15
18	16
18	17
18	18
18	19
18	20
18	21
18	22
18	23
18	28
18	29
18	30
18	32
18	33
18	43
18	44
18	45
18	46
18	47
18	48
18	49
18	50
18	51
18	52
18	53
18	56
18	57
18	58
18	59
18	60
18	61
18	62
18	63
18	65
18	66
18	69
18	70
18	71
18	72
18	73
18	74
18	90
18	103
18	104
18	105
18	106
18	127
19	0
19	1
19	2
19	3
19	4
19	7
19	8
19	9
19	10
19	11
19	12
19	13
19	14
19	15
19	16
19	18
19	19
19	20
19	21
19	22
19	28
19	29
19	30
19	31
19	32
19	33
19	43
19	44
19	45
19	46
19	47
19	48
19	49
19	50
19	51
19	52
19	53
19	55
19	58
19	59
19	60
19	61
19	62
19	63
19	68
19	69
19	70
19	78
19	90
19	95
19	112
19	124
19	127
20	0
20	1
20	2
20	3
20	4
20	5
20	6
20	7
20	8
20	9
20	10
20	11
20	12
20	13
20	14
20	15
20	16
20	17
20	18
20	19
20	20
20	21
20	22
20	27
20	28
20	29
20	30
20	40
20	41
20	42
20	43
20	44
20	45
20	46
20	47
20	48
20	49
20	50
20	51
20	52
20	53
20	55
20	56
20	57
20	58
20	60
20	61
20	62
20	63
20	75
20	76
20	77
20	78
20	81
20	85
20	86
20	90
20	112
20	113
20	114
20	118
20	123
20	124
20	125
20	126
20	127
21	0
21	1
21	2
21	6
21	7
21	8
21	9
21	10
21	11
21	12
21	13
21	14
21	15
21	18
21	19
21	20
21	22
21	23
21	28
21	34
21	35
21	37
21	38
21	41
21	44
21	47
21	48
21	49
21	50
21	51
21	52
21	53
21	54
21	55
21	57
21	58
21	60
21	61
21	62
21	74
21	75
21	76
21	77
21	85
21	86
21	87
21	88
21	89
21	90
21	91
21	105
21	115
21	116
21	121
21	122
21	123
21	124
21	125
21	126
21	127
22	0
22	1
22	2
22	6
22	7
22	8
22	9
22	10
22	11
22	12
22	14
22	16
22	17
22	19
22	20
22	22
22	23
22	24
22	28
22	29
22	30
22	35
22	36
22	37
22	38
22	39
22	40
22	41
22	42
22	43
22	44
22	45
22	46
22	47
22	48
22	50
22	51
22	52
22	53
22	54
22	57
22	58
22	59
22	60
22	61
22	71
22	74
22	75
22	76
22	85
22	86
22	87
22	88
22	89
22	90
22	116
22	117
22	119
22	120
22	121
22	122
22	123
22	124
22	125
22	127
23	0
23	1
23	2
23	7
23	8
23	9
23	10
23	11
23	12
23	13
23	14
23	15
23	16
23	17
23	19
23	23
23	24
23	27
23	28
23	29
23	30
23	35
23	36
23	37
23	38
23	39
23	40
23	41
23	42
23	43
23	44
23	45
23	46
23	47
23	50
23	51
23	52
23	53
23	54
23	58
23	59
23	61
23	71
23	80
23	81
23	82
23	85
23	86
23	93
23	94
23	95
23	97
23	119
23	120
23	121
23	122
23	123
23	125
24	0
24	1
24	2
24	8
24	9
24	10
24	12
24	13
24	14
24	15
24	16
24	24
24	25
24	26
24	27
24	29
24	31
24	32
24	33
24	34
24	35
24	36
24	37
24	38
24	41
24	42
24	45
24	46
24	47
24	48
24	49
24	50
24	51
24	52
24	54
24	77
24	80
24	81
24	82
24	83
24	84
24	85
24	86
24	88
24	89
24	90
24	91
24	92
24	93
24	94
24	95
24	96
24	97
24	113
24	114
24	116
24	119
24	121
24	122
24	125
24	127
25	0
25	1
25	10
25	11
25	12
25	13
25	14
25	15
25	16
25	24
25	25
25	26
25	27
25	28
25	29
25	30
25	31
25	32
25	33
25	34
25	36
25	37
25	38
25	39
25	40
25	41
25	42
25	43
25	44
25	45
25	47
25	48
25	49
25	50
25	51
25	61
25	77
25	78
25	79
25	80
25	81
25	83
25	84
25	86
25	87
25	89
25	90
25	91
25	92
25	97
25	113
25	114
25	115
25	116
25	117
25	125
25	126
25	127
26	0
26	1
26	2
26	4
26	5
26	6
26	7
26	10
26	11
26	12
26	13
26	14
26	15
26	16
26	17
26	18
26	19
26	25
26	26
26	27
26	28
26	29
26	31
26	32
26	33
26	34
26	35
26	36
26	37
26	38
26	39
26	40
26	41
26	42
26	43
26	44
26	45
26	46
26	47
26	48
26	49
26	50
26	52
26	77
26	78
26	79
26	80
26	81
26	82
26	83
26	84
26	90
26	91
26	92
26	94
26	99
26	113
26	114
26	115
26	124
26	125
26	126
26	127
27	0
27	1
27	2
27	3
27	4
27	5
27	7
27	10
27	11
27	12
27	13
27	14
27	15
27	16
27	17
27	18
27	25
27	26
27	27
27	28
27	29
27	30
27	31
27	32
27	33
27	34
27	38
27	39
27	42
27	43
27	44
27	45
27	46
27	47
27	48
27	49
27	50
27	51
27	64
27	66
27	67
27	77
27	78
27	79
27	80
27	81
27	82
27	83
27	84
27	92
27	93
27	106
27	113
27	114
27	115
27	121
27	122
27	123
27	124
27	125
27	126
27	127
28	1
28	2
28	3
28	4
28	5
28	6
28	7
28	8
28	12
28	15
28	16
28	17
28	18
28	23
28	24
28	25
28	26
28	27
28	28
28	29
28	30
28	31
28	32
28	33
28	34
28	35
28	36
28	43
28	44
28	45
28	47
28	48
28	49
28	50
28	51
28	52
28	53
28	61
28	62
28	63
28	64
28	65
28	66
28	75
28	77
28	78
28	79
28	80
28	81
28	82
28	83
28	84
28	85
28	86
28	91
28	92
28	107
28	113
28	114
28	115
28	121
28	122
28	123
28	124
28	125
28	126
28	127
29	0
29	1
29	2
29	3
29	4
29	5
29	7
29	8
29	11
29	12
29	13
29	14
29	15
29	16
29	17
29	18
29	19
29	20
29	21
29	22
29	23
29	24
29	25
29	26
29	27
29	28
29	29
29	30
29	31
29	32
29	33
29	34
29	35
29	36
29	37
29	38
29	42
29	43
29	46
29	47
29	48
29	49
29	50
29	51
29	52
29	53
29	57
29	62
29	63
29	64
29	66
29	67
29	72
29	75
29	76
29	77
29	78
29	80
29	81
29	82
29	84
29	85
29	86
29	88
29	89
29	95
29	114
29	115
29	116
29	125
29	126
29	127
30	1
30	2
30	3
30	4
30	5
30	11
30	12
30	13
30	14
30	15
30	16
30	18
30	19
30	20
30	21
30	22
30	23
30	28
30	29
30	30
30	31
30	32
30	33
30	34
30	35
30	36
30	37
30	38
30	42
30	43
30	44
30	45
30	46
30	47
30	48
30	49
30	50
30	53
30	54
30	55
30	56
30	63
30	65
30	66
30	67
30	71
30	77
30	78
30	79
30	80
30	81
30	84
30	93
30	94
30	95
30	96
30	114
30	115
30	116
30	126
30	127
31	1
31	2
31	11
31	12
31	15
31	21
31	22
31	23
31	28
31	29
31	30
31	31
31	32
31	33
31	34
31	36
31	37
31	42
31	43
31	44
31	45
31	46
31	47
31	48
31	49
31	54
31	55
31	61
31	62
31	63
31	64
31	65
31	66
31	74
31	75
31	78
31	81
31	93
31	94
31	95
31	96
31	103
31	107
31	108
31	109
31	114
31	126
32	0
32	11
32	15
32	20
32	21
32	29
32	30
32	32
32	33
32	34
32	36
32	37
32	42
32	43
32	47
32	48
32	49
32	62
32	63
32	64
32	65
32	66
32	67
32	68
32	69
32	70
32	77
32	78
32	79
32	90
32	105
32	106
32	107
32	108
32	112
32	113
32	114
32	115
32	126
32	127
33	0
33	23
33	34
33	35
33	36
33	37
33	38
33	42
33	43
33	47
33	48
33	58
33	59
33	62
33	63
33	65
33	66
33	67
33	68
33	69
33	76
33	77
33	78
33	79
33	105
33	106
33	107
33	108
33	109
33	111
33	112
33	114
33	115
33	116
33	117
33	118
33	125
33	126
33	127
34	34
34	35
34	36
34	37
34	38
34	39
34	40
34	41
34	42
34	43
34	44
34	45
34	46
34	47
34	49
34	58
34	59
34	62
34	76
34	78
34	80
34	90
34	91
34	105
34	111
34	113
34	114
34	115
34	117
34	118
34	126
34	127
35	4
35	9
35	27
35	28
35	34
35	35
35	36
35	38
35	39
35	40
35	41
35	42
35	44
35	45
35	46
35	47
35	48
35	58
35	59
35	60
35	61
35	62
35	63
35	65
35	66
35	77
35	78
35	79
35	80
35	85
35	86
35	90
35	91
35	105
35	106
35	110
35	111
35	112
35	113
35	114
35	115
35	116
35	117
35	118
36	20
36	27
36	34
36	35
36	36
36	37
36	38
36	39
36	40
36	41
36	42
36	43
36	44
36	45
36	47
36	48
36	51
36	52
36	55
36	58
36	59
36	60
36	61
36	62
36	76
36	78
36	79
36	91
36	105
36	106
36	112
36	114
36	115
36	116
36	117
36	118
37	19
37	20
37	23
37	25
37	26
37	31
37	36
37	37
37	38
37	39
37	40
37	42
37	43
37	44
37	45
37	47
37	48
37	51
37	52
37	54
37	58
37	59
37	60
37	61
37	75
37	84
37	106
37	111
37	112
37	113
37	114
37	115
37	116
37	117
37	118
37	123
37	124
37	126
37	127
38	0
38	1
38	2
38	18
38	19
38	20
38	21
38	23
38	24
38	25
38	26
38	31
38	36
38	37
38	38
38	39
38	42
38	43
38	44
38	45
38	46
38	47
38	48
38	51
38	52
38	54
38	55
38	59
38	60
38	61
38	75
38	78
38	86
38	87
38	90
38	91
38	93
38	94
38	105
38	106
38	110
38	111
38	112
38	113
38	114
38	116
38	118
38	121
38	123
38	124
38	125
38	126
38	127
39	18
39	19
39	20
39	21
39	23
39	24
39	25
39	31
39	36
39	38
39	39
39	40
39	42
39	43
39	44
39	45
39	46
39	47
39	48
39	49
39	51
39	52
39	55
39	60
39	75
39	76
39	77
39	78
39	79
39	81
39	82
39	86
39	87
39	90
39	91
39	93
39	94
39	95
39	96
39	97
39	104
39	105
39	109
39	110
39	111
39	112
39	113
39	115
39	116
39	117
39	118
39	119
39	120
39	121
39	122
39	123
39	124
39	125
39	126
39	127
40	0
40	1
40	9
40	12
40	18
40	19
40	20
40	21
40	22
40	23
40	24
40	25
40	38
40	39
40	40
40	42
40	43
40	44
40	45
40	46
40	47
40	48
40	51
40	54
40	59
40	60
40	61
40	62
40	76
40	77
40	78
40	79
40	81
40	82
40	86
40	87
40	88
40	89
40	90
40	91
40	92
40	93
40	94
40	95
40	96
40	97
40	102
40	103
40	104
40	105
40	106
40	107
40	109
40	110
40	111
40	112
40	113
40	114
40	115
40	117
40	119
40	120
40	121
40	122
40	123
40	124
40	125
40	126
40	127
41	0
41	1
41	2
41	15
41	17
41	18
41	19
41	20
41	21
41	22
41	23
41	24
41	25
41	38
41	39
41	43
41	45
41	46
41	47
41	48
41	49
41	52
41	54
41	59
41	60
41	61
41	62
41	78
41	79
41	80
41	81
41	85
41	86
41	87
41	88
41	89
41	90
41	91
41	92
41	95
41	96
41	97
41	101
41	102
41	103
41	104
41	105
41	106
41	109
41	111
41	112
41	113
41	114
41	115
41	116
41	117
41	121
41	122
41	123
41	124
41	125
41	126
41	127
42	0
42	5
42	6
42	11
42	15
42	17
42	18
42	19
42	20
42	21
42	22
42	23
42	24
42	25
42	27
42	28
42	31
42	32
42	33
42	37
42	38
42	39
42	40
42	43
42	46
42	47
42	48
42	54
42	58
42	59
42	61
42	62
42	63
42	66
42	76
42	77
42	78
42	79
42	80
42	87
42	88
42	89
42	90
42	94
42	95
42	96
42	101
42	102
42	103
42	104
42	105
42	106
42	109
42	110
42	111
42	112
42	113
42	115
42	116
42	122
42	123
42	124
42	125
42	126
42	127
43	5
43	6
43	9
43	10
43	11
43	12
43	15
43	16
43	17
43	18
43	19
43	20
43	24
43	25
43	26
43	27
43	28
43	31
43	32
43	33
43	34
43	35
43	36
43	37
43	38
43	39
43	40
43	46
43	54
43	60
43	61
43	62
43	63
43	65
43	66
43	74
43	75
43	76
43	77
43	78
43	79
43	80
43	81
43	87
43	95
43	96
43	100
43	101
43	102
43	104
43	105
43	106
43	107
43	108
43	110
43	111
43	112
43	113
43	114
43	115
43	116
43	121
43	125
44	4
44	5
44	6
44	7
44	8
44	9
44	10
44	11
44	12
44	13
44	14
44	16
44	17
44	18
44	19
44	20
44	24
44	25
44	26
44	27
44	28
44	31
44	32
44	33
44	34
44	35
44	38
44	39
44	40
44	65
44	66
44	69
44	73
44	76
44	77
44	78
44	79
44	80
44	81
44	82
44	95
44	96
44	106
44	107
44	108
44	109
44	110
44	111
44	112
44	113
44	114
44	115
44	116
44	117
45	1
45	7
45	8
45	9
45	10
45	11
45	12
45	13
45	15
45	16
45	17
45	18
45	19
45	20
45	22
45	23
45	24
45	25
45	26
45	27
45	28
45	29
45	31
45	32
45	33
45	34
45	35
45	36
45	37
45	38
45	39
45	40
45	41
45	50
45	51
45	52
45	62
45	63
45	64
45	65
45	66
45	67
45	69
45	77
45	78
45	79
45	80
45	81
45	82
45	84
45	85
45	89
45	100
45	101
45	108
45	109
45	110
45	111
45	112
45	114
45	115
45	116
45	117
45	122
46	1
46	7
46	8
46	9
46	10
46	11
46	12
46	13
46	14
46	15
46	16
46	17
46	18
46	19
46	20
46	22
46	23
46	24
46	25
46	26
46	27
46	28
46	29
46	30
46	31
46	32
46	33
46	34
46	35
46	36
46	37
46	38
46	39
46	40
46	41
46	43
46	49
46	50
46	54
46	62
46	63
46	64
46	65
46	66
46	67
46	80
46	81
46	91
46	93
46	94
46	99
46	100
46	101
46	107
46	108
46	109
46	110
46	111
46	112
46	113
46	114
46	115
46	116
47	6
47	7
47	8
47	9
47	10
47	11
47	12
47	13
47	14
47	15
47	18
47	19
47	20
47	21
47	22
47	23
47	24
47	25
47	26
47	27
47	28
47	29
47	30
47	31
47	32
47	33
47	34
47	35
47	36
47	37
47	38
47	39
47	40
47	41
47	47
47	50
47	53
47	54
47	55
47	59
47	60
47	61
47	62
47	63
47	64
47	65
47	66
47	67
47	80
47	81
47	84
47	91
47	92
47	93
47	94
47	95
47	96
47	107
47	108
47	109
47	110
47	111
47	112
47	113
48	5
48	6
48	7
48	8
48	9
48	10
48	12
48	13
48	14
48	15
48	16
48	17
48	18
48	19
48	20
48	21
48	22
48	24
48	25
48	26
48	27
48	28
48	30
48	31
48	32
48	33
48	34
48	35
48	36
48	37
48	38
48	39
48	40
48	41
48	44
48	45
48	49
48	52
48	53
48	54
48	55
48	56
48	57
48	62
48	63
48	64
48	65
48	66
48	67
48	80
48	83
48	84
48	92
48	93
48	103
48	104
48	105
48	108
48	109
48	110
48	111
48	112
48	118
48	124
48	125
49	7
49	8
49	9
49	11
49	12
49	13
49	14
49	15
49	16
49	17
49	18
49	19
49	20
49	23
49	24
49	25
49	26
49	27
49	28
49	29
49	30
49	33
49	34
49	35
49	36
49	37
49	41
49	42
49	45
49	46
49	49
49	50
49	51
49	52
49	53
49	54
49	56
49	57
49	58
49	62
49	71
49	78
49	79
49	83
49	84
49	96
49	103
49	104
49	105
49	106
49	107
49	108
49	109
49	110
49	111
49	112
49	113
49	121
49	125
50	8
50	9
50	10
50	11
50	13
50	14
50	16
50	20
50	22
50	24
50	25
50	26
50	27
50	28
50	29
50	30
50	33
50	34
50	37
50	38
50	41
50	42
50	50
50	51
50	53
50	54
50	55
50	56
50	61
50	62
50	63
50	64
50	67
50	68
50	69
50	70
50	79
50	83
50	84
50	85
50	99
50	100
50	101
50	104
50	105
50	106
50	107
50	108
50	109
50	110
50	111
50	114
50	115
50	116
51	7
51	8
51	9
51	10
51	14
51	15
51	16
51	20
51	21
51	22
51	23
51	24
51	25
51	26
51	27
51	28
51	29
51	30
51	36
51	37
51	38
51	39
51	41
51	45
51	46
51	50
51	51
51	54
51	55
51	56
51	61
51	62
51	63
51	64
51	67
51	68
51	69
51	70
51	71
51	72
51	79
51	81
51	82
51	83
51	93
51	99
51	100
51	101
51	102
51	104
51	105
51	106
51	107
51	108
51	109
51	110
51	111
51	112
51	114
51	115
51	116
51	117
51	123
52	1
52	10
52	12
52	13
52	14
52	15
52	21
52	22
52	23
52	24
52	25
52	26
52	27
52	28
52	29
52	31
52	32
52	33
52	36
52	37
52	38
52	39
52	40
52	41
52	42
52	43
52	45
52	46
52	51
52	52
52	54
52	55
52	56
52	57
52	59
52	60
52	61
52	62
52	63
52	64
52	65
52	68
52	72
52	78
52	79
52	81
52	82
52	91
52	92
52	93
52	98
52	99
52	100
52	101
52	102
52	105
52	106
52	107
52	108
52	110
52	111
52	112
52	113
52	114
52	115
52	116
52	117
53	0
53	1
53	9
53	10
53	14
53	15
53	16
53	18
53	19
53	20
53	21
53	22
53	23
53	24
53	25
53	26
53	27
53	28
53	29
53	31
53	33
53	35
53	36
53	37
53	38
53	39
53	40
53	42
53	43
53	44
53	45
53	46
53	51
53	52
53	56
53	57
53	60
53	61
53	62
53	63
53	64
53	65
53	66
53	67
53	68
53	74
53	83
53	85
53	91
53	92
53	93
53	94
53	98
53	99
53	100
53	101
53	102
53	105
53	106
53	107
53	108
53	111
53	112
53	114
53	115
53	116
53	117
53	118
54	0
54	1
54	10
54	11
54	12
54	13
54	14
54	15
54	16
54	18
54	19
54	20
54	25
54	26
54	27
54	28
54	31
54	32
54	33
54	34
54	35
54	36
54	37
54	38
54	41
54	42
54	43
54	44
54	45
54	49
54	50
54	51
54	52
54	53
54	56
54	57
54	58
54	59
54	60
54	61
54	62
54	63
54	65
54	66
54	67
54	68
54	69
54	74
54	85
54	91
54	92
54	93
54	94
54	95
54	99
54	100
54	101
54	102
54	105
54	106
54	107
54	108
54	109
54	110
54	111
54	112
54	113
54	114
54	115
54	116
54	117
54	118
54	119
54	120
55	0
55	8
55	9
55	10
55	11
55	12
55	13
55	14
55	15
55	16
55	25
55	26
55	27
55	31
55	32
55	33
55	34
55	35
55	36
55	37
55	38
55	41
55	42
55	43
55	44
55	45
55	52
55	53
55	54
55	55
55	56
55	57
55	58
55	59
55	60
55	61
55	62
55	63
55	67
55	68
55	69
55	70
55	87
55	88
55	95
55	101
55	103
55	104
55	106
55	107
55	108
55	109
55	110
55	112
55	114
55	118
55	119
56	10
56	11
56	12
56	13
56	14
56	15
56	16
56	17
56	25
56	26
56	27
56	28
56	29
56	30
56	31
56	32
56	33
56	35
56	36
56	38
56	41
56	42
56	43
56	44
56	51
56	52
56	53
56	54
56	55
56	56
56	57
56	58
56	59
56	60
56	61
56	68
56	69
56	82
56	83
56	87
56	88
56	90
56	98
56	101
56	102
56	103
56	104
56	105
56	106
56	107
56	108
56	109
56	110
56	111
56	112
56	113
56	114
56	119
56	120
56	121
56	122
56	126
56	127
57	10
57	11
57	12
57	13
57	14
57	15
57	16
57	25
57	26
57	27
57	28
57	29
57	30
57	31
57	32
57	33
57	34
57	35
57	36
57	37
57	38
57	39
57	40
57	41
57	42
57	43
57	44
57	47
57	52
57	53
57	54
57	55
57	56
57	57
57	58
57	59
57	60
57	61
57	68
57	101
57	104
57	105
57	106
57	108
57	109
57	110
57	111
57	112
57	113
57	114
57	116
57	119
57	120
57	121
57	122
57	125
57	126
58	11
58	13
58	14
58	15
58	16
58	26
58	27
58	28
58	29
58	30
58	31
58	32
58	33
58	34
58	35
58	37
58	38
58	39
58	40
58	41
58	42
58	43
58	44
58	49
58	50
58	51
58	52
58	53
58	54
58	55
58	56
58	57
58	58
58	59
58	60
58	61
58	62
58	63
58	68
58	77
58	79
58	80
58	95
58	99
58	100
58	101
58	103
58	104
58	105
58	106
58	107
58	108
58	109
58	110
58	111
58	112
58	113
58	114
58	116
58	119
58	120
58	121
58	122
58	123
58	124
58	125
58	126
58	127
59	11
59	12
59	13
59	14
59	15
59	16
59	27
59	28
59	29
59	30
59	31
59	32
59	33
59	34
59	35
59	36
59	37
59	40
59	41
59	42
59	43
59	44
59	46
59	47
59	49
59	50
59	51
59	52
59	57
59	58
59	59
59	60
59	61
59	62
59	63
59	64
59	65
59	96
59	98
59	99
59	100
59	101
59	102
59	103
59	104
59	105
59	106
59	107
59	108
59	109
59	110
59	111
59	112
59	113
59	114
59	115
59	116
59	117
59	118
59	119
59	120
59	121
59	122
59	123
59	124
59	125
59	126
59	127
60	6
60	11
60	12
60	13
60	14
60	15
60	16
60	17
60	19
60	25
60	26
60	27
60	28
60	29
60	30
60	32
60	33
60	34
60	35
60	36
60	37
60	40
60	41
60	42
60	43
60	44
60	45
60	46
60	47
60	48
60	49
60	50
60	51
60	52
60	58
60	59
60	60
60	61
60	62
60	63
60	64
60	65
60	72
60	92
60	93
60	98
60	99
60	100
60	101
60	102
60	103
60	104
60	105
60	106
60	107
60	108
60	109
60	112
60	113
60	114
60	115
60	116
60	117
60	118
60	119
60	120
60	121
60	122
60	123
60	124
60	125
61	6
61	7
61	8
61	10
61	11
61	12
61	13
61	14
61	15
61	16
61	17
61	22
61	26
61	27
61	28
61	29
61	30
61	33
61	34
61	35
61	36
61	37
61	40
61	41
61	42
61	43
61	44
61	45
61	46
61	47
61	48
61	49
61	50
61	52
61	54
61	55
61	56
61	57
61	58
61	59
61	60
61	61
61	62
61	63
61	65
61	66
61	72
61	73
61	84
61	99
61	100
61	101
61	102
61	103
61	104
61	105
61	106
61	107
61	108
61	109
61	110
61	112
61	113
61	114
61	115
61	116
61	117
61	118
61	119
61	120
61	122
61	123
61	124
62	5
62	6
62	11
62	13
62	14
62	22
62	24
62	25
62	26
62	27
62	30
62	31
62	33
62	34
62	35
62	40
62	41
62	42
62	43
62	44
62	45
62	46
62	47
62	48
62	49
62	53
62	54
62	55
62	56
62	57
62	58
62	59
62	60
62	61
62	62
62	63
62	66
62	67
62	75
62	76
62	77
62	84
62	88
62	99
62	100
62	101
62	102
62	103
62	104
62	105
62	106
62	107
62	108
62	109
62	110
62	111
62	112
62	113
62	114
62	115
62	116
62	117
62	118
62	119
62	120
62	121
62	122
62	124
62	125
63	8
63	10
63	11
63	13
63	14
63	23
63	24
63	31
63	32
63	33
63	34
63	35
63	36
63	37
63	40
63	41
63	42
63	43
63	44
63	45
63	46
63	47
63	48
63	49
63	51
63	52
63	53
63	54
63	55
63	56
63	57
63	58
63	59
63	60
63	61
63	62
63	63
63	64
63	65
63	66
63	75
63	76
63	77
63	101
63	102
63	104
63	105
63	106
63	107
63	108
63	109
63	110
63	111
63	112
63	113
63	114
63	115
63	116
63	117
63	118
63	119
63	120
63	121
63	122
63	123
63	124
63	125
63	126
64	7
64	8
64	9
64	11
64	30
64	31
64	32
64	34
64	35
64	36
64	37
64	38
64	41
64	42
64	43
64	44
64	45
64	46
64	47
64	48
64	49
64	51
64	52
64	53
64	54
64	55
64	56
64	57
64	58
64	59
64	60
64	61
64	62
64	64
64	75
64	76
64	77
64	78
64	86
64	87
64	97
64	101
64	102
64	104
64	105
64	106
64	107
64	109
64	110
64	111
64	112
64	113
64	114
64	115
64	116
64	117
64	118
64	119
64	120
64	121
64	122
64	123
64	124
64	125
64	126
64	127
65	4
65	5
65	6
65	7
65	8
65	9
65	10
65	11
65	12
65	13
65	14
65	24
65	25
65	27
65	28
65	31
65	32
65	33
65	34
65	35
65	36
65	37
65	38
65	40
65	41
65	42
65	43
65	44
65	45
65	46
65	47
65	48
65	51
65	52
65	53
65	54
65	55
65	56
65	57
65	58
65	59
65	60
65	61
65	62
65	64
65	65
65	66
65	70
65	75
65	76
65	78
65	85
65	86
65	87
65	88
65	93
65	94
65	101
65	102
65	104
65	105
65	106
65	107
65	108
65	109
65	110
65	111
65	112
65	113
65	114
65	115
65	116
65	117
65	118
65	119
65	121
65	122
65	123
65	124
65	125
65	126
65	127
66	2
66	3
66	4
66	6
66	7
66	10
66	12
66	13
66	15
66	16
66	19
66	24
66	27
66	28
66	29
66	30
66	31
66	32
66	33
66	34
66	35
66	36
66	37
66	38
66	39
66	40
66	41
66	42
66	43
66	45
66	46
66	47
66	48
66	49
66	50
66	51
66	52
66	54
66	55
66	56
66	58
66	59
66	60
66	61
66	62
66	63
66	64
66	71
66	72
66	76
66	77
66	78
66	79
66	83
66	85
66	87
66	88
66	93
66	94
66	96
66	102
66	104
66	105
66	106
66	107
66	108
66	110
66	113
66	114
66	115
66	116
66	117
66	118
66	119
66	123
66	124
67	0
67	1
67	2
67	3
67	4
67	5
67	6
67	11
67	12
67	13
67	16
67	17
67	18
67	19
67	20
67	23
67	24
67	27
67	28
67	29
67	30
67	31
67	32
67	33
67	34
67	35
67	36
67	37
67	38
67	39
67	40
67	42
67	43
67	45
67	46
67	48
67	49
67	50
67	51
67	52
67	53
67	54
67	55
67	56
67	57
67	58
67	59
67	60
67	61
67	62
67	63
67	71
67	75
67	78
67	79
67	81
67	82
67	87
67	88
67	89
67	102
67	104
67	105
67	106
67	107
67	108
67	109
67	112
67	113
67	114
67	115
67	117
67	118
67	119
67	120
67	121
67	124
67	125
67	126
67	127
68	0
68	1
68	2
68	3
68	13
68	14
68	15
68	16
68	17
68	18
68	19
68	20
68	21
68	23
68	24
68	28
68	29
68	30
68	32
68	33
68	36
68	38
68	39
68	40
68	41
68	42
68	43
68	44
68	45
68	46
68	50
68	51
68	52
68	53
68	54
68	55
68	58
68	60
68	61
68	62
68	63
68	64
68	81
68	82
68	87
68	88
68	89
68	100
68	101
68	102
68	103
68	104
68	105
68	106
68	107
68	108
68	109
68	113
68	115
68	117
68	118
68	119
68	120
68	121
68	125
68	126
68	127
69	0
69	1
69	2
69	6
69	7
69	8
69	9
69	10
69	13
69	14
69	15
69	16
69	17
69	18
69	19
69	20
69	21
69	22
69	23
69	27
69	28
69	29
69	33
69	36
69	37
69	38
69	39
69	40
69	41
69	42
69	43
69	44
69	45
69	46
69	49
69	50
69	51
69	52
69	53
69	57
69	61
69	62
69	63
69	64
69	65
69	66
69	69
69	71
69	79
69	81
69	82
69	86
69	87
69	88
69	97
69	99
69	101
69	102
69	103
69	104
69	105
69	106
69	107
69	108
69	111
69	112
69	113
69	114
69	115
69	116
69	118
69	119
69	120
69	121
69	122
69	123
69	124
69	125
69	126
69	127
70	1
70	2
70	3
70	5
70	6
70	7
70	9
70	10
70	11
70	12
70	13
70	16
70	17
70	18
70	19
70	20
70	21
70	22
70	23
70	24
70	28
70	33
70	34
70	35
70	38
70	39
70	40
70	41
70	42
70	43
70	44
70	45
70	46
70	47
70	49
70	52
70	53
70	58
70	60
70	61
70	62
70	63
70	64
70	65
70	66
70	67
70	68
70	69
70	70
70	71
70	78
70	79
70	87
70	88
70	89
70	90
70	101
70	102
70	103
70	104
70	105
70	106
70	108
70	111
70	112
70	113
70	114
70	115
70	118
70	119
70	120
70	121
70	122
70	123
70	124
70	125
70	126
70	127
71	2
71	6
71	7
71	8
71	9
71	10
71	11
71	12
71	13
71	14
71	15
71	16
71	17
71	18
71	19
71	20
71	21
71	22
71	23
71	24
71	25
71	26
71	28
71	33
71	34
71	35
71	38
71	39
71	40
71	41
71	42
71	43
71	44
71	45
71	46
71	49
71	57
71	58
71	59
71	60
71	61
71	62
71	63
71	64
71	65
71	66
71	67
71	68
71	69
71	70
71	71
71	72
71	73
71	74
71	75
71	76
71	77
71	78
71	79
71	80
71	88
71	89
71	90
71	91
71	92
71	103
71	104
71	108
71	111
71	112
71	113
71	114
71	115
71	118
71	119
71	120
71	121
71	122
71	123
71	124
71	125
71	126
71	127
72	0
72	1
72	2
72	6
72	7
72	8
72	9
72	10
72	11
72	12
72	13
72	14
72	15
72	16
72	17
72	18
72	19
72	20
72	21
72	22
72	23
72	24
72	25
72	26
72	27
72	28
72	34
72	35
72	36
72	37
72	38
72	39
72	41
72	42
72	43
72	44
72	45
72	46
72	47
72	49
72	50
72	52
72	53
72	54
72	55
72	56
72	57
72	58
72	59
72	60
72	61
72	62
72	63
72	64
72	65
72	66
72	67
72	68
72	69
72	70
72	71
72	72
72	73
72	74
72	75
72	76
72	77
72	78
72	79
72	80
72	88
72	89
72	90
72	91
72	92
72	93
72	94
72	103
72	109
72	110
72	112
72	121
72	122
72	123
72	124
72	125
72	126
72	127
73	0
73	1
73	2
73	6
73	7
73	8
73	9
73	10
73	11
73	12
73	13
73	14
73	15
73	16
73	17
73	18
73	21
73	22
73	23
73	24
73	25
73	26
73	27
73	28
73	37
73	38
73	40
73	41
73	42
73	43
73	44
73	45
73	46
73	48
73	49
73	50
73	51
73	52
73	53
73	54
73	55
73	56
73	57
73	58
73	59
73	60
73	61
73	62
73	64
73	65
73	66
73	67
73	68
73	69
73	70
73	71
73	72
73	74
73	75
73	76
73	77
73	78
73	79
73	80
73	111
73	112
73	113
73	116
73	121
73	122
73	123
73	124
73	125
73	126
73	127
74	0
74	1
74	2
74	3
74	6
74	7
74	8
74	10
74	12
74	13
74	14
74	15
74	16
74	17
74	18
74	20
74	21
74	22
74	23
74	24
74	25
74	26
74	27
74	31
74	35
74	37
74	38
74	39
74	40
74	41
74	42
74	44
74	45
74	46
74	47
74	48
74	49
74	50
74	51
74	52
74	53
74	54
74	55
74	56
74	57
74	60
74	61
74	62
74	63
74	65
74	66
74	67
74	68
74	69
74	70
74	71
74	72
74	73
74	74
74	75
74	77
74	78
74	79
74	81
74	82
74	84
74	86
74	94
74	95
74	113
74	116
74	123
74	124
74	125
74	126
74	127
75	0
75	1
75	2
75	3
75	8
75	9
75	10
75	11
75	12
75	13
75	14
75	15
75	16
75	17
75	18
75	19
75	20
75	22
75	23
75	24
75	31
75	36
75	37
75	38
75	39
75	40
75	41
75	42
75	43
75	44
75	45
75	46
75	47
75	48
75	49
75	50
75	54
75	55
75	56
75	57
75	58
75	60
75	61
75	62
75	63
75	64
75	65
75	66
75	67
75	69
75	70
75	71
75	72
75	73
75	77
75	78
75	79
75	81
75	82
75	92
75	93
75	94
75	95
75	97
75	116
75	122
75	123
75	124
75	125
75	126
75	127
76	0
76	3
76	8
76	9
76	10
76	11
76	12
76	13
76	15
76	16
76	17
76	18
76	19
76	20
76	22
76	23
76	24
76	26
76	36
76	37
76	39
76	40
76	41
76	42
76	43
76	44
76	45
76	46
76	47
76	48
76	49
76	50
76	51
76	52
76	53
76	54
76	55
76	56
76	57
76	63
76	64
76	65
76	69
76	70
76	71
76	74
76	75
76	78
76	79
76	81
76	84
76	87
76	88
76	115
76	121
76	122
76	123
76	124
76	125
76	126
76	127
77	0
77	10
77	11
77	12
77	13
77	14
77	15
77	16
77	17
77	18
77	19
77	20
77	34
77	35
77	36
77	37
77	38
77	39
77	40
77	41
77	42
77	43
77	44
77	45
77	46
77	47
77	48
77	49
77	50
77	51
77	52
77	53
77	54
77	55
77	56
77	63
77	64
77	66
77	67
77	68
77	69
77	70
77	71
77	72
77	79
77	80
77	81
77	84
77	86
77	87
77	88
77	89
77	90
77	117
77	118
77	123
77	124
77	125
77	127
78	0
78	4
78	11
78	12
78	14
78	15
78	16
78	19
78	20
78	21
78	22
78	24
78	25
78	26
78	27
78	34
78	35
78	37
78	38
78	39
78	40
78	41
78	42
78	43
78	44
78	45
78	46
78	47
78	48
78	49
78	50
78	51
78	52
78	53
78	54
78	55
78	56
78	63
78	64
78	65
78	66
78	67
78	68
78	69
78	70
78	78
78	79
78	80
78	81
78	86
78	87
78	88
78	89
78	91
78	102
78	114
78	115
78	116
78	117
78	118
78	123
78	124
78	125
78	126
78	127
79	3
79	4
79	5
79	6
79	7
79	8
79	9
79	10
79	11
79	12
79	13
79	14
79	15
79	19
79	20
79	21
79	24
79	25
79	26
79	27
79	31
79	35
79	38
79	39
79	40
79	41
79	42
79	43
79	44
79	45
79	46
79	51
79	52
79	53
79	54
79	55
79	56
79	65
79	66
79	67
79	68
79	69
79	70
79	78
79	79
79	80
79	81
79	83
79	84
79	88
79	113
79	114
79	115
79	117
79	118
79	124
79	125
79	126
79	127
80	0
80	1
80	2
80	3
80	4
80	5
80	6
80	7
80	8
80	9
80	12
80	13
80	14
80	15
80	16
80	19
80	20
80	21
80	22
80	23
80	24
80	25
80	26
80	27
80	30
80	31
80	32
80	34
80	35
80	36
80	37
80	38
80	39
80	41
80	42
80	43
80	44
80	45
80	46
80	47
80	51
80	52
80	53
80	54
80	55
80	64
80	65
80	66
80	67
80	68
80	69
80	70
80	78
80	79
80	80
80	81
80	82
80	83
80	84
80	98
80	117
80	124
80	125
80	126
80	127
81	0
81	1
81	2
81	3
81	4
81	5
81	6
81	7
81	8
81	9
81	10
81	11
81	12
81	13
81	14
81	15
81	19
81	20
81	21
81	23
81	24
81	25
81	27
81	28
81	29
81	30
81	31
81	32
81	34
81	35
81	36
81	37
81	40
81	41
81	42
81	43
81	44
81	45
81	46
81	47
81	53
81	54
81	55
81	57
81	63
81	64
81	65
81	66
81	67
81	68
81	69
81	70
81	72
81	78
81	79
81	80
81	81
81	82
81	83
81	117
81	125
81	126
81	127
82	4
82	5
82	6
82	8
82	9
82	10
82	11
82	12
82	13
82	20
82	21
82	22
82	23
82	24
82	25
82	26
82	27
82	28
82	29
82	30
82	31
82	32
82	33
82	34
82	35
82	36
82	37
82	40
82	41
82	42
82	43
82	44
82	45
82	46
82	47
82	49
82	52
82	54
82	55
82	56
82	58
82	61
82	62
82	63
82	64
82	65
82	66
82	67
82	68
82	69
82	70
82	71
82	72
82	73
82	74
82	81
82	82
82	88
82	89
82	96
82	126
82	127
83	0
83	3
83	4
83	5
83	6
83	8
83	9
83	10
83	11
83	12
83	19
83	20
83	21
83	22
83	23
83	24
83	26
83	27
83	28
83	29
83	30
83	31
83	32
83	33
83	34
83	35
83	40
83	41
83	42
83	43
83	44
83	45
83	46
83	55
83	63
83	64
83	65
83	66
83	67
83	69
83	70
83	71
83	72
83	73
83	74
83	88
83	89
83	99
83	100
83	126
83	127
84	0
84	1
84	2
84	3
84	4
84	5
84	6
84	7
84	8
84	9
84	10
84	11
84	12
84	18
84	19
84	20
84	21
84	22
84	23
84	26
84	27
84	29
84	30
84	31
84	32
84	34
84	43
84	44
84	45
84	46
84	47
84	49
84	50
84	51
84	52
84	53
84	54
84	55
84	60
84	61
84	63
84	66
84	67
84	68
84	69
84	70
84	71
84	72
84	73
84	74
84	79
84	80
84	81
84	82
84	83
84	87
84	88
84	89
84	90
84	91
84	92
84	99
84	103
84	125
84	126
84	127
85	0
85	1
85	2
85	3
85	4
85	6
85	7
85	8
85	9
85	10
85	11
85	15
85	18
85	19
85	20
85	21
85	22
85	23
85	26
85	27
85	28
85	29
85	30
85	31
85	32
85	33
85	34
85	35
85	39
85	43
85	44
85	45
85	46
85	47
85	50
85	51
85	53
85	57
85	58
85	60
85	61
85	62
85	65
85	66
85	67
85	68
85	69
85	70
85	71
85	73
85	74
85	79
85	80
85	81
85	82
85	83
85	84
85	86
85	87
85	88
85	89
85	90
85	91
85	92
85	107
85	125
85	126
86	0
86	1
86	2
86	3
86	4
86	5
86	6
86	7
86	8
86	9
86	10
86	11
86	16
86	18
86	19
86	20
86	21
86	22
86	23
86	24
86	25
86	26
86	28
86	30
86	31
86	32
86	33
86	34
86	35
86	41
86	43
86	45
86	46
86	57
86	58
86	59
86	60
86	61
86	62
86	66
86	67
86	68
86	69
86	70
86	71
86	74
86	79
86	80
86	81
86	82
86	83
86	84
86	85
86	86
86	87
86	88
86	89
86	90
86	91
86	92
86	93
86	94
86	99
86	102
86	125
86	126
86	127
87	0
87	1
87	2
87	3
87	4
87	5
87	6
87	7
87	8
87	9
87	10
87	11
87	12
87	13
87	14
87	15
87	16
87	17
87	18
87	19
87	20
87	21
87	22
87	23
87	24
87	25
87	26
87	28
87	30
87	31
87	32
87	33
87	34
87	35
87	41
87	42
87	43
87	44
87	45
87	46
87	55
87	56
87	57
87	58
87	59
87	60
87	61
87	62
87	63
87	64
87	69
87	76
87	77
87	79
87	80
87	81
87	82
87	83
87	84
87	85
87	86
87	87
87	88
87	89
87	90
87	91
87	92
87	93
87	94
87	112
87	114
87	123
87	127
88	0
88	1
88	2
88	6
88	7
88	8
88	9
88	10
88	11
88	12
88	13
88	14
88	15
88	16
88	17
88	18
88	19
88	20
88	21
88	22
88	23
88	24
88	25
88	29
88	30
88	31
88	32
88	33
88	34
88	35
88	40
88	41
88	42
88	43
88	44
88	45
88	46
88	62
88	63
88	69
88	77
88	78
88	79
88	80
88	81
88	83
88	84
88	87
88	90
88	91
88	92
88	93
88	94
88	112
88	113
88	114
88	122
88	124
88	125
88	126
88	127
89	0
89	1
89	6
89	8
89	9
89	10
89	12
89	13
89	14
89	15
89	18
89	19
89	20
89	21
89	22
89	28
89	29
89	30
89	31
89	32
89	33
89	35
89	40
89	41
89	43
89	44
89	45
89	46
89	54
89	62
89	70
89	71
89	76
89	77
89	78
89	80
89	81
89	82
89	83
89	84
89	85
89	86
89	87
89	88
89	89
89	90
89	91
89	92
89	93
89	94
89	105
89	109
89	110
89	113
89	114
89	122
89	124
89	125
89	126
89	127
90	0
90	1
90	6
90	7
90	8
90	9
90	10
90	11
90	12
90	13
90	14
90	15
90	17
90	18
90	19
90	28
90	29
90	30
90	31
90	32
90	33
90	34
90	35
90	36
90	40
90	41
90	42
90	43
90	44
90	45
90	60
90	61
90	62
90	63
90	64
90	65
90	72
90	74
90	75
90	76
90	77
90	78
90	79
90	80
90	81
90	82
90	83
90	84
90	85
90	86
90	87
90	88
90	89
90	90
90	91
90	92
90	108
90	109
90	110
90	112
90	113
90	114
90	115
90	116
90	117
90	118
90	120
90	121
90	122
90	124
90	125
90	126
90	127
91	0
91	5
91	6
91	7
91	8
91	10
91	11
91	12
91	13
91	14
91	15
91	16
91	17
91	18
91	19
91	28
91	29
91	30
91	31
91	32
91	33
91	34
91	35
91	36
91	40
91	41
91	42
91	43
91	48
91	55
91	61
91	62
91	63
91	64
91	65
91	66
91	67
91	68
91	69
91	73
91	74
91	75
91	76
91	77
91	78
91	79
91	80
91	81
91	82
91	83
91	84
91	85
91	87
91	88
91	89
91	90
91	91
91	107
91	108
91	109
91	110
91	111
91	116
91	117
91	118
91	119
91	120
91	121
91	122
91	123
91	124
91	125
91	126
91	127
92	7
92	8
92	9
92	10
92	11
92	12
92	13
92	16
92	17
92	18
92	19
92	23
92	30
92	31
92	32
92	33
92	34
92	35
92	36
92	41
92	42
92	43
92	48
92	54
92	55
92	61
92	62
92	63
92	64
92	69
92	71
92	75
92	78
92	79
92	80
92	81
92	82
92	83
92	86
92	87
92	88
92	89
92	90
92	91
92	98
92	104
92	107
92	108
92	109
92	110
92	111
92	115
92	116
92	117
92	118
92	120
92	121
92	122
92	123
92	124
92	125
92	126
92	127
93	7
93	8
93	11
93	12
93	16
93	17
93	18
93	21
93	23
93	30
93	31
93	34
93	35
93	36
93	46
93	55
93	63
93	64
93	69
93	78
93	79
93	80
93	81
93	83
93	88
93	89
93	90
93	91
93	95
93	103
93	105
93	106
93	109
93	110
93	115
93	116
93	122
93	125
93	126
94	0
94	6
94	7
94	8
94	11
94	21
94	22
94	24
94	25
94	26
94	27
94	34
94	46
94	47
94	63
94	69
94	70
94	75
94	76
94	79
94	80
94	87
94	88
94	89
94	90
94	91
94	92
94	95
94	98
94	101
94	102
94	103
94	104
94	105
94	110
94	113
94	116
94	118
94	124
94	125
94	126
94	127
95	6
95	7
95	8
95	9
95	13
95	21
95	27
95	43
95	45
95	46
95	47
95	54
95	55
95	63
95	69
95	70
95	75
95	76
95	77
95	78
95	79
95	80
95	87
95	95
95	96
95	97
95	98
95	99
95	101
95	102
95	103
95	104
95	105
95	107
95	112
95	113
95	114
95	116
95	117
95	120
95	127
96	5
96	6
96	12
96	13
96	21
96	23
96	24
96	42
96	43
96	44
96	45
96	69
96	70
96	74
96	75
96	76
96	77
96	78
96	80
96	94
96	95
96	96
96	97
96	98
96	99
96	100
96	101
96	102
96	103
96	104
96	105
96	106
96	107
96	108
96	109
96	112
96	113
96	114
96	116
96	120
96	121
96	122
96	127
97	4
97	5
97	17
97	22
97	23
97	24
97	25
97	26
97	27
97	39
97	43
97	44
97	45
97	49
97	50
97	54
97	55
97	56
97	66
97	67
97	68
97	69
97	70
97	76
97	85
97	95
97	96
97	97
97	98
97	99
97	100
97	101
97	102
97	103
97	104
97	105
97	106
97	108
97	109
97	110
97	112
97	113
97	114
97	115
97	116
98	3
98	4
98	5
98	20
98	21
98	22
98	23
98	24
98	25
98	26
98	27
98	32
98	33
98	37
98	38
98	39
98	40
98	41
98	44
98	45
98	46
98	47
98	55
98	56
98	57
98	66
98	70
98	76
98	85
98	95
98	97
98	98
98	99
98	100
98	101
98	102
98	103
98	104
98	105
98	106
98	107
98	108
98	109
98	110
98	116
99	1
99	3
99	4
99	5
99	14
99	15
99	20
99	21
99	24
99	25
99	26
99	27
99	28
99	29
99	30
99	32
99	37
99	38
99	39
99	40
99	41
99	44
99	45
99	46
99	47
99	55
99	56
99	57
99	63
99	64
99	67
99	68
99	69
99	70
99	71
99	72
99	76
99	79
99	80
99	98
99	99
99	100
99	103
99	104
99	105
99	106
99	107
99	108
99	109
99	124
100	0
100	1
100	7
100	8
100	9
100	10
100	14
100	15
100	18
100	20
100	23
100	24
100	25
100	26
100	27
100	28
100	29
100	30
100	32
100	37
100	38
100	39
100	40
100	41
100	44
100	45
100	46
100	47
100	51
100	54
100	55
100	56
100	63
100	64
100	65
100	66
100	67
100	68
100	69
100	70
100	71
100	72
100	73
100	81
100	91
100	100
100	101
100	102
100	103
100	104
100	107
100	108
100	109
100	124
101	0
101	1
101	4
101	5
101	7
101	8
101	9
101	10
101	11
101	12
101	13
101	14
101	15
101	16
101	17
101	18
101	19
101	20
101	21
101	22
101	23
101	24
101	25
101	26
101	27
101	28
101	29
101	30
101	33
101	34
101	38
101	39
101	40
101	41
101	42
101	44
101	45
101	46
101	47
101	48
101	49
101	54
101	56
101	63
101	64
101	65
101	66
101	67
101	69
101	70
101	71
101	72
101	100
101	101
101	102
101	103
101	104
101	107
101	108
101	109
101	124
101	125
101	126
101	127
102	0
102	1
102	2
102	4
102	5
102	6
102	7
102	8
102	9
102	10
102	11
102	12
102	13
102	14
102	15
102	16
102	17
102	20
102	21
102	22
102	23
102	24
102	25
102	26
102	27
102	29
102	30
102	33
102	37
102	38
102	39
102	40
102	41
102	42
102	44
102	45
102	48
102	49
102	51
102	57
102	63
102	64
102	65
102	66
102	69
102	71
102	72
102	73
102	77
102	78
102	79
102	93
102	99
102	100
102	101
102	102
102	103
102	104
102	105
102	106
102	107
102	108
102	109
102	110
102	122
102	123
102	124
102	125
103	0
103	1
103	2
103	3
103	4
103	5
103	6
103	7
103	8
103	9
103	10
103	11
103	12
103	13
103	14
103	15
103	16
103	17
103	18
103	19
103	20
103	21
103	22
103	23
103	24
103	27
103	38
103	39
103	40
103	41
103	42
103	48
103	49
103	50
103	51
103	52
103	53
103	56
103	57
103	61
103	62
103	71
103	72
103	73
103	74
103	77
103	79
103	80
103	81
103	85
103	86
103	87
103	88
103	89
103	96
103	97
103	99
103	100
103	101
103	102
103	103
103	104
103	105
103	106
103	107
103	108
103	109
103	110
103	112
103	113
103	114
103	117
103	118
103	123
103	124
103	125
103	126
104	0
104	1
104	2
104	3
104	4
104	5
104	6
104	7
104	8
104	9
104	10
104	11
104	12
104	13
104	14
104	15
104	16
104	17
104	18
104	19
104	20
104	21
104	22
104	23
104	24
104	32
104	33
104	36
104	37
104	40
104	42
104	47
104	48
104	49
104	51
104	52
104	53
104	55
104	56
104	57
104	59
104	60
104	61
104	67
104	68
104	69
104	70
104	71
104	72
104	73
104	78
104	79
104	80
104	81
104	82
104	85
104	86
104	87
104	88
104	99
104	100
104	102
104	103
104	104
104	105
104	107
104	108
104	109
104	110
104	111
104	112
104	120
104	121
104	122
104	123
104	124
104	125
104	126
104	127
105	0
105	1
105	2
105	3
105	4
105	5
105	6
105	7
105	8
105	9
105	10
105	11
105	12
105	13
105	14
105	15
105	16
105	19
105	20
105	23
105	24
105	27
105	28
105	32
105	33
105	36
105	37
105	40
105	41
105	47
105	48
105	49
105	50
105	52
105	53
105	54
105	55
105	56
105	57
105	58
105	59
105	60
105	61
105	62
105	67
105	68
105	69
105	70
105	71
105	72
105	73
105	79
105	80
105	81
105	82
105	85
105	86
105	87
105	99
105	102
105	103
105	104
105	105
105	106
105	107
105	108
105	109
105	110
105	111
105	112
105	113
105	117
105	121
105	122
105	123
105	124
105	125
105	126
105	127
106	0
106	1
106	2
106	3
106	4
106	5
106	6
106	7
106	8
106	9
106	10
106	11
106	12
106	13
106	14
106	15
106	16
106	18
106	19
106	20
106	23
106	24
106	25
106	29
106	32
106	33
106	37
106	38
106	40
106	41
106	53
106	54
106	55
106	56
106	64
106	67
106	68
106	69
106	70
106	71
106	72
106	73
106	79
106	80
106	81
106	82
106	83
106	84
106	85
106	86
106	89
106	99
106	100
106	101
106	108
106	109
106	110
106	111
106	112
106	113
106	114
106	115
106	121
106	122
106	123
106	124
106	125
106	126
106	127
107	0
107	2
107	3
107	4
107	5
107	6
107	7
107	8
107	9
107	10
107	11
107	12
107	13
107	14
107	18
107	19
107	20
107	21
107	23
107	24
107	25
107	29
107	33
107	41
107	54
107	55
107	56
107	66
107	67
107	69
107	70
107	71
107	72
107	73
107	74
107	75
107	76
107	77
107	78
107	79
107	80
107	81
107	84
107	86
107	87
107	88
107	89
107	90
107	92
107	101
107	102
107	104
107	105
107	108
107	109
107	112
107	113
107	114
107	115
107	122
107	123
107	124
107	125
107	126
107	127
108	0
108	3
108	6
108	8
108	9
108	10
108	11
108	12
108	13
108	14
108	15
108	19
108	20
108	21
108	23
108	24
108	25
108	26
108	27
108	40
108	41
108	54
108	55
108	56
108	57
108	62
108	63
108	64
108	65
108	66
108	67
108	68
108	69
108	70
108	71
108	72
108	74
108	75
108	76
108	77
108	78
108	79
108	80
108	81
108	82
108	85
108	86
108	87
108	88
108	89
108	90
108	102
108	108
108	109
108	111
108	112
108	113
108	114
108	115
108	116
108	119
108	122
108	123
108	124
108	125
108	126
108	127
109	0
109	1
109	8
109	9
109	10
109	11
109	13
109	14
109	15
109	16
109	17
109	18
109	19
109	20
109	21
109	22
109	23
109	25
109	26
109	27
109	36
109	39
109	41
109	42
109	47
109	48
109	49
109	54
109	55
109	58
109	63
109	64
109	65
109	66
109	67
109	68
109	69
109	70
109	72
109	73
109	74
109	75
109	77
109	78
109	79
109	80
109	81
109	85
109	86
109	87
109	88
109	89
109	90
109	103
109	108
109	109
109	110
109	111
109	112
109	113
109	114
109	115
109	116
109	117
109	122
109	123
109	124
109	125
109	126
109	127
110	1
110	2
110	4
110	5
110	7
110	8
110	9
110	10
110	12
110	13
110	14
110	15
110	16
110	17
110	18
110	19
110	20
110	27
110	37
110	38
110	39
110	56
110	61
110	62
110	65
110	66
110	67
110	68
110	69
110	71
110	72
110	73
110	74
110	75
110	76
110	77
110	78
110	79
110	80
110	83
110	84
110	85
110	86
110	87
110	88
110	89
110	90
110	108
110	109
110	110
110	111
110	112
110	113
110	114
110	115
110	116
110	117
110	118
110	122
110	123
110	124
110	125
110	126
110	127
111	1
111	2
111	4
111	5
111	8
111	9
111	10
111	11
111	12
111	13
111	14
111	15
111	16
111	17
111	18
111	19
111	20
111	26
111	27
111	37
111	65
111	66
111	67
111	68
111	69
111	71
111	72
111	73
111	74
111	75
111	76
111	77
111	78
111	79
111	80
111	81
111	82
111	83
111	84
111	85
111	86
111	87
111	88
111	89
111	90
111	91
111	106
111	107
111	108
111	109
111	110
111	111
111	112
111	113
111	114
111	115
111	116
111	117
111	122
111	123
111	124
111	125
112	0
112	1
112	2
112	4
112	5
112	6
112	7
112	8
112	9
112	10
112	11
112	14
112	22
112	28
112	33
112	36
112	38
112	62
112	63
112	64
112	65
112	66
112	67
112	68
112	72
112	74
112	75
112	76
112	77
112	79
112	82
112	83
112	85
112	88
112	89
112	90
112	91
112	102
112	105
112	106
112	107
112	108
112	109
112	110
112	111
112	112
112	113
112	114
112	115
112	116
112	117
112	123
112	126
112	127
113	0
113	1
113	2
113	3
113	4
113	5
113	6
113	7
113	8
113	9
113	10
113	18
113	19
113	22
113	23
113	25
113	26
113	27
113	28
113	32
113	62
113	63
113	64
113	65
113	66
113	67
113	68
113	75
113	76
113	77
113	78
113	79
113	82
113	83
113	84
113	85
113	86
113	88
113	90
113	91
113	102
113	103
113	108
113	109
113	110
113	111
113	112
113	113
113	114
113	115
113	116
113	117
113	123
113	126
113	127
114	0
114	3
114	4
114	5
114	6
114	7
114	8
114	9
114	10
114	22
114	23
114	24
114	26
114	27
114	28
114	29
114	31
114	32
114	47
114	63
114	64
114	66
114	67
114	68
114	75
114	78
114	80
114	81
114	82
114	83
114	84
114	85
114	86
114	87
114	90
114	95
114	102
114	103
114	108
114	109
114	110
114	111
114	112
114	113
114	114
114	115
114	116
114	117
114	118
114	119
114	123
114	124
114	125
114	126
114	127
115	0
115	1
115	2
115	3
115	4
115	5
115	6
115	7
115	8
115	9
115	10
115	23
115	24
115	25
115	26
115	27
115	28
115	29
115	30
115	31
115	32
115	47
115	53
115	63
115	64
115	65
115	66
115	67
115	68
115	80
115	81
115	82
115	83
115	84
115	85
115	86
115	87
115	100
115	101
115	102
115	108
115	109
115	110
115	111
115	114
115	115
115	116
115	117
115	118
115	119
115	120
115	121
115	122
115	123
115	124
115	125
115	126
115	127
116	0
116	1
116	2
116	3
116	4
116	5
116	6
116	7
116	8
116	9
116	10
116	11
116	12
116	21
116	22
116	23
116	24
116	26
116	43
116	53
116	57
116	64
116	65
116	79
116	80
116	81
116	82
116	83
116	84
116	86
116	87
116	89
116	92
116	93
116	99
116	100
116	101
116	102
116	103
116	104
116	105
116	109
116	114
116	115
116	116
116	118
116	119
116	120
116	121
116	122
116	123
116	124
116	126
116	127
117	0
117	1
117	2
117	3
117	4
117	5
117	6
117	7
117	8
117	9
117	10
117	11
117	12
117	13
117	43
117	44
117	50
117	51
117	52
117	53
117	57
117	58
117	59
117	60
117	61
117	62
117	64
117	65
117	78
117	79
117	81
117	82
117	83
117	84
117	86
117	87
117	88
117	89
117	90
117	91
117	92
117	93
117	94
117	99
117	100
117	101
117	102
117	103
117	104
117	105
117	106
117	107
117	108
117	109
117	110
117	111
117	112
117	113
117	114
117	115
117	116
117	117
117	118
117	119
117	120
117	121
117	122
117	123
117	124
117	125
117	126
117	127
118	0
118	1
118	2
118	3
118	4
118	5
118	6
118	7
118	8
118	9
118	10
118	11
118	12
118	13
118	22
118	27
118	28
118	43
118	44
118	50
118	51
118	52
118	57
118	58
118	59
118	60
118	61
118	62
118	64
118	72
118	73
118	74
118	77
118	78
118	79
118	80
118	81
118	82
118	83
118	84
118	86
118	87
118	88
118	89
118	90
118	91
118	92
118	93
118	94
118	95
118	96
118	99
118	100
118	101
118	102
118	103
118	104
118	105
118	106
118	107
118	108
118	109
118	111
118	112
118	113
118	114
118	115
118	116
118	117
118	118
118	119
118	120
118	121
118	122
118	123
118	124
118	125
118	126
118	127
119	0
119	3
119	4
119	5
119	6
119	7
119	8
119	9
119	10
119	11
119	12
119	27
119	31
119	36
119	37
119	43
119	44
119	45
119	46
119	47
119	49
119	54
119	55
119	56
119	59
119	60
119	61
119	62
119	72
119	73
119	75
119	76
119	77
119	79
119	80
119	81
119	82
119	83
119	86
119	87
119	88
119	89
119	90
119	92
119	93
119	94
119	95
119	96
119	102
119	105
119	106
119	107
119	109
119	111
119	113
119	114
119	115
119	116
119	119
119	121
119	122
119	123
119	124
119	125
119	126
119	127
120	0
120	1
120	2
120	3
120	4
120	5
120	8
120	9
120	10
120	11
120	12
120	13
120	14
120	15
120	22
120	23
120	26
120	27
120	36
120	37
120	43
120	44
120	45
120	46
120	47
120	54
120	55
120	59
120	62
120	63
120	65
120	71
120	72
120	73
120	74
120	75
120	76
120	77
120	79
120	80
120	81
120	82
120	83
120	87
120	88
120	92
120	93
120	94
120	99
120	103
120	104
120	105
120	106
120	107
120	109
120	110
120	111
120	113
120	114
120	115
120	116
120	117
120	119
120	120
120	121
120	122
120	123
120	124
120	126
120	127
121	0
121	1
121	2
121	3
121	4
121	5
121	8
121	9
121	12
121	13
121	14
121	34
121	35
121	36
121	37
121	38
121	42
121	43
121	44
121	45
121	46
121	59
121	60
121	61
121	62
121	63
121	68
121	69
121	70
121	71
121	73
121	74
121	75
121	76
121	77
121	87
121	88
121	92
121	93
121	99
121	100
121	101
121	102
121	103
121	105
121	106
121	107
121	108
121	109
121	110
121	111
121	112
121	115
121	116
121	118
121	119
121	120
121	121
121	122
121	123
121	124
121	126
121	127
122	0
122	1
122	2
122	3
122	8
122	9
122	10
122	12
122	13
122	14
122	36
122	37
122	41
122	42
122	43
122	44
122	45
122	46
122	59
122	62
122	64
122	68
122	69
122	73
122	76
122	77
122	82
122	83
122	87
122	89
122	90
122	91
122	92
122	93
122	94
122	98
122	99
122	100
122	101
122	102
122	103
122	104
122	105
122	106
122	107
122	108
122	112
122	114
122	115
122	116
122	117
122	118
122	119
122	120
122	121
122	122
122	126
122	127
123	0
123	1
123	2
123	5
123	7
123	8
123	9
123	10
123	12
123	13
123	25
123	26
123	27
123	28
123	29
123	32
123	36
123	37
123	38
123	39
123	40
123	41
123	42
123	45
123	46
123	47
123	56
123	58
123	74
123	75
123	77
123	78
123	79
123	82
123	83
123	90
123	91
123	92
123	97
123	98
123	99
123	100
123	101
123	102
123	103
123	104
123	105
123	106
123	107
123	108
123	109
123	110
123	112
123	113
123	114
123	115
123	116
123	117
123	119
123	121
123	122
123	123
123	124
124	0
124	2
124	25
124	27
124	28
124	29
124	30
124	31
124	36
124	37
124	38
124	39
124	41
124	42
124	43
124	45
124	47
124	48
124	54
124	55
124	56
124	72
124	75
124	77
124	78
124	79
124	80
124	81
124	82
124	83
124	88
124	89
124	90
124	91
124	99
124	100
124	101
124	102
124	103
124	104
124	105
124	106
124	107
124	108
124	109
124	111
124	112
124	113
124	114
124	115
124	116
124	117
124	119
124	120
124	121
124	122
124	125
124	126
125	0
125	15
125	26
125	27
125	28
125	29
125	31
125	38
125	39
125	42
125	43
125	44
125	45
125	46
125	47
125	48
125	59
125	69
125	70
125	72
125	77
125	78
125	79
125	80
125	82
125	93
125	94
125	95
125	100
125	101
125	102
125	103
125	104
125	105
125	106
125	107
125	108
125	109
125	110
125	111
125	112
125	113
125	114
125	115
125	116
125	117
125	118
125	119
125	120
125	121
125	125
125	126
125	127
126	0
126	1
126	2
126	15
126	16
126	25
126	28
126	29
126	30
126	31
126	32
126	38
126	39
126	41
126	42
126	43
126	44
126	45
126	62
126	68
126	69
126	70
126	78
126	80
126	81
126	82
126	93
126	94
126	95
126	100
126	101
126	104
126	105
126	106
126	108
126	109
126	114
126	115
126	116
126	117
126	118
126	119
126	120
126	127
127	16
127	27
127	28
127	30
127	31
127	39
127	44
127	45
127	55
127	56
127	62
127	63
127	64
127	67
127	68
127	69
127	73
127	81
127	82
127	83
127	84
127	87
127	93
127	94
127	95
127	97
127	98
127	99
127	100
127	101
127	106
127	107
127	108
127	109
127	115
127	116
127	117
127	126
